Frequency - Phase	Phase - Phase
999.915	120.722
1020.4	151.874
1040.27	151.872
1059.43	29.4498
1079.57	29.386
1100.64	152.008
1119.73	29.2614
1139.85	29.1914
1160.37	-207.716
1180.07	29.1504
1200.1	-207.499
1220.25	-207.365
1240.02	29.1212
1260.27	-207.02
1280.06	29.0075
1299.87	29.1063
1320.18	-206.763
1339.91	30.1358
1359.98	29.9832
1380.08	152.594
1400.03	30.0579
1420.09	30.0355
1440.1	30.0248
1459.87	152.671
1480.1	30.1674
1499.99	152.616
1519.94	30.1769
1540.07	30.1929
1559.95	30.3596
1580.11	152.713
1600.05	30.2634
1619.96	30.2563
1640.13	152.767
1659.97	30.4288
1679.95	30.3078
1700.12	30.2978
1720	30.4744
1740.15	30.3284
1760.07	152.837
1780.02	30.4476
1800.11	30.3908
1820.03	-207.005
1839.98	30.6011
1860.09	30.4794
1879.96	30.5085
1900.07	-206.898
1920.08	30.6858
1939.93	-206.909
1960.17	30.6238
1979.91	30.6677
1999.96	30.6479
2019.99	30.7742
2040.02	30.6721
2060.09	153.265
2080	153.317
2099.96	30.7417
2120.09	30.8438
2140.04	30.8889
2159.93	30.8208
2180.04	153.488
2199.99	30.8268
2220.07	30.9584
2240.03	31.0026
2259.96	153.444
2280.08	31.0146
2300.01	31.0115
2319.94	31.0966
2340.05	153.493
2359.96	31.1016
2380.15	153.672
2400.07	153.449
2419.92	31.0312
2440.06	31.0701
2459.95	-206.38
2479.94	31.1592
2500.06	31.17
2520.04	31.2198
2540.17	31.2883
2560.1	-206.361
2580	31.1553
2600.1	31.1831
2620.02	-206.231
2639.93	31.2496
2660.09	31.3721
2680.04	31.3545
2700.08	153.793
2720.05	31.3835
2739.99	31.459
2760.11	31.5251
2779.98	31.5395
2799.96	153.911
2820.03	154.068
2840.01	31.4147
2860.12	31.6372
2880.04	31.5993
2900	31.5839
2920.02	153.994
2940.02	31.7073
2959.92	31.7063
2980.07	31.727
2999.97	31.704
3020.12	154.174
3040.05	154.082
3060.02	31.7167
3080.11	31.8082
3100.04	31.7783
3119.91	31.8647
3140.04	31.7869
3160.02	31.8315
3179.93	31.8187
3200.12	31.876
3220.03	-205.696
3240.15	31.9529
3259.99	-205.71
3279.88	32.0075
3300.07	32.0162
3320.02	32.0155
3340.01	32.1192
3360.01	32.1524
3380	32.0677
3400.06	154.416
3420.03	32.1142
3439.99	32.1529
3460.07	32.1881
3479.99	32.1885
3499.91	154.542
3520.04	32.2134
3539.99	32.2257
3560.11	32.2284
3580.08	32.2921
3599.99	32.2933
3620.07	32.2475
3639.96	32.3568
3659.94	32.3417
3680.1	32.4111
3699.99	32.3299
3720.11	32.3803
3740.01	32.4035
3759.96	32.431
3780.08	-205.145
3800.03	32.4706
3819.98	32.3404
3840.13	32.5303
3859.98	32.5003
3880.12	32.4355
3900.11	32.5247
3920.01	32.6022
3940.09	32.663
3960.02	32.6309
3979.99	32.6758
4000.1	32.616
4020.05	32.7192
4040.11	32.715
4060.06	32.7461
4080.05	32.7731
4100.16	32.7961
4120.01	155.271
4139.92	32.8761
4160.13	32.7633
4179.99	32.9275
4200.11	32.9389
4220.07	32.8095
4239.98	32.9043
4260.1	32.7991
4280.07	32.9888
4299.97	32.8412
4320.07	33.1128
4340	33.071
4360.12	33.0131
4380.06	33.0385
4400	33.0735
4420.09	33.0935
4440.08	33.1154
4459.98	33.0886
4480.06	33.1898
4500.01	33.1308
4520.11	33.1802
4540.05	33.1934
4560.03	33.2031
4580.06	33.2708
4600	33.2805
4619.96	33.2755
4640.14	33.242
4660.02	33.3417
4680.11	33.2825
4700.06	33.4895
4720.06	33.3958
4740.06	33.4328
4760.01	33.4299
4779.97	33.4425
4800.08	33.5245
4820.04	33.4942
4840.14	33.4052
4859.99	33.6068
4879.98	33.5372
4900.06	33.6057
4920.02	33.6096
4939.96	33.6105
4960.11	33.5939
4980.02	33.5422
5000.17	33.6323
5020.04	33.6506
5040.01	33.6922
5060.07	33.6819
5080.04	33.8437
5099.93	33.653
5120.05	33.814
5140.01	33.7498
5160.12	-203.7
5180.13	33.8237
5199.95	33.9137
5220.13	33.8977
5240.07	33.8894
5259.99	33.8957
5280.07	33.9376
5300.07	33.9294
5320.16	33.8677
5340.09	33.9292
5359.95	34.0913
5380.04	34.062
5400.08	34.1107
5419.98	156.458
5440.09	156.565
5460.05	34.1308
5480.15	156.438
5500.05	34.094
5520	34.2086
5540.11	34.1616
5560.11	34.3104
5580.01	34.2257
5600.07	34.1571
5620.03	34.2275
5640.11	34.2117
5660.07	34.3138
5679.99	34.3214
5700.12	34.4209
5720.03	34.5226
5740	34.3504
5760.13	34.3246
5780.01	34.3926
5800.16	34.4404
5820.06	34.4126
5840.01	34.4017
5860.09	34.5387
5880.04	34.4559
5899.99	34.5681
5920.05	34.6783
5940	34.5648
5960.11	34.7082
5980.08	34.6103
6000.03	34.6207
6020.19	34.6373
6040.07	34.6523
6059.97	34.6649
6080.11	34.7672
6100.02	34.8477
6119.92	34.7939
6140.14	34.7467
6160.06	34.8449
6180.1	34.7548
6200.04	157.136
6219.99	34.8428
6240.05	34.8653
6260.03	34.9072
6279.97	34.9684
6300.06	34.9647
6320.01	35.0034
6340.18	35.0554
6360.04	35.0314
6380.05	34.9786
6400.12	34.9888
6420.03	34.9232
6439.99	35.035
6460.16	35.1539
6480	35.1001
6500.11	35.118
6520.06	35.0208
6539.93	35.1403
6560.14	35.2176
6580.09	35.2112
6600	35.1875
6620.07	35.2387
6640.03	35.2895
6660.12	35.365
6680.01	35.2951
6700.02	35.3238
6720.1	35.2876
6740.05	35.4223
6760.01	35.3828
6780.1	35.3084
6799.98	35.4033
6820.12	35.419
6840.1	35.3562
6860.04	35.5016
6880.07	35.4961
6900.03	35.507
6919.96	35.5186
6940.09	35.5324
6960.03	35.5995
6980.12	35.6814
7000.13	35.5198
7020.01	35.6793
7040.16	35.6221
7060.03	35.7463
7080	35.7269
7100.14	35.7509
7120	35.754
7140.09	35.6992
7160.06	35.7178
7180.07	35.7244
7200.12	35.818
7220.06	35.7469
7240	35.7968
7260.07	35.8576
7280.02	36.0032
7300.18	35.8247
7320.06	-201.713
7340.04	35.9693
7360.1	35.9365
7380.02	35.9516
7399.89	35.9828
7420.13	36.0102
7440.03	36.1291
7460.21	36.1172
7480.02	36.0406
7499.99	36.1725
7520.1	36.0238
7540.03	36.1307
7559.94	36.2202
7580.13	36.2028
7600	36.1847
7620.2	36.2096
7640.05	36.3116
7660.02	36.3462
7680.07	36.3498
7700.09	36.3688
7720.02	36.3765
7740.09	36.188
7760	36.3754
7780.19	36.4303
7800.06	36.5095
7820.01	36.4326
7840.1	36.4547
7860.07	36.5124
7880.03	36.4223
7900.14	36.4442
7920	36.5114
7940.16	36.4836
7960.11	36.4992
7980.02	36.6355
8000.15	36.5374
8020.08	36.5484
8040.02	36.6136
8060.18	36.7365
8080.03	36.68
8100.2	36.7431
8120.03	36.718
8140.05	36.7243
8160.15	36.7198
8180.06	36.8899
8200.04	36.6873
8220.16	36.7443
8240.01	36.8793
8260.2	36.9168
8280.1	36.9058
8299.96	36.796
8320.13	36.9138
8340.04	37.0295
8359.97	36.9624
8380.12	36.8603
8400.05	36.9124
8420.14	37.0009
8440.04	37.0049
8459.97	36.9602
8480.12	37.0747
8500.09	37.0544
8520.06	37.0463
8540.12	37.1938
8559.97	37.0987
8580.14	37.0984
8600.12	37.1864
8620.01	37.2255
8640.2	37.209
8660.12	37.3537
8679.98	37.3528
8700.12	37.1966
8720.09	37.2192
8740.15	37.234
8760.11	37.2247
8779.95	37.4684
8800.11	37.366
8820.05	37.306
8840.05	37.2746
8860.17	37.4063
8880.05	37.447
8900.16	37.4922
8920.13	37.4396
8940.01	37.5018
8960.1	37.4489
8980.09	37.616
9000.05	37.4735
9020.11	37.3966
9040.06	37.6454
9060.12	37.6702
9080.07	37.4577
9100	37.7443
9120.16	37.576
9140.09	37.6119
9159.99	37.7408
9180.1	37.7218
9200.12	37.781
9219.98	37.6911
9240.06	37.8813
9260.11	37.7226
9280.1	37.9245
9300.09	37.8534
9320.02	37.9217
9340.07	37.9464
9360.05	37.8408
9379.92	38.0021
9400.11	38.0552
9420.07	38.0321
9440.16	37.9793
9460.06	38.0727
9480.03	38.0263
9500.15	38.0285
9519.99	37.9913
9539.95	38.0093
9560.09	38.2053
9580.08	37.9793
9600.13	38.0886
9620.09	38.1902
9640.04	38.2589
9660.16	38.1449
9680	38.2245
9700	38.2802
9720.09	38.2476
9740.04	38.3129
9780.09	38.1731
9799.98	38.4125
9820.14	38.253
9840.08	38.4394
9859.99	38.3467
9880.12	38.5441
9900.04	38.5044
9920.14	38.5183
9940.06	38.5111
9960.05	38.5801
9980.12	38.5819
10000.1	38.6691
10020.1	38.4665
10040.1	38.6325
10060.1	38.5287
10080.2	38.5304
10100.1	38.766
10120	38.7325
10140.2	38.6677
10160.1	38.6558
10180	38.6983
10200.1	38.7212
10220	38.9043
10240.2	38.7066
10260.1	38.8122
10280	38.7691
10300.1	38.8589
10320.1	38.892
10340	38.9185
10360	38.8746
10380	38.9522
10400.1	38.9418
10420.1	38.9873
10440	39.0523
10460.1	38.8625
10480.1	39.0453
10500	39.0914
10520.1	38.9784
10540.1	39.1508
10560.1	39.016
10580.1	39.1029
10600	39.1191
10620.2	39.1934
10640	39.199
10660.1	39.1401
10680.1	39.167
10700	39.205
10720.2	39.2618
10740	39.2623
10760	39.2123
10780.2	39.2528
10800.1	39.2526
10820	39.417
10840.1	39.3607
10860.1	39.4803
10880.2	39.3774
10900.1	39.4257
10920	39.6437
10940.1	39.3383
10960.1	39.4344
10980	39.5073
11000.1	39.577
11020.1	39.4281
11040.2	39.5427
11060.1	39.5698
11080	39.6104
11100.2	39.702
11120.1	39.5801
11140	39.4849
11160.2	39.765
11180.1	39.5762
11200.1	39.7805
11220.1	39.6335
11240	39.7154
11260.1	39.8394
11280	39.8659
11300	39.7319
11320.2	39.8351
11340	39.9468
11360.1	39.7098
11380	39.9381
11400	39.844
11420.1	39.9929
11440.1	39.9449
11460	39.89
11480.2	40.0512
11500.1	39.9359
11520.2	39.9331
11540.1	40.1305
11560	39.9073
11580.1	40.1953
11600.1	40.1322
11620	40.1463
11640.2	40.1654
11660.1	40.0706
11680.2	40.1076
11700.1	40.1222
11720	40.0942
11740.2	40.2588
11760.1	40.1598
11780.1	40.2836
11800.2	40.2428
11820	40.4518
11840.2	40.3167
11860.1	40.3414
11880	40.4744
11900.2	40.4375
11920.2	40.3801
11940	40.5358
11960.1	40.5272
11980.2	40.331
12000.1	40.3095
12020.1	40.4672
12040.1	40.5861
12060.2	40.4995
12080.1	40.3885
12100	40.6236
12120.1	40.4681
12140.1	40.583
12160.1	40.5175
12180.1	40.7151
12200.1	40.533
12220.2	40.6519
12240.1	40.7581
12260	40.7025
12280.2	40.7723
12300.1	40.7525
12320	40.8716
12340.1	40.7979
12360	40.8919
12380.2	40.9861
12400.1	40.8501
12420	40.9442
12440.2	40.8431
12460	40.9746
12480	41.0199
12500.1	41.0455
12520	40.9168
12540.2	41.1004
12560.2	40.9494
12580.1	41.1495
12600.2	41.1459
12620.1	41.189
12640	41.084
12660.2	41.077
12680.1	41.1929
12700.2	40.9504
12720.1	41.177
12740.1	41.1993
12760.2	41.2966
12780.2	41.3078
12800	41.1894
12820.1	41.4106
12840.1	41.4184
12860.2	41.3257
12880.1	41.2882
12900	41.5348
12920.2	41.1856
12940.1	41.3825
12960.1	41.5343
12980.1	41.4267
13000	41.5872
13020.1	41.3366
13040.1	41.5404
13060.1	41.3862
13080.1	41.395
13100.1	41.5347
13120.1	41.5571
13140.2	41.6396
13160.1	41.4711
13180.2	41.5392
13200.1	41.6997
13220	41.7709
13240.2	41.7284
13260.1	41.7442
13280.1	41.9292
13300.2	41.6651
13320.1	41.6802
13340.1	41.7774
13360.1	41.9056
13380.1	41.6996
13400.2	41.7823
13420.1	41.9419
13440	41.9057
13460.2	41.8656
13480.1	41.9185
13500.2	42.0392
13520.2	41.7365
13540	41.8467
13560.2	42.0773
13580.1	41.9845
13599.9	42.0778
13620.2	41.9591
13640.1	41.9664
13660.1	42.1104
13680.2	42.0555
13700.1	42.0999
13720.2	42.1131
13740.1	42.1278
13760	42.0827
13780.2	42.1881
13800	42.2216
13820.2	42.3169
13840.2	42.1939
13860	42.292
13880.2	42.3074
13900.1	42.2471
13920	42.2522
13940.2	42.3336
13960.1	42.3013
13980.3	42.4277
14000.2	42.3688
14020.1	42.3891
14040.1	42.5494
14060.1	42.4886
14080.1	42.6003
14100.1	42.5854
14120.1	42.6815
14140.2	42.451
14160.1	42.4196
14180	42.5471
14200.2	42.7112
14220.1	42.4294
14240.1	42.5465
14260.2	42.7267
14280.1	42.6741
14300.3	42.7621
14320.1	42.7029
14340	42.7945
14360.3	42.6367
14380.1	42.6732
14400	42.7673
14420.1	42.795
14440.1	42.7691
14460.2	42.9189
14480.1	42.7767
14500.1	42.9401
14520.2	42.9928
14540.1	42.8195
14560.1	42.9047
14580.2	42.9778
14600.1	43.0233
14620.2	43.1297
14640	42.8925
14660	43.0935
14680.2	43.1699
14700.1	42.9564
14720	43.0317
14740.2	43.0347
14760.1	43.2475
14780.3	43.4442
14800.1	43.2851
14820.1	43.1582
14840.1	43.2576
14860.1	43.368
14880	43.3818
14900.2	43.2237
14920.1	43.3663
14940.2	43.2408
14960.2	43.3655
14980	43.3768
15000.2	43.3893
15020.1	43.5751
15040	43.417
15060.2	43.4157
15080.1	43.3314
15100.2	43.2613
15120.1	43.4697
15140.1	43.6774
15160.2	43.4655
15180.1	43.54
15200	43.4723
15220.2	43.4675
15240.1	43.6372
15260.2	43.7038
15280.2	43.6679
15300.1	43.803
15320.2	43.6095
15340.1	43.7765
15360	43.6725
15380.2	43.8691
15400.1	43.8564
15420	43.6506
15440.2	43.752
15460.1	43.6337
15480.2	43.8223
15500.1	43.8978
15520	43.8992
15540.2	43.8221
15560.1	43.9675
15580.1	43.9373
15600.1	43.8872
15620.1	44.0281
15640.2	43.9052
15660.1	44.0966
15680	43.9511
15700.1	43.9685
15720.1	44.0158
15740.1	44.1477
15760.2	44.139
15780.1	44.3568
15800.2	44.1841
15820.1	44.1962
15840	44.1945
15860.2	44.2757
15880.1	44.4198
15900	44.2068
15920.1	44.4198
15940.1	44.4205
15960.3	44.4377
15980.2	44.4718
16000.1	44.4192
16020.2	44.2931
16040.1	44.3769
16060.1	44.3261
16080.2	44.4843
16100.1	44.4614
16120.2	44.5718
16140.2	44.4529
16160.1	44.4459
16180.2	44.605
16200.1	44.5894
16220.1	44.4834
16240.2	44.582
16260.1	44.5129
16280.2	44.7027
16300.1	44.764
16320.1	44.7159
16340.2	44.4967
16360.1	44.5831
16380	44.9131
16400.2	44.9207
16420.1	44.7953
16460.2	44.9403
16480.1	44.8915
16500.2	44.7491
16520.1	44.9604
16540.1	44.8312
16560.2	45.1257
16580	44.9148
16600.2	44.8266
16620.2	44.92
16640.1	44.9656
16660.2	45.0415
16680.1	44.9755
16700.1	45.0849
16720.2	44.9406
16740.1	45.1914
16760.2	45.2055
16780.2	45.2403
16800.1	45.2224
16820.3	45.292
16840.1	45.2414
16860.1	45.0494
16880.2	45.3126
16900.1	45.1341
16920.2	45.1639
16940.2	45.276
16960.1	45.1816
16980.2	45.3146
17000.2	45.4189
17020.1	45.4245
17040.2	45.5354
17060.1	45.4495
17080.3	45.2407
17100.2	45.5417
17120.1	45.5079
17140.2	45.412
17160.1	45.5466
17180.1	45.5484
17200.2	45.3253
17220.1	45.459
17240.2	45.5879
17260.1	45.5902
17280.2	45.605
17300.2	45.8298
17320.2	45.7871
17340	45.6554
17360.2	45.6262
17380.1	45.7793
17400.2	45.6939
17420.1	45.7434
17440.1	45.8988
17460.1	45.9444
17480.1	45.8484
17500.1	45.5776
17540.2	46.0821
17560.3	45.7822
17580.2	45.9662
17600.1	45.8053
17620.2	45.8509
17640.2	45.8427
17660	46.0651
17680.2	45.8377
17720.2	45.926
17740.1	46.2271
17760.1	46.161
17780.2	45.9847
17800.1	46.2437
17820.1	46.0087
17840.2	46.1967
17860.1	46.2158
17880.3	46.156
17900.2	46.283
17920.2	46.2373
17940.2	46.2697
17960.1	46.3712
17980.1	46.3373
18000.2	46.3639
18020.1	46.1481
18040.2	46.0593
18080.1	46.2296
18100.2	46.5738
18120.1	46.2638
18140	46.5425
18160.1	46.3788
18180.1	46.4294
18200.2	46.4291
18220.2	46.58
18240.1	46.6687
18260.2	46.4578
18280.2	46.4499
18300.1	46.469
18320.2	46.4511
18340.1	46.5775
18360.1	46.778
18380.2	46.5786
18400.1	46.6436
18420.2	46.5949
18440.2	46.6721
18460.2	46.6671
18480.2	46.8204
18500.1	46.7156
18520.1	46.8577
18540.2	46.8905
18560.1	46.954
18580.2	47.0827
18600.1	46.9628
18620.1	46.9824
18640.2	46.8467
18660.1	46.9562
18680.1	46.7277
18700.2	47.0098
18700.2	46.7798
18740.2	47.178
18760.2	47.2088
18780.1	46.8943
18800.2	46.9336
18820.1	47.2731
18840.1	47.0879
18860.2	47.1467
18880.1	47.2033
18900.2	47.0758
18920.1	47.273
18940.1	47.2734
18960.2	47.2893
18980.1	47.1202
19000.1	47.1855
19020.2	47.1903
19040.1	47.4274
19060.3	47.342
19080.1	47.3879
19100.1	47.3995
19120.2	47.2529
19140.2	47.277
19160	47.518
19180.2	47.5859
19200.1	47.5844
19220.2	47.6059
19240.1	47.3272
19260.1	47.4236
19280.2	47.4141
19300.2	47.6456
19320	47.4912
19340.2	47.3939
19360.2	47.4903
19380.2	47.4248
19400.2	47.8187
19420.1	47.8542
19440.2	47.7657
19460.2	47.7809
19480	47.6652
19500.2	47.7834
19520.1	47.6619
19540.3	47.9179
19560.2	48.0547
19580.1	48.053
19600.2	47.8143
19620.1	47.9459
19640	47.7618
19660.2	47.8061
19680.2	47.9715
19700.2	48.0015
19720.2	47.8236
19740.1	48.0829
19780.2	48.1549
19800.1	48.0481
19820.2	47.9523
19840.1	47.9779
19860.2	48.1205
19880.2	48.0866
19900.1	48.0624
19920.2	48.108
19940.2	48.2713
19960.1	48.2329
19980.2	48.0772
20000.1	48.0894
20020.3	48.2295
20040.2	48.2022
20060.1	48.1144
20080.2	48.3936
20100	48.3808
20120.1	48.563
20140.2	48.4319
20160.2	48.4404
20180.3	48.4323
20200.2	48.2237
20220.2	48.2863
20240.3	48.3451
20260.2	48.6659
20280.1	48.4282
20300.2	48.644
20320.1	48.4514
20340.2	48.4924
20360.1	48.3883
20380.2	48.5531
20400.2	48.5126
20420.1	48.7469
20440.1	48.55
20460.2	48.8281
20480.2	48.7196
20500.3	48.7331
20520.2	48.9706
20540.1	48.7801
20560.2	48.8906
20580.2	48.5994
20600.1	48.877
20620.2	49.0419
20640.1	48.8836
20660.3	48.8728
20680.2	48.8995
20700.2	49.0136
20720.2	48.9528
20740.2	49.0029
20760.1	49.0202
20780.3	49.1028
20800.1	48.8756
20820.3	49.0752
20840.2	49.0364
20860.1	48.9332
20880.2	49.2182
20900.2	48.9416
20920.2	49.279
20940.2	48.9722
20960.2	49.3451
20980.3	49.2347
21000.2	49.2636
21020.1	49.1598
21040.2	49.0715
21060.2	49.2938
21080.1	49.3186
21100.2	49.3572
21120.2	49.3863
21140.3	49.5098
21160.2	49.5919
21180.1	49.1949
21200.3	49.4759
21220.2	49.3518
21240.2	49.3692
21260.3	49.3119
21280.2	49.5073
21300.3	49.4154
21320.1	49.4782
21340.2	49.4849
21360.3	49.7323
21380.1	49.5265
21400.2	49.7548
21420.2	49.7694
21440.2	49.5052
21460.1	49.7541
21480.2	49.7239
21500.1	49.6984
21520.3	49.7107
21540.2	49.7184
21560.1	49.7852
21580.2	49.6178
21600.1	49.7418
21620.1	49.7465
21640.2	49.7163
21660.1	49.9844
21680.2	49.6885
21700.2	50.0284
21720.1	49.7221
21740.2	49.9454
21760.2	49.9975
21780.1	49.901
21800.3	49.9721
21820.1	49.9683
21840.2	49.9571
21860.1	49.9266
21880.1	49.9227
21900.2	50.2522
21920.1	49.9951
21940.1	50.3083
21960.2	50.3772
21980.1	50.0997
22000.3	50.262
22020.2	49.9891
22040.1	50.186
22060.2	50.4162
22080.2	50.371
22100.1	50.0845
22120.2	50.081
22140.2	50.4386
22160.2	50.3535
22180.1	50.3892
22200.1	50.2523
22220.2	50.2896
22240.2	50.3988
22260.1	50.3406
22280.2	50.3531
22300.2	50.4448
22320.3	50.6513
22340.3	50.6178
22360.1	50.3351
22380.3	50.6983
22400.2	50.6139
22420.1	50.5223
22440.2	50.7894
22460.2	50.6472
22480.3	50.3377
22500.3	50.4073
22520.1	50.5434
22540.2	50.7913
22560.2	50.8896
22580.1	50.8085
22600.2	50.8244
22620.1	50.6619
22640.2	50.554
22660.2	50.8625
22680.1	51.0392
22700.3	50.8854
22720.1	50.7865
22740.1	51.1493
22760.2	51.012
22780.2	51.039
22800.2	51.1762
22820.2	50.7747
22840.1	50.9572
22860.2	51.1157
22880.2	51.2191
22900.1	51.1721
22920.3	51.1073
22940.1	51.1303
22960.2	50.8497
22980.2	51.2282
23000.1	51.0289
23020.2	51.281
23040.2	50.9355
23060.1	50.9277
23080.3	51.3836
23100.2	51.1277
23120.3	51.2981
23140.2	51.2978
23160.1	51.0085
23180.2	51.4933
23200.2	51.548
23220.1	51.2471
23240.2	51.2348
23260.2	51.2851
23280.3	51.2798
23300.3	51.4647
23320.2	51.6632
23340.3	51.214
23360.1	51.4705
23380.2	51.3651
23400.3	51.5778
23420.1	51.4347
23440.3	51.7166
23460.2	51.3919
23480.1	51.6392
23500.3	51.6851
23520.2	51.5417
23540.1	51.6046
23560.3	51.7275
23580.1	52.0007
23600.3	51.7669
23620.2	51.92
23640.2	51.7795
23660.3	51.5969
23680.2	51.6216
23700.1	51.7844
23720.2	51.9159
23740.1	51.7464
23760.2	51.938
23780.3	51.9704
23800.1	51.8343
23820.2	51.7716
23840.2	51.8645
23860.1	51.6705
23880.3	51.8556
23900.2	52.1048
23920.3	52.3425
23940.2	52.1405
23960.2	51.9801
23980.3	52.1099
24000.2	52.3378
