998.419,-0.012
1020.24,-0.38
1040.3,-0.396
1059.77,-0.518
1079.66,-0.4391
1100.48,-0.357
1119.79,-0.4497
1139.77,-0.4095
1159.97,-0.4992
1179.98,-0.4791
1200.13,-0.474
1220.25,-0.504
1240,-0.5013
1260.15,-0.515
1280,-0.5289
1299.93,-0.5712
1320.09,-0.548
1340.11,-0.6101
1359.9,-0.5692
1380.08,-0.575
1400.01,-0.6334
1420.12,-0.6486
1440.02,-0.6129
1459.95,-0.678
1480.08,-0.6871
1499.99,-0.6861
1519.91,-0.6991
1540.08,-0.7178
1559.94,-0.7619
1580.15,-0.736
1600.04,-0.7749
1619.96,-0.7772
1640.1,-0.768
1660.02,-0.8266
1679.93,-0.8181
1700.07,-0.8321
1720.02,-0.8706
1740.09,-0.8975
1760.07,-0.9093
1780,-0.9152
1800.12,-0.9669
1800.13,-0.9739
1801.1,-0.9592
1801.96,-0.9518
1803.06,-0.9383
1804.02,-0.9421
1805.18,-0.919
1806.09,-0.92
1806.95,-0.9012
1808.12,-0.9728
1809.02,-0.9719
1809.97,-0.947
1811.08,-0.9871
1812,-0.958
1812.98,-0.962
1814.1,-0.9811
1815.03,-0.95
1816.13,-0.9825
1817.08,-0.944
1817.97,-0.9905
1819.12,-0.9765
1820.03,-0.942
1820.94,-1.004
1822.07,-0.9707
1822.93,-0.9346
1824.14,-0.9787
1825.05,-0.9856
1826.05,-0.9793
1827.09,-0.9918
1828.12,-1.0063
1828.92,-0.972
1830.12,-0.9899
1831.03,-0.9659
1831.89,-0.9449
1833.06,-1.0086
1833.97,-1.0071
1835.16,-1.0018
1836.1,-1.0115
1837.03,-0.9954
1838.11,-0.957
1839.06,-1.0106
1839.95,-0.9445
1841.04,-0.9581
1842.02,-0.9929
1843.04,-0.9689
1844.1,-1
1844.94,-0.9711
1846.06,-0.9786
1847.04,-0.9853
1847.96,-1.0205
1849.13,-1.0035
1850.02,-0.9943
1850.91,-1.0165
1852.07,-1.0072
1853.04,-0.9774
1854.08,-0.9846
1855.05,-1.0149
1856.04,-1.0139
1857.11,-1.0013
1858.03,-0.976
1858.97,-1.0473
1860.08,-1.0439
1861.02,-1.0127
1862.13,-1.0208
1863.05,-1.0021
1863.99,-0.995
1865.08,-1.0321
1865.98,-1.048
1866.95,-1.0116
1868.14,-1.0625
1869,-1.0215
1869.96,-1.0017
1871.1,-1.0352
1871.96,-1.073
1873.08,-1.035
1874.05,-1.0681
1874.98,-1.0448
1876.12,-1.0415
1877.07,-1.0433
1877.95,-1.0413
1879.01,-1.0492
1879.98,-1.0264
1881.17,-1.0091
1882.02,-1.0341
1882.97,-1.0375
1884.07,-1.0111
1885.05,-1.0139
1885.94,-1.053
1887.06,-1.041
1888.03,-1.0495
1888.91,-1.009
1890.08,-1.0917
1890.95,-1.0701
1892.09,-1.1203
1893.1,-1.0507
1894.03,-1.058
1895.08,-1.0635
1896.09,-1.0876
1896.99,-1.0697
1898.03,-1.0364
1898.94,-1.0457
1900.05,-1.026
1901.06,-1.0441
1901.98,-1.039
1903.08,-1.0872
1903.92,-1.0394
1906.01,-1.0573
1907.01,-1.0978
1907.97,-1.0922
1909.1,-1.0518
1910.05,-1.0765
1911.08,-1.0603
1912.12,-1.1329
1912.93,-1.0827
1914.04,-1.0577
1915.02,-1.1017
1916,-1.11
1917.08,-1.071
1918.04,-1.1142
1919.14,-1.1475
1920.04,-1.1051
1920.99,-1.0346
1922.06,-1.0478
1923.02,-1.1109
1923.92,-1.0714
1925.02,-1.1298
1926,-1.082
1927.08,-1.1061
1928.08,-1.0767
1928.99,-1.094
1930.09,-1.0761
1931.03,-1.1121
1931.92,-1.09
1933.13,-1.122
1934.01,-1.0985
1935.02,-1.1139
1936.08,-1.101
1937.03,-1.1408
1938.1,-1.1147
1939.06,-1.1115
1939.91,-1.0902
1941.06,-1.1232
1942.04,-1.0999
1942.98,-1.1353
1944.06,-1.1345
1944.96,-1.0704
1946.1,-1.0923
1947.06,-1.1481
1948.07,-1.1791
1949.09,-1.129
1949.95,-1.0999
1950.98,-1.1411
1952.22,-1.179
1953.03,-1.138
1953.87,-1.099
1954.97,-1.1082
1955.94,-1.1201
1957.09,-1.159
1957.96,-1.099
1958.95,-1.0996
1960.02,-1.1088
1961.03,-1.1547
1961.88,-1.1301
1963.07,-1.1785
1964.07,-1.161
1965.12,-1.1266
1966.1,-1.1582
1966.96,-1.1673
1968.05,-1.176
1969.07,-1.1214
1969.91,-1.161
1971.1,-1.1748
1971.98,-1.1501
1972.94,-1.1504
1974.08,-1.1502
1975.05,-1.1593
1976.11,-1.204
1976.97,-1.1589
1978.02,-1.198
1979.14,-1.1888
1980.03,-1.1763
1980.99,-1.1782
1982.05,-1.1745
1983,-1.126
1984.1,-1.1538
1984.97,-1.237
1985.98,-1.1593
1987.05,-1.14
1988.01,-1.174
1988.96,-1.176
1990.1,-1.202
1991.04,-1.1798
1991.97,-1.2386
1993.12,-1.198
1994,-1.2251
1995.15,-1.2377
1996.03,-1.2552
1996.94,-1.2085
1998.06,-1.1515
1998.93,-1.1756
1999.9,-1.1644
2001,-1.1961
2002.02,-1.2566
2003.09,-1.233
2004.03,-1.183
2005.08,-1.2223
2006.04,-1.1983
2007.02,-1.2202
2007.98,-1.2297
2009.07,-1.2035
2010,-1.1971
2010.89,-1.1574
2012.06,-1.2336
2013.03,-1.2075
2014.08,-1.2206
2015.05,-1.2359
2015.98,-1.2115
2017.1,-1.2522
2018.03,-1.2395
2018.84,-1.2053
2020.15,-1.258
2020.96,-1.2092
2022.14,-1.267
2023.07,-1.2261
2023.92,-1.2557
2025.08,-1.1997
2026.04,-1.2422
2027.05,-1.2878
2028,-1.2171
2029,-1.2527
2029.88,-1.2483
2031.04,-1.2043
2031.98,-1.298
2033.03,-1.1907
2034.05,-1.2627
2035,-1.2858
2036.17,-1.2779
2037.01,-1.289
2037.9,-1.239
2039.06,-1.2721
2040.02,-1.2625
2041.1,-1.2645
2042.06,-1.3068
2043.02,-1.256
2044.05,-1.2399
2045.04,-1.3033
2045.98,-1.3234
2047.08,-1.3074
2048.03,-1.316
2048.9,-1.2561
2050.06,-1.2992
2050.99,-1.2457
2052.13,-1.309
2053,-1.263
2053.95,-1.2671
2055.16,-1.2748
2056.04,-1.306
2057,-1.3001
2058.05,-1.2664
2059,-1.2945
2060.09,-1.2921
2060.98,-1.2762
2061.95,-1.2621
2063.1,-1.2748
2064.05,-1.2861
2064.89,-1.2848
2066.09,-1.2978
2066.96,-1.3088
2067.94,-1.3082
2069.03,-1.337
2069.93,-1.3145
2071.09,-1.2829
2072,-1.3013
2073.01,-1.3124
2074.03,-1.3354
2074.97,-1.3004
2075.91,-1.3279
2077.05,-1.3207
2077.91,-1.2762
2079.09,-1.3226
2080.11,-1.3447
2081.04,-1.384
2082.09,-1.3429
2083.07,-1.3427
2083.95,-1.3505
2085.08,-1.356
2085.95,-1.3328
2086.99,-1.387
2087.99,-1.3474
2089.06,-1.3583
2090.1,-1.3701
2090.98,-1.3587
2091.97,-1.3791
2093.08,-1.3701
2093.99,-1.3285
2094.98,-1.3796
2096.09,-1.3383
2096.97,-1.3428
2098.98,-1.3393
2099.94,-1.3559
2101.1,-1.3786
2102.05,-1.3667
2102.91,-1.3665
2104.04,-1.3486
2105.01,-1.4026
2106.08,-1.364
2107,-1.355
2107.93,-1.3983
2109.07,-1.383
2110.05,-1.3696
2111,-1.4109
2112.06,-1.3876
2113.09,-1.4381
2113.9,-1.3866
2115.08,-1.3774
2115.96,-1.4175
2117.11,-1.4172
2118.01,-1.4331
2118.96,-1.4131
2120.07,-1.3823
2121.06,-1.4051
2121.93,-1.389
2123.14,-1.4054
2124.01,-1.3901
2125.04,-1.4024
2126.07,-1.4486
2126.95,-1.424
2128.06,-1.4118
2129.05,-1.4486
2129.95,-1.4243
2131.08,-1.4228
2132.04,-1.4309
2132.92,-1.4529
2134.09,-1.4622
2135,-1.4322
2136.14,-1.4234
2137.05,-1.4658
2138.02,-1.4451
2139.04,-1.418
2140.05,-1.4213
2140.94,-1.4413
2142.08,-1.474
2143.01,-1.4746
2144.16,-1.4505
2145.04,-1.4661
2145.94,-1.431
2147.08,-1.43
2148.05,-1.5029
2148.93,-1.4376
2150.06,-1.4596
2151.04,-1.4838
2151.94,-1.487
2153.09,-1.4651
2153.96,-1.4219
2155.13,-1.4535
2156.06,-1.4848
2157.02,-1.4962
2158.13,-1.4774
2159.03,-1.4953
2159.93,-1.5041
2161.09,-1.4935
2162,-1.4962
2163.06,-1.4761
2164.02,-1.5147
2164.94,-1.486
2166.08,-1.496
2166.96,-1.4696
2168.04,-1.49
2169.1,-1.5463
2170.01,-1.5044
2170.98,-1.48
2172.05,-1.5276
2172.94,-1.4651
2174.11,-1.5044
2175.03,-1.5272
2175.98,-1.5354
2177.12,-1.5251
2177.97,-1.5014
2178.92,-1.5176
2180.14,-1.5376
2180.93,-1.5164
2182.12,-1.516
2183.11,-1.5395
2183.93,-1.519
2185.13,-1.5585
2186.04,-1.5631
2186.9,-1.5048
2188.06,-1.5209
2189,-1.5206
2189.9,-1.5458
2190.98,-1.5341
2191.98,-1.5486
2193.1,-1.5751
2194.01,-1.5728
2194.97,-1.5532
2196.12,-1.5484
2197.08,-1.5829
2197.97,-1.5498
2199.03,-1.5701
2199.99,-1.5694
2201.1,-1.5994
2201.97,-1.5619
2202.95,-1.596
2204.07,-1.6079
2205.05,-1.5974
2205.94,-1.5703
2207.07,-1.5748
2207.96,-1.5786
2208.9,-1.5782
2210.08,-1.6023
2210.98,-1.572
2212.09,-1.593
2213.09,-1.6404
2213.98,-1.6228
2215.1,-1.5811
2216,-1.6072
2216.96,-1.6441
2218.1,-1.6257
2218.93,-1.6087
2220.15,-1.6408
2221.07,-1.6272
2221.95,-1.6113
2223.07,-1.629
2224,-1.6581
2224.93,-1.6094
2226.1,-1.6396
2227,-1.6309
2227.94,-1.6435
2229.08,-1.663
2229.98,-1.6755
2231.05,-1.6243
2232.04,-1.6385
2232.94,-1.6385
2234.13,-1.6575
2234.98,-1.6405
2235.98,-1.671
2237.07,-1.6673
2238.03,-1.6632
2239.08,-1.6748
2240.04,-1.6586
2240.91,-1.6649
2242.09,-1.6745
2242.98,-1.6698
2244,-1.6951
2245.05,-1.6867
2246.03,-1.6796
2246.91,-1.6587
2248.02,-1.6716
2249.01,-1.6836
2250.1,-1.7061
2251.1,-1.6891
2251.94,-1.6916
2253.05,-1.6972
2254.02,-1.7239
2254.86,-1.6984
2255.99,-1.7103
2257,-1.696
2258.09,-1.7333
2258.99,-1.6862
2259.94,-1.7113
2261.12,-1.7708
2262.05,-1.7002
2262.94,-1.7306
2264.13,-1.7433
2265.03,-1.7373
2265.89,-1.7652
2267.11,-1.7679
2267.93,-1.7147
2269.12,-1.7652
2270.01,-1.7622
2270.99,-1.7394
2272.01,-1.7171
2273.01,-1.7655
2273.98,-1.7805
2275.08,-1.8014
2275.99,-1.7501
2277.08,-1.748
2278.06,-1.7656
2279.02,-1.7788
2280.05,-1.7641
2281.02,-1.7428
2281.93,-1.7854
2283.14,-1.7781
2283.97,-1.7829
2285.12,-1.8137
2286.05,-1.8229
2286.94,-1.784
2288.08,-1.7692
2289.06,-1.8218
2289.96,-1.8251
2291.09,-1.8373
2292.09,-1.8293
2293,-1.8386
2294.06,-1.8135
2294.99,-1.8413
2296.15,-1.8451
2297.05,-1.822
2297.96,-1.87
2300.02,-1.8216
2300.97,-1.8431
2302.12,-1.8709
2302.97,-1.8278
2304.14,-1.8612
2305,-1.8632
2305.97,-1.8585
2307.09,-1.8435
2308.04,-1.8464
2308.93,-1.8718
2310.06,-1.8438
2310.91,-1.8515
2311.94,-1.8821
2313.08,-1.8897
2314,-1.8618
2315.13,-1.877
2316.06,-1.8814
2316.93,-1.8664
2318.11,-1.9105
2318.98,-1.8431
2319.95,-1.9044
2321.06,-1.8781
2322.02,-1.9039
2323.09,-1.892
2324.03,-1.9062
2325.04,-1.9119
2326.12,-1.9169
2327.93,-1.9256
2329.06,-1.8934
2330.04,-1.9471
2330.94,-1.9448
2332.07,-1.9347
2332.94,-1.9156
2334.15,-1.9463
2335.02,-1.9295
2335.97,-1.9474
2337.1,-1.963
2337.98,-1.9354
2338.97,-1.9702
2340.05,-1.9625
2340.99,-1.9574
2342.08,-1.9386
2343.02,-1.9594
2344.01,-1.9792
2345.09,-1.9754
2345.98,-1.9986
2346.94,-2.0268
2348.09,-2.005
2349.01,-1.9932
2349.95,-1.9815
2351.09,-2.016
2353.14,-2.0034
2354.01,-2.017
2354.99,-1.9959
2356.09,-2.058
2357.03,-1.996
2357.94,-1.9864
2359,-2.0233
2359.97,-2.0307
2361.11,-2.0169
2362.02,-2.0364
2363,-2.0421
2364.06,-2.0576
2365.06,-2.063
2365.96,-2.0677
2367.08,-2.0486
2367.99,-2.0401
2368.93,-2.0574
2370.01,-2.0661
2371.01,-2.0668
2372.12,-2.0789
2373.01,-2.053
2374,-2.0735
2375.03,-2.0629
2376.01,-2.0808
2376.99,-2.0976
2378.04,-2.0822
2379,-2.0456
2380.2,-2.1267
2381.06,-2.109
2381.97,-2.1226
2383.09,-2.1108
2384.03,-2.1121
2384.98,-2.108
2386.09,-2.1204
2386.96,-2.1311
2387.96,-2.1843
2389.07,-2.1598
2390.03,-2.1576
2391.13,-2.1535
2392.06,-2.1777
2393.02,-2.1524
2394.06,-2.1471
2395.02,-2.1837
2395.85,-2.1518
2397.05,-2.1817
2397.99,-2.1347
2399.05,-2.1548
2400.07,-2.182
2400.96,-2.1333
2402.04,-2.1936
2403.04,-2.2034
2404,-2.213
2405.1,-2.2019
2405.99,-2.243
2406.92,-2.2096
2408.05,-2.2186
2408.98,-2.223
2410.14,-2.227
2411.01,-2.23
2411.96,-2.2561
2413.07,-2.2686
2414,-2.2495
2414.9,-2.2203
2416.07,-2.2581
2416.98,-2.239
2418.15,-2.275
2419.03,-2.2491
2420.05,-2.2492
2421.12,-2.2938
2422.04,-2.2635
2422.9,-2.2668
2424.11,-2.2852
2424.99,-2.2747
2425.88,-2.2865
2427.05,-2.3321
2427.94,-2.2789
2429.07,-2.2916
2430.04,-2.3221
2430.97,-2.2803
2432.08,-2.3333
2432.98,-2.3174
2433.91,-2.3217
2435.06,-2.3181
2436.02,-2.348
2437.08,-2.3091
2438,-2.3155
2438.98,-2.3385
2440.1,-2.3511
2441.01,-2.3754
2441.94,-2.3683
2443.07,-2.3695
2443.96,-2.3758
2444.93,-2.3505
2446.05,-2.3903
2447.04,-2.3765
2448.16,-2.4022
2448.97,-2.3893
2450,-2.4344
2451.04,-2.3914
2452.07,-2.4363
2452.94,-2.4101
2454.06,-2.4131
2454.98,-2.4181
2456.05,-2.4289
2457.06,-2.4763
2458.02,-2.4557
2459.08,-2.4484
2459.99,-2.4817
2460.99,-2.4497
2462.03,-2.4439
2463.02,-2.4268
2463.97,-2.459
2465.07,-2.5108
2465.96,-2.4708
2467.08,-2.4717
2468.01,-2.4897
2468.96,-2.5001
2470.04,-2.5047
2471,-2.5252
2471.93,-2.5083
2473.1,-2.5205
2473.99,-2.5324
2475.14,-2.5496
2476.04,-2.5414
2476.98,-2.5137
2478.15,-2.541
2479,-2.5416
2479.9,-2.5358
2481.05,-2.5374
2481.98,-2.5835
2483.09,-2.6027
2484.1,-2.5969
2484.99,-2.586
2486.13,-2.6143
2487.03,-2.6206
2487.93,-2.572
2489.13,-2.6272
2490.01,-2.581
2490.97,-2.6184
2492.13,-2.6357
2492.93,-2.6412
2494.13,-2.6484
2494.99,-2.6372
2495.93,-2.6089
2497.1,-2.6591
2498.99,-2.6473
2500.03,-2.6419
2500.99,-2.7
2502.12,-2.6705
2503.03,-2.6771
2503.95,-2.6718
2505.07,-2.6874
2506,-2.7211
2507,-2.6775
2508.05,-2.6959
2508.99,-2.7018
2509.97,-2.7284
2510.98,-2.7404
2512.02,-2.7161
2513.1,-2.7331
2514.04,-2.7533
2514.96,-2.716
2516.1,-2.7437
2517.02,-2.739
2517.93,-2.7456
2519.03,-2.7997
2519.95,-2.7574
2521.06,-2.7811
2522.05,-2.8339
2522.95,-2.832
2524.08,-2.7903
2525.04,-2.8172
2525.95,-2.8163
2527.01,-2.8123
2527.95,-2.8046
2528.95,-2.8526
2530.05,-2.8416
2530.95,-2.8448
2532.09,-2.8838
2533.01,-2.8758
2533.97,-2.8807
2535.03,-2.8736
2536,-2.8862
2537,-2.9115
2538.05,-2.8914
2538.94,-2.8807
2540.08,-2.9176
2540.98,-2.9025
2541.96,-2.9405
2543.17,-2.9606
2544.03,-2.9604
2544.95,-2.9463
2546.08,-2.966
2546.93,-2.885
2547.94,-2.9459
2549.07,-2.9686
2549.96,-2.9919
2551.15,-2.9932
2552.07,-2.9986
2552.96,-2.9667
2554.06,-3.0385
2554.97,-3.0447
2555.91,-3.0084
2557.05,-3.0431
2557.96,-3.0496
2559.09,-3.0185
2560.04,-3.0731
2560.94,-3.1006
2562.1,-3.0723
2563.1,-3.1161
2563.93,-3.0854
2565.12,-3.1007
2566.06,-3.1225
2566.96,-3.1087
2568.14,-3.1171
2569.01,-3.1392
2569.96,-3.0861
2571.02,-3.1067
2571.99,-3.1549
2573.07,-3.132
2574,-3.1652
2574.9,-3.181
2576.05,-3.1921
2576.99,-3.1724
2578.09,-3.1496
2579.03,-3.2166
2579.93,-3.1741
2581.13,-3.2384
2582.07,-3.2413
2582.96,-3.2318
2584.05,-3.2948
2585.01,-3.2537
2585.94,-3.2629
2587.07,-3.3157
2587.98,-3.278
2589.07,-3.2676
2590.07,-3.2969
2590.97,-3.3156
2592.04,-3.2929
2593.04,-3.3207
2593.95,-3.3274
2595.11,-3.3611
2596,-3.346
2597.14,-3.357
2598.02,-3.3451
2598.97,-3.3691
2600.13,-3.4035
2601.07,-3.4244
2601.97,-3.4525
2603.07,-3.4453
2604.01,-3.4206
2604.98,-3.4683
2606.08,-3.4368
2606.96,-3.4151
2608.08,-3.4392
2609.04,-3.4532
2609.98,-3.4739
2611.04,-3.4654
2611.95,-3.4876
2612.95,-3.5011
2614.08,-3.5552
2615.03,-3.5517
2616.1,-3.5242
2617.04,-3.5604
2618.01,-3.5715
2619.11,-3.5529
2620.06,-3.5551
2620.88,-3.558
2622.13,-3.6156
2622.96,-3.5594
2623.95,-3.5736
2625.02,-3.6314
2626.02,-3.6251
2627.08,-3.658
2628.08,-3.668
2628.9,-3.6914
2630.07,-3.6741
2630.96,-3.6738
2631.87,-3.7281
2633.12,-3.7579
2633.97,-3.677
2635.1,-3.7212
2636.08,-3.7464
2636.92,-3.7239
2638.02,-3.7893
2639,-3.8017
2640,-3.7843
2641.07,-3.8137
2641.99,-3.8163
2642.99,-3.8646
2644.08,-3.8318
2644.95,-3.8529
2646.11,-3.8944
2647.06,-3.8582
2647.89,-3.8574
2649.15,-3.9254
2650.1,-3.9909
2650.97,-3.9183
2652.15,-3.932
2652.99,-3.9361
2654.09,-3.9536
2654.98,-3.9413
2655.89,-3.9422
2657.07,-3.9546
2658.01,-3.9682
2659.02,-4.0353
2659.98,-4.0094
2661.02,-4.0497
2662.16,-4.0362
2663.09,-4.131
2664.07,-4.1126
2665.19,-4.1041
2665.97,-4.0868
2666.95,-4.1308
2668.11,-4.1249
2669.07,-4.1425
2669.99,-4.188
2671.1,-4.1703
2672,-4.224
2673.01,-4.1728
2673.99,-4.1975
2675.02,-4.22
2676.09,-4.2126
2677,-4.2545
2678,-4.237
2679.12,-4.3222
2680.08,-4.2909
2681.3,-4.3466
2682.15,-4.3642
2683.01,-4.3281
2684.15,-4.3583
2685.03,-4.3655
2685.99,-4.3671
2687.17,-4.4319
2687.99,-4.3849
2688.96,-4.4415
2690.07,-4.4434
2691.06,-4.4461
2692.07,-4.4976
2693.04,-4.5182
2694.05,-4.5108
2695.13,-4.5028
2696.98,-4.5507
2698.08,-4.5825
2699.01,-4.5904
2700.06,-4.5995
2701.13,-4.648
2702,-4.6221
2703.13,-4.7071
2704.05,-4.6604
2704.93,-4.7041
2706.1,-4.7113
2707.06,-4.7396
2708.03,-4.7833
2709.11,-4.7448
2710.04,-4.7689
2711.09,-4.7988
2711.98,-4.8119
2712.99,-4.7832
2714.14,-4.8564
2714.93,-4.841
2715.96,-4.8702
2717.15,-4.912
2718.08,-4.9388
2719.12,-4.9481
2720.05,-4.9919
2720.98,-5.02
2722.06,-5.0204
2723.1,-5.0483
2724.01,-5.049
2725.09,-5.0427
2726.08,-5.0837
2726.97,-5.1177
2728.07,-5.0994
2729.05,-5.191
2730.17,-5.1793
2731.15,-5.2057
2732.04,-5.2497
2733.08,-5.2632
2734.06,-5.2756
2734.95,-5.3165
2736.08,-5.3216
2737.11,-5.3641
2738.17,-5.3722
2739.11,-5.3722
2739.98,-5.3993
2741.14,-5.4542
2742.17,-5.5007
2743.02,-5.4961
2744.19,-5.4907
2745.09,-5.542
2746.04,-5.5896
2747.14,-5.5812
2748.05,-5.5871
2749.13,-5.6439
2750.11,-5.6547
2751.01,-5.6821
2752.21,-5.7334
2753.08,-5.7602
2753.98,-5.7721
2755.13,-5.825
2756.03,-5.7846
2757.13,-5.8183
2758.1,-5.8484
2759.01,-5.8637
2760.17,-5.9366
2761.05,-5.9266
2762.07,-5.995
2763.16,-6.0202
2764.08,-6.0646
2765.03,-6.0924
2766.17,-6.1265
2767.06,-6.1415
2768.2,-6.1804
2769.18,-6.2208
2770.14,-6.2958
2771.11,-6.2494
2772.16,-6.343
2773,-6.3482
2774.12,-6.3345
2775.08,-6.3643
2776.14,-6.405
2777.1,-6.4517
2778.08,-6.5202
2779.13,-6.5242
2780.11,-6.561
2781.12,-6.6446
2782.2,-6.6687
2783.07,-6.6438
2784.07,-6.7257
2785.19,-6.7814
2786.17,-6.7959
2787.17,-6.838
2788.23,-6.8954
2789.03,-6.8899
2790.17,-6.9552
2791.17,-6.9834
2792.09,-7.0486
2793.17,-7.0928
2794.15,-7.1034
2795.23,-7.1773
2796.16,-7.1966
2797.18,-7.2553
2798.23,-7.326
2799.21,-7.3877
2800.05,-7.3836
2801.25,-7.4441
2802.1,-7.4406
2803.11,-7.5751
2804.22,-7.6148
2805.11,-7.6001
2806.26,-7.6823
2807.2,-7.6994
2808.2,-7.8105
2809.2,-7.809
2810.13,-7.8531
2811.15,-7.9169
2812.21,-7.9475
2813.14,-8.0328
2814.3,-8.0826
2815.26,-8.1419
2816.15,-8.2044
2817.29,-8.2459
2818.25,-8.2875
2819.14,-8.3437
2820.26,-8.4103
2821.19,-8.4497
2822.12,-8.5258
2823.22,-8.5751
2824.17,-8.636
2825.31,-8.75
2826.18,-8.7933
2827.21,-8.8732
2828.23,-8.9327
2829.24,-9.0518
2830.19,-9.0889
2831.25,-9.1661
2832.19,-9.2756
2833.36,-9.3221
2834.27,-9.4275
2835.18,-9.4652
2836.29,-9.572
2837.31,-9.6286
2838.17,-9.6981
2839.28,-9.8077
2840.28,-9.8687
2841.4,-9.9781
2842.35,-10.0995
2843.24,-10.1531
2844.36,-10.2383
2845.32,-10.3635
2846.22,-10.4334
2847.35,-10.548
2848.29,-10.656
2849.22,-10.7224
2850.31,-10.8374
2851.29,-10.9413
2852.46,-11.0813
2853.42,-11.1557
2854.25,-11.2483
2855.46,-11.4223
2856.34,-11.4883
2857.33,-11.6057
2858.37,-11.7201
2859.3,-11.8365
2861.42,-12.0647
2862.33,-12.2191
2863.45,-12.3351
2864.38,-12.472
2865.35,-12.6065
2866.53,-12.7259
2867.44,-12.8769
2868.33,-12.9659
2869.49,-13.1589
2870.41,-13.2636
2871.47,-13.3832
2872.45,-13.4868
2873.42,-13.6017
2874.54,-13.7466
2875.53,-13.8372
2876.37,-13.9212
2877.53,-14.0146
2878.49,-14.1191
2879.57,-14.1452
2880.45,-14.2157
2881.49,-14.2197
2882.54,-14.2133
2883.54,-14.2022
2884.46,-14.1767
2885.5,-14.0909
2886.49,-14.016
2887.34,-13.844
2888.5,-13.7203
2889.47,-13.5449
2890.52,-13.3056
2891.6,-13.1345
2892.38,-12.8236
2893.5,-12.4961
2894.44,-12.2472
2895.27,-11.8991
2896.48,-11.5067
2897.35,-11.1245
2898.38,-10.6482
2899.38,-10.3005
2900.35,-9.8717
2901.32,-9.3155
2902.17,-8.8466
2903.21,-8.4278
2904.16,-7.7912
2905.11,-7.2849
2905.98,-6.8125
2907.13,-6.2152
2908.03,-5.7369
2909.19,-5.1875
2910.04,-4.6279
2910.89,-4.1116
2911.98,-3.4997
2912.94,-3.0241
2913.83,-2.5802
2914.92,-1.9709
2915.71,-1.4813
2916.9,-0.9156
2917.91,-0.4686
2918.68,0.0037
2919.74,0.6072
2920.69,1.0217
2921.59,1.4743
2922.6,1.9909
2923.55,2.4247
2924.45,2.8533
2925.59,3.3301
2926.45,3.7643
2927.62,4.1916
2928.42,4.6
2929.32,4.9567
2930.45,5.3675
2931.32,5.7045
2932.37,6.0331
2933.39,6.4403
2934.34,6.7852
2935.48,7.1292
2936.35,7.4242
2937.34,7.7129
2938.4,8.0141
2939.35,8.3003
2940.26,8.5601
2941.38,8.8739
2942.23,9.1132
2943.18,9.34
2944.32,9.5944
2945.18,9.8226
2946.27,10.0372
2948.22,10.406
2949.29,10.6338
2950.22,10.8228
2951.15,10.9468
2952.26,11.162
2953.21,11.314
2954.32,11.4871
2955.23,11.6546
2956.16,11.789
2957.31,11.9157
2958.23,12.0592
2959.18,12.1782
2960.29,12.2968
2961.11,12.4214
2962.17,12.4947
2963.2,12.6569
2964.13,12.7432
2965.29,12.7967
2966.22,12.8724
2967.21,12.9891
2968.24,13.0801
2969.17,13.1424
2970.16,13.1754
2971.25,13.3033
2972.11,13.3505
2973.35,13.4067
2974.19,13.4383
2975.12,13.5243
2976.27,13.5696
2977.26,13.5883
2978.18,13.6383
2979.34,13.6752
2980.2,13.7072
2981.16,13.7477
2982.29,13.775
2983.2,13.747
2984.33,13.802
2985.25,13.8288
2986.21,13.8499
2987.36,13.7983
2988.21,13.8642
2989.15,13.861
2990.23,13.8932
2991.22,13.8934
2992.39,13.8574
2993.35,13.8808
2994.23,13.8984
2995.37,13.8883
2996.31,13.8767
2997.21,13.8707
2998.34,13.8785
2999.32,13.8546
3000.14,13.8483
3001.32,13.8276
3002.32,13.8159
3003.34,13.8103
3004.31,13.7893
3005.26,13.7624
3006.41,13.7396
3007.25,13.744
3008.28,13.6927
3009.37,13.7164
3010.31,13.6384
3011.46,13.5478
3012.41,13.551
3013.26,13.5525
3014.34,13.5963
3015.37,13.5225
3016.3,13.459
3017.45,13.469
3018.36,13.4358
3019.38,13.433
3020.37,13.3657
3021.35,13.3273
3022.46,13.2951
3023.41,13.28
3024.35,13.2576
3025.41,13.2157
3026.31,13.1901
3027.28,13.1273
3028.42,13.085
3029.29,13.0868
3030.46,13.0533
3031.37,13.0021
3032.37,12.9464
3033.49,12.8838
3034.45,12.8631
3035.29,12.8577
3036.47,12.8
3037.31,12.7728
3038.58,12.6909
3039.38,12.6935
3040.42,12.6285
3041.5,12.5709
3042.44,12.5674
3043.42,12.5023
3044.51,12.4523
3045.44,12.4123
3046.38,12.3878
3047.51,12.3197
3048.37,12.296
3049.57,12.2482
3050.52,12.2055
3051.37,12.1586
3052.55,12.0855
3053.47,12.0491
3054.42,11.9853
3055.51,11.9452
3056.5,11.889
3057.61,11.8485
3058.51,11.8168
3059.46,11.7848
3060.57,11.7047
3061.49,11.6857
3062.47,11.6425
3063.55,11.6164
3064.51,11.5224
3065.45,11.5014
3066.55,11.5086
3067.5,11.4075
3068.59,11.3999
3069.6,11.328
3070.46,11.3111
3071.58,11.2417
3072.49,11.2423
3073.47,11.164
3074.63,11.0937
3075.52,11.0674
3076.68,11.0274
3077.51,11.0084
3078.52,10.9777
3079.64,10.8766
3080.6,10.853
3081.49,10.823
3082.59,10.7914
3084.48,10.6836
3085.63,10.6564
3086.57,10.594
3087.68,10.5447
3088.67,10.5188
3089.53,10.4944
3090.66,10.4326
3091.6,10.4356
3092.57,10.3579
3093.62,10.3414
3094.57,10.2936
3095.67,10.2351
3096.64,10.1873
3097.53,10.1504
3098.67,10.1242
3099.66,10.0928
3100.48,10.0517
3101.64,9.9995
3102.57,9.9505
3103.55,9.8978
3104.68,9.8795
3105.62,9.8208
3106.7,9.7822
3107.63,9.7546
3109.69,9.6851
3110.64,9.6371
3111.61,9.6011
3112.68,9.5909
3113.67,9.5253
3114.7,9.4923
3115.63,9.4751
3116.59,9.3915
3117.75,9.3484
3118.67,9.3377
3119.53,9.3306
3120.69,9.2786
3121.62,9.2606
3122.58,9.2111
3123.74,9.1514
3124.66,9.1195
3125.74,9.0961
3126.64,9.0791
3127.69,8.9742
3128.75,8.9591
3129.64,8.9667
3130.62,8.8958
3131.68,8.8759
3132.61,8.8259
3133.76,8.8169
3134.7,8.7676
3135.63,8.7457
3136.78,8.6908
3137.7,8.667
3138.65,8.617
3139.74,8.5697
3140.72,8.5836
3141.63,8.5607
3142.75,8.4812
3143.69,8.4389
3144.78,8.4114
3145.71,8.3824
3146.63,8.3684
3147.79,8.2823
3148.73,8.3107
3149.64,8.2557
3150.71,8.2882
3151.69,8.212
3152.76,8.1744
3153.75,8.111
3154.67,8.0957
3155.78,8.0746
3156.78,8.0172
3157.7,8.0189
3158.73,7.9903
3159.73,7.9738
3160.66,7.9009
3161.78,7.848
3162.66,7.8669
3163.83,7.85
3164.78,7.7875
3165.73,7.7659
3166.88,7.7522
3167.75,7.6857
3168.63,7.6425
3169.73,7.6674
3170.73,7.6218
3171.84,7.5887
3172.74,7.5593
3173.73,7.5279
3174.8,7.5392
3175.68,7.512
3176.71,7.4402
3177.84,7.4152
3178.78,7.4091
3179.7,7.341
3180.79,7.3647
3181.76,7.3311
3182.91,7.2485
3183.84,7.2699
3184.74,7.2663
3185.83,7.2113
3186.79,7.1731
3187.69,7.1914
3188.78,7.1901
3189.75,7.1413
3190.89,7.0851
3191.86,7.1053
3192.69,7.0703
3193.92,7.0539
3194.73,7.0007
3195.75,6.9806
3196.86,6.9871
3197.82,6.908
3198.93,6.8979
3200.79,6.8807
3201.87,6.8077
3202.75,6.8058
3203.78,6.7643
3204.88,6.76
3205.82,6.7476
3206.76,6.7423
3207.83,6.6827
3208.78,6.6744
3209.96,6.6094
3210.75,6.6503
3211.76,6.61
3212.83,6.5816
3213.82,6.5607
3214.73,6.5308
3215.83,6.5817
3216.8,6.4993
3217.92,6.5063
3218.85,6.4722
3219.78,6.4245
3220.98,6.4163
3221.83,6.4067
3222.81,6.3793
3223.9,6.3661
3224.84,6.3808
3225.79,6.3341
3226.89,6.2663
3227.81,6.3105
3228.95,6.2529
3229.9,6.2531
3230.88,6.1672
3231.94,6.1829
3232.86,6.1638
3233.83,6.1482
3234.89,6.136
3235.82,6.1603
3236.92,6.084
3237.97,6.0843
3238.78,6.1027
3239.99,6.0318
3240.85,6.017
3241.88,5.9781
3242.98,5.9763
3243.77,5.9963
3244.81,5.9369
3245.97,5.9044
3246.81,5.9275
3247.95,5.8991
3248.94,5.8956
3249.8,5.8693
3250.93,5.8766
3251.88,5.8468
3252.85,5.8392
3253.88,5.8233
3254.87,5.784
3256.02,5.764
3256.9,5.7415
3257.84,5.7235
3259.01,5.6583
3259.95,5.6697
3260.79,5.6979
3261.98,5.6562
3262.92,5.6438
3263.82,5.6795
3264.95,5.5679
3265.86,5.597
3267.02,5.5337
3267.96,5.5642
3268.92,5.4991
3269.97,5.4922
3270.9,5.4895
3271.88,5.4492
3272.96,5.4909
3273.85,5.4467
3274.97,5.4423
3275.92,5.4645
3276.92,5.4275
3278.05,5.3977
3278.99,5.3825
3279.87,5.3793
3281.01,5.3605
3281.93,5.3312
3282.81,5.3572
3283.95,5.3102
3284.91,5.2504
3285.95,5.2776
3287.01,5.2261
3287.83,5.2622
3288.97,5.2463
3290.02,5.1898
3290.89,5.16
3291.98,5.1992
3292.9,5.1649
3294.01,5.1693
3294.92,5.1467
3295.85,5.1215
3296.99,5.0892
3297.96,5.0509
3298.81,5.1044
3299.97,5.0553
3300.91,5.0538
3301.86,5.0676
3302.9,5.0346
3303.97,4.9973
3305,5.0102
3306.05,4.9929
3306.89,4.9275
3308.03,4.9537
3308.96,4.9182
3309.84,4.9208
3310.92,4.9411
3311.92,4.9044
3313,4.9122
3313.98,4.875
3314.98,4.8597
3316.1,4.8462
3317,4.8116
3317.89,4.8038
3319.05,4.7745
3319.96,4.8126
3320.88,4.7804
3322.02,4.7807
3322.94,4.7371
3324.06,4.73
3324.98,4.7246
3325.94,4.7571
3327.12,4.7104
3327.97,4.7142
3328.95,4.7061
3330.06,4.6937
3330.89,4.6628
3332.06,4.6386
3332.98,4.5774
3334.01,4.6273
3335.15,4.6312
3336.07,4.6241
3336.98,4.6084
3337.91,4.6333
3338.9,4.5926
3339.89,4.5683
3341.04,4.533
3342.05,4.5013
3343.1,4.5656
3344,4.5968
3344.95,4.5416
3346,4.5483
3346.93,4.5162
3347.99,4.4965
3348.98,4.5103
3349.99,4.445
3351.13,4.4298
3351.99,4.4025
3352.98,4.4358
3354.09,4.4164
3354.98,4.4407
3355.93,4.431
3357.07,4.3948
3358,4.3903
3358.88,4.4327
3360.07,4.382
3360.86,4.4207
3362,4.3466
3363.04,4.3001
3363.95,4.3226
3365.05,4.3392
3366.03,4.3059
3367,4.2541
3368.06,4.2644
3368.93,4.288
3370.07,4.2912
3371.02,4.2672
3371.95,4.2209
3373.1,4.2239
3374.03,4.2518
3374.94,4.2265
3376.07,4.1977
3377.05,4.1552
3377.9,4.1601
3379.01,4.1767
3379.98,4.165
3381.11,4.1586
3382.07,4.0889
3382.98,4.1226
3384.17,4.0755
3385.05,4.1087
3385.99,4.0658
3387.12,4.0669
3387.98,4.0931
3389.18,4.0858
3390.01,4.1122
3390.96,4.0918
3392.07,4.0482
3393.1,4.0267
3393.99,4.0368
3395.1,4.0388
3396,4.0293
3397.12,4.0427
3398.03,3.9647
3398.98,4.0168
3400.08,3.9687
3401,4.0013
3401.98,3.9383
3403.08,3.9285
3404.03,3.9657
3404.93,3.968
3406.06,3.9292
3407.01,3.9145
3408.14,3.9387
3409.07,3.8941
3409.97,3.8538
3411.15,3.8643
3412.01,3.886
3412.89,3.8796
3414.12,3.8353
3415.07,3.8314
3416.17,3.8469
3417.09,3.8381
3417.96,3.8577
3419.05,3.8427
3420.08,3.7946
3421.01,3.8072
3422.09,3.7932
3423.09,3.7579
3424.03,3.7663
3425.12,3.723
3425.95,3.7722
3427.14,3.7766
3428.13,3.7107
3428.96,3.7585
3430.12,3.733
3431.07,3.7404
3431.98,3.6955
3433.1,3.7195
3434.07,3.6974
3435.17,3.7138
3436.12,3.7017
3437.01,3.6625
3438.15,3.6857
3439.02,3.6512
3439.97,3.6498
3441.12,3.6292
3442.05,3.6462
3442.92,3.6433
3444.09,3.6325
3445.05,3.5848
3446.09,3.604
3447.11,3.6088
3448.03,3.572
3449.16,3.5629
3450.07,3.5882
3451,3.5502
3452.07,3.5674
3453.1,3.5403
3454.28,3.54
3455.13,3.5267
3456.04,3.5111
3457.14,3.5149
3458.1,3.5308
3459.03,3.4985
3460.13,3.4992
3461.08,3.4921
3462.04,3.4876
3463.12,3.5033
3464.06,3.4685
3465.22,3.4333
3466.13,3.4504
3466.99,3.4714
3468.12,3.4852
3469.03,3.4759
3469.98,3.4285
3471.18,3.4372
3472.03,3.4203
3473.22,3.4106
3474.12,3.4274
3475.07,3.3875
3476.16,3.3929
3477.12,3.3665
3478.03,3.3772
3479.13,3.396
3480.09,3.3805
3481,3.3356
3482.16,3.3524
3483.12,3.3385
3484.23,3.3211
3485.06,3.3795
3486.05,3.3163
3487.21,3.292
3488,3.3505
3489.03,3.3123
3490.19,3.309
3491.07,3.3191
3492.2,3.2956
3493.07,3.3101
3493.97,3.2956
3495.15,3.2681
3496.06,3.2714
3497.05,3.2856
3498.11,3.2568
3499.08,3.2582
3500,3.1865
3501.15,3.2335
3502.07,3.2441
3503.17,3.2029
3504.14,3.21
3505.05,3.2006
3506.18,3.1912
3507.13,3.2149
3508.1,3.2066
3509.15,3.1755
3510.06,3.2039
3511.23,3.1826
3512.06,3.1888
3513.15,3.1541
3514.2,3.122
3515.11,3.1543
3516.08,3.1635
3517.14,3.1356
3518.12,3.1633
3519.03,3.1149
3520.09,3.1181
3521.09,3.1254
3522.17,3.1098
3523.16,3.1035
3524.06,3.0899
3525.12,3.0938
3526.15,3.0573
3527.05,3.0814
3528.1,3.077
3529.08,3.0499
3530.12,3.0799
3531.08,3.0793
3532.04,3.051
3533.2,3.0425
3534.12,3.0034
3535.05,3.0162
3536.17,3.0392
3537.11,3.0231
3538,3.0311
3539.15,3.0127
3540.05,3.0094
3541.14,3.0054
3542.07,3.0372
3543.07,3.0269
3544.18,2.9599
3545.12,2.9892
3546.05,3.0135
3547.19,2.9796
3548.1,2.9979
3549.2,2.9547
3550.19,2.954
3551.04,2.9537
3552.21,2.9563
3553.09,2.9636
3554.09,2.94
3555.13,2.9338
3556.12,2.9359
3557.01,2.9146
3558.13,2.9393
3559.07,2.9295
3560.13,2.9614
3561.13,2.9298
3562.02,2.9032
3563.17,2.8866
3564.06,2.8951
3565.08,2.8921
3566.17,2.8901
3567.09,2.8957
3568.22,2.8966
3569.08,2.8744
3570.07,2.8849
3571.18,2.8608
3572.11,2.8629
3573.11,2.8348
3574.18,2.8529
3575.05,2.8608
3576.19,2.8358
3577.17,2.8628
3578.05,2.8399
3579.21,2.8395
3580.11,2.8517
3581.07,2.826
3582.17,2.8163
3583.14,2.8008
3584.05,2.7905
3585.21,2.7724
3586.07,2.7781
3587.22,2.838
3588.16,2.7856
3589.1,2.7962
3590.19,2.7868
3591.08,2.7808
3592.12,2.7563
3593.16,2.7744
3594.08,2.7761
3595.22,2.7765
3596.13,2.7461
3597.11,2.7588
3598.19,2.7141
3599.16,2.7015
3600.02,2.7162
3601.15,2.7369
3602.16,2.6995
3603.06,2.6976
3604.19,2.7153
3605.13,2.7192
3606.19,2.6975
3607.14,2.6864
3608.06,2.7215
3609.16,2.7302
3610.12,2.688
3610.98,2.6919
3612.17,2.6642
3613.09,2.6752
3614.22,2.6801
3615.14,2.6613
3616.09,2.681
3617.24,2.6477
3618.14,2.6447
3619.09,2.6395
3620.18,2.6701
3621.1,2.658
3622.04,2.6432
3623.18,2.6344
3624.11,2.631
3625.23,2.628
3626.15,2.6482
3627.09,2.6251
3628.21,2.6154
3629.11,2.6415
3630.07,2.6165
3631.22,2.6144
3632.14,2.6066
3633.25,2.6034
3634.12,2.5829
3635.15,2.5563
3636.27,2.5434
3637.13,2.5804
3638.09,2.5947
3639.24,2.5434
3640.15,2.5718
3641.05,2.5463
3642.14,2.5939
3643.12,2.5508
3644.27,2.5424
3645.16,2.5939
3646.08,2.5293
3647.14,2.5202
3648.18,2.5306
3649.1,2.5707
3650.14,2.5338
3651.07,2.5407
3652.21,2.5541
3653.19,2.5398
3654.16,2.5021
3655.19,2.5252
3656.09,2.5411
3657.08,2.4977
3658.2,2.4911
3659.15,2.4979
3660.02,2.4966
3661.18,2.4923
3662.14,2.4717
3663.24,2.4785
3664.17,2.4444
3665.06,2.5004
3666.2,2.4841
3667.15,2.4511
3667.97,2.5002
3669.23,2.4637
3670.09,2.4789
3671.22,2.4654
3672.17,2.4449
3673.05,2.4674
3674.23,2.4003
3675.09,2.4408
3676.09,2.421
3677.2,2.4286
3678.03,2.4808
3679.11,2.4122
3680.25,2.4558
3681.12,2.4292
3682.22,2.4186
3683.14,2.4426
3684.08,2.4085
3685.2,2.4015
3686.14,2.4084
3687.06,2.4119
3688.19,2.3687
3689.14,2.398
3690.2,2.43
3691.11,2.3765
3692.13,2.3894
3693.26,2.3728
3694.11,2.4268
3695.03,2.3906
3696.21,2.3786
3697.13,2.3565
3698.1,2.3535
3699.18,2.3368
3700.1,2.3486
3701.24,2.3257
3702.19,2.3531
3703.09,2.3543
3704.21,2.3597
3705.12,2.3447
3706.03,2.3594
3707.24,2.2902
3708.09,2.3513
3709.26,2.3042
3710.11,2.3353
3711.08,2.3241
3712.24,2.3381
3713.15,2.3308
3714.11,2.2814
3715.12,2.3245
3716.14,2.3102
3717.05,2.2816
3718.16,2.3115
3719.1,2.2775
3720.27,2.2779
3721.15,2.313
3722.1,2.3074
3723.23,2.2853
3724.19,2.2578
3725.02,2.3174
3726.2,2.27
3727.1,2.3014
3728.25,2.272
3729.19,2.2863
3730.1,2.2425
3731.25,2.2391
3732.17,2.2685
3733.14,2.277
3734.16,2.2747
3735.12,2.2506
3736.08,2.2458
3737.22,2.2393
3738.09,2.251
3739.2,2.2399
3740.09,2.2422
3741.1,2.2179
3742.21,2.2434
3743.16,2.2277
3744.04,2.2291
3745.19,2.1963
3746.1,2.2301
3747.25,2.223
3748.17,2.2232
3749.08,2.1973
3750.22,2.2326
3751.16,2.2225
3752.11,2.2136
3753.2,2.1931
3754.11,2.1977
3755.3,2.196
3756.21,2.1922
3757.08,2.205
3758.22,2.2059
3759.13,2.2174
3760.04,2.2073
3761.26,2.1965
3762.12,2.2321
3763.05,2.165
3764.18,2.1789
3765.1,2.1691
3766.23,2.1551
3767.15,2.1872
3768.11,2.1848
3769.15,2.1897
3770.2,2.1623
3771.06,2.1962
3772.2,2.1397
3773.04,2.184
3774.26,2.1722
3775.18,2.1279
3776.09,2.1917
3777.19,2.1545
3778.16,2.1283
3779.04,2.1691
3780.21,2.1081
3781.14,2.1163
3782.04,2.1185
3783.19,2.1079
3784.14,2.108
3785.26,2.142
3786.16,2.1052
3787.04,2.1674
3788.21,2.1049
3789.1,2.1242
3790.04,2.1024
3791.21,2.0886
3792.1,2.1045
3793.23,2.0938
3794.13,2.0961
3795.08,2.1259
3796.22,2.0974
3797.16,2.0514
3798.07,2.1073
3799.2,2.0593
3800.08,2.0742
3801.04,2.0865
3802.14,2.062
3803.1,2.078
3804.18,2.0833
3805.21,2.0643
3806.06,2.0684
3807.16,2.0813
3808.08,2.0648
3809.06,2.0378
3810.18,2.0725
3811.11,2.0755
3812.26,2.0771
3813.19,2.062
3814.09,2.0779
3815.21,2.0614
3816.19,2.0252
3817.06,2.0419
3818.23,2.0665
3819.12,2.0639
3820.06,2.0502
3821.13,2.0615
3822.13,2.016
3823.17,2.0693
3824.16,2.0416
3825.07,2.0563
3826.25,2.0175
3827.11,2.0233
3828,2.0355
3829.19,2.0396
3830.15,1.9836
3831.22,1.9859
3832.13,2.016
3833.05,2.0283
3834.18,2.0185
3835.1,2.0439
3835.98,2.0417
3837.17,1.9972
3838.07,2.0196
3839.02,1.9752
3840.13,1.9849
3841.1,2.0182
3842.17,2.0119
3843.15,2.0053
3844.06,2.0316
3845.18,1.9557
3846.12,1.9843
3847.02,1.9832
3848.15,2.0105
3849.09,1.9606
3850.24,1.9526
3851.22,1.9163
3852.09,1.9427
3853.18,1.9825
3854.06,2.0041
3855.03,1.9967
3856.16,1.9444
3857.13,1.959
3858.08,1.9251
3859.11,1.9762
3860.07,1.9663
3861.22,1.9482
3862.11,1.9418
3862.99,1.9662
3864.17,1.9234
3865.07,1.9434
3866.03,1.9558
3867.15,1.9482
3868.03,1.9526
3869.22,1.9412
3870.16,1.9107
3871.03,1.949
3872.25,1.9257
3873.17,1.9213
3874,1.9245
3875.16,1.9213
3876.15,1.9433
3876.98,1.9472
3878.12,1.9684
3879.08,1.9378
3880.2,1.946
3881.1,1.9238
3881.99,1.888
3883.2,1.9344
3884.12,1.907
3885.07,1.9052
3886.13,1.9143
3887.11,1.9159
3888.19,1.9091
3889.09,1.9076
3890.09,1.9134
3891.21,1.9274
3892.09,1.9004
3893.06,1.8973
3894.14,1.9171
3895.09,1.8816
3896.04,1.9115
3897.17,1.8757
3898.13,1.8544
3899.17,1.9212
3900.07,1.9217
3901.05,1.8665
3902.2,1.8595
3903.12,1.8362
3904.05,1.8678
3905.17,1.8557
3906.06,1.8517
3907.23,1.8625
3908.12,1.8799
3909.06,1.8685
3910.12,1.8596
3911.1,1.8426
3912.05,1.8643
3913.15,1.8536
3914.1,1.8268
3915.04,1.8725
3916.1,1.8438
3917.1,1.8477
3918.15,1.8796
3919.2,1.8062
3920.01,1.8727
3921.26,1.8105
3922.1,1.8569
3923.02,1.9013
3924.16,1.8467
3925.01,1.8557
3926.19,1.8553
3927.09,1.8706
3928.08,1.8064
3929.15,1.8527
3930.09,1.8314
3930.96,1.8387
3932.12,1.8398
3933.02,1.8787
3934.17,1.8241
3935.16,1.8183
3936.1,1.8302
3937.18,1.796
3938.09,1.8243
3938.95,1.8026
3940.12,1.8048
3941.17,1.7855
3942.05,1.833
3943.14,1.8239
3944.1,1.8081
3945.18,1.8095
3946.17,1.7437
3947.04,1.8232
3948.12,1.7876
3949.09,1.7631
3950.03,1.8179
3951.14,1.8438
3952.02,1.8118
3953.13,1.7852
3954.09,1.7896
3954.99,1.8076
3956.11,1.8109
3957.06,1.7593
3958.06,1.7663
3959.23,1.7344
3960.08,1.8094
3961.02,1.7854
3962.07,1.8295
3963.06,1.7714
3964.2,1.7973
3965.11,1.7952
3967.18,1.8102
3968.08,1.7346
3968.98,1.7615
3970.16,1.7281
3970.99,1.7445
3972.26,1.7744
3973.1,1.7977
3974.14,1.7333
3975.12,1.7687
3976.06,1.7718
3976.95,1.7666
3978.08,1.7811
3979.07,1.7936
3980.02,1.7437
3981.14,1.788
3982.08,1.7882
3983.17,1.7417
3984.06,1.7533
3984.97,1.7298
3986.17,1.7208
3987.17,1.6713
3988.09,1.7073
3989.09,1.7159
3989.98,1.7579
3991.2,1.7469
3992.08,1.7283
3992.97,1.7343
3994.06,1.7163
3995.01,1.7342
3996.09,1.736
3997.1,1.6828
3998.09,1.725
3999.02,1.7304
4000.05,1.6947
4001.03,1.6961
4002.11,1.7071
4003.01,1.7277
4003.91,1.696
4005.1,1.7068
4006.05,1.7369
4006.96,1.7092
4008.02,1.7378
4009.07,1.6743
4010.11,1.6708
4011.09,1.7035
4011.99,1.7147
4013.11,1.6953
4014.07,1.7025
4014.97,1.7057
4016.03,1.6958
4017.02,1.7073
4017.97,1.6636
4019.04,1.6926
4020.03,1.7116
4021.11,1.6994
4022,1.6584
4023.05,1.6542
4024.14,1.6554
4025.11,1.6729
4025.94,1.6944
4027.13,1.662
4028,1.6668
4029.11,1.6373
4030.03,1.694
4030.93,1.692
4032.04,1.6508
4033.01,1.6799
4033.96,1.6561
4035.12,1.6704
4036.01,1.6699
4036.89,1.6738
4038.06,1.6664
4038.99,1.6732
4040.2,1.6016
4041.06,1.6046
4041.95,1.6599
4043.03,1.6506
4044.04,1.6308
4045.05,1.6002
4046.05,1.6776
4047.06,1.6486
4048.15,1.6691
4049.11,1.6049
4049.95,1.6402
4051.09,1.6328
4052.08,1.6256
4052.98,1.6561
4054.07,1.6164
4055.06,1.6211
4055.93,1.642
4057.15,1.6075
4057.99,1.5954
4059.06,1.611
4060.08,1.5793
4060.99,1.6347
4062.05,1.6404
4062.93,1.6451
4064,1.6329
4065.1,1.6373
4066,1.6108
4067.11,1.6365
4068.05,1.631
4069.04,1.5912
4070.12,1.6193
4071.12,1.6087
4071.89,1.6531
4073.14,1.5774
4074.02,1.5671
4074.92,1.5835
4076,1.6003
4077.02,1.6227
4078.06,1.6412
4079.02,1.5887
4079.89,1.6156
4081.08,1.6288
4082,1.6064
4082.92,1.579
4084.08,1.5897
4084.99,1.5963
4086.09,1.6193
4087.04,1.6018
4088.01,1.5695
4089.11,1.574
4090.04,1.6095
4090.95,1.6039
4092.03,1.5929
4092.98,1.5746
4093.96,1.5512
4095.04,1.5357
4096.02,1.5504
4097.13,1.5875
4098.06,1.5753
4098.96,1.54
4100.07,1.5663
4100.99,1.6015
4101.97,1.542
4103.16,1.5088
4104.06,1.5579
4105.12,1.56
4106.04,1.5473
4107,1.5808
4108.06,1.617
4109.02,1.5531
4109.99,1.5551
4111.13,1.5471
4112.02,1.5757
4113.08,1.5432
4114.14,1.5434
4115,1.5209
4116.1,1.5204
4117.02,1.5457
4117.96,1.5376
4119.08,1.5361
4120,1.5347
4120.92,1.5699
4122.08,1.5217
4123,1.5547
4124.11,1.5479
4125.07,1.5296
4125.97,1.5157
4127.09,1.5415
4160.1,1.4933
4180.03,1.4317
4200.06,1.4384
4220.02,1.3894
4239.98,1.3727
4260.12,1.3369
4280,1.359
4299.95,1.3205
4320.06,1.3009
4340.01,1.2653
4360.11,1.2685
4380.01,1.2866
4399.99,1.2402
4420.08,1.1985
4440.01,1.2325
4459.96,1.2191
4480.1,1.1454
4500.02,1.1521
4520.1,1.1388
4540.05,1.1242
4559.95,1.1238
4580.1,1.0827
4600.02,1.0758
4619.94,1.0792
4640.07,1.0485
4659.91,1.0631
4680.18,1.0277
4700,1.05
4720,1.0245
4740.12,0.9746
4760.02,0.9612
4780,0.9672
4800.08,0.9659
4820.04,0.9347
4840.09,0.9604
4860.03,0.9441
4880.07,0.8923
4900.09,0.9016
4920.01,0.8989
4939.97,0.8992
4960.08,0.9129
4979.99,0.8904
5000.09,0.8731
5020.07,0.8463
5040.01,0.8702
5060.1,0.8309
5080.02,0.8285
5099.98,0.8329
5120.1,0.7974
5140.02,0.7981
5160.15,0.8377
5180.05,0.8165
5200.07,0.7246
5220.12,0.7931
5240.04,0.7707
5259.96,0.7478
5280.06,0.7691
5300.03,0.794
5320.11,0.7366
5340.15,0.7268
5360.01,0.6912
5380.16,0.7053
5400.08,0.7567
5420,0.7415
5440.08,0.7006
5460.01,0.7351
5480.15,0.7124
5500.09,0.6855
5520,0.7126
5540.15,0.6724
5560.1,0.705
5580.02,0.6765
5600.13,0.6609
5620.01,0.6495
5640.11,0.6426
5660.1,0.6094
5680.06,0.5966
5700.06,0.645
5720.05,0.6335
5739.95,0.6234
5760.11,0.6146
5780.05,0.6335
5800.12,0.6036
5820.06,0.6237
5840.02,0.5841
5860.09,0.5872
5880.08,0.581
5900,0.5856
5920.04,0.613
5940.04,0.5692
5960.18,0.5332
5980.09,0.5964
6000,0.5745
6020.11,0.5906
6040.03,0.5993
6060,0.577
6080.1,0.5743
6100.11,0.506
6119.95,0.5241
6140.15,0.5286
6160.02,0.5583
6180.19,0.5169
6200.1,0.5196
6219.99,0.5123
6240.1,0.508
6259.97,0.5276
6279.99,0.5201
6300.11,0.4917
6320.05,0.4772
6340.14,0.5176
6360.06,0.4597
6379.97,0.5171
6400.06,0.5242
6420.04,0.4609
6439.95,0.4758
6460.13,0.4731
6479.97,0.4624
6500.15,0.4433
6520.08,0.466
6540.04,0.4118
6560.09,0.4924
6580.07,0.4479
6599.93,0.4429
6620.1,0.4391
6640.01,0.4735
6660.1,0.4628
6680.02,0.4559
6700.07,0.4154
6720.14,0.4429
6740.04,0.4499
6759.96,0.4301
6780.11,0.446
6800.06,0.4134
6820.16,0.4083
6840.04,0.418
6859.98,0.438
6880.14,0.4157
6900.03,0.4029
6919.96,0.4055
6940.12,0.401
6960.01,0.4079
6980.17,0.393
7000.09,0.3928
7019.99,0.38
7040.09,0.4142
7060.04,0.4008
7079.88,0.4049
7100.13,0.3728
7119.99,0.3668
7140.15,0.336
7160.1,0.3762
7180.02,0.393
7200.16,0.3913
7220.05,0.3377
7239.97,0.3701
7260.08,0.3637
7280,0.3745
7300.12,0.377
7320.11,0.3719
7339.98,0.3516
7360.13,0.3485
7380.03,0.3393
7399.99,0.3157
7420.03,0.3816
7440.02,0.3608
7460.12,0.3533
7480.08,0.332
7499.99,0.3339
7520.18,0.2942
7540.06,0.3212
7559.94,0.3202
7580.05,0.3324
7599.99,0.3322
7620.17,0.329
7640.05,0.3191
7659.96,0.3337
7680.12,0.3057
7700.1,0.3157
7719.97,0.3086
7740.07,0.3076
7760.1,0.2675
7780.16,0.2996
7800.09,0.2948
7820,0.3017
7840.16,0.2921
7860.02,0.3195
7880.01,0.2819
7900.12,0.2541
7919.99,0.2779
7940.13,0.2676
7960.06,0.3094
7980.01,0.3241
8000.13,0.2763
8020.15,0.2506
8039.97,0.277
8060.07,0.3131
8080.01,0.2789
8100.12,0.2919
8120.05,0.2591
8140.01,0.3059
8160.1,0.2801
8180.01,0.2609
8199.98,0.2745
8220.17,0.2484
8240.05,0.2301
8260.1,0.2781
8280.08,0.2677
8300.01,0.2349
8320.09,0.2468
8340.07,0.2435
8359.97,0.2707
8380.06,0.25
8400.07,0.2189
8420.19,0.2305
8440.07,0.2306
8460,0.2277
8480.1,0.2636
8500.1,0.2308
8520,0.2362
8540.12,0.2125
8560.05,0.2316
8580.13,0.248
8600.05,0.2269
8619.99,0.1984
8640.16,0.209
8660.05,0.2105
8680.02,0.2162
8700.15,0.1728
8720.07,0.2451
8740.13,0.2052
8760.08,0.2246
8780.03,0.1674
8800.16,0.2144
8820.05,0.2022
8840.01,0.2175
8860.1,0.2127
8880,0.2058
8900.21,0.1771
8920.08,0.2118
8940.05,0.1817
8960.15,0.175
8980.07,0.1719
8999.98,0.2092
9020.16,0.1652
9040,0.203
9060.14,0.1538
9080.09,0.1712
9100.01,0.1533
9120.18,0.17
9140.06,0.1821
9160.04,0.1454
9180.11,0.1799
9200.08,0.1857
9219.94,0.1854
9240.07,0.16
9259.93,0.2063
9280.14,0.1585
9300.05,0.1835
9320,0.1366
9340.11,0.1531
9360.11,0.1439
9379.96,0.1141
9400.12,0.1554
9420.03,0.1498
9440.12,0.1687
9460.1,0.1719
9479.99,0.1531
9500.1,0.1495
9519.96,0.1399
9539.99,0.1346
9560.07,0.1149
9580.01,0.1704
9600.19,0.1107
9620.1,0.1128
9640.02,0.1307
9660.12,0.1119
9680.02,0.1414
9699.98,0.1305
9720.07,0.1253
9739.99,0.1297
9760.22,0.0737
9780.12,0.1198
9800.02,0.109
9820.19,0.0965
9840.02,0.1406
9859.98,0.1143
9880.11,0.0722
9900.01,0.0839
9920.14,0.0999
9940.07,0.0531
9959.98,0.063
9980.06,0.1286
10000.1,0.109
10020,0.0793
10040.2,0.0406
10060,0.0784
10080.2,0.0726
10100.1,0.0469
10120,0.0518
10140.2,0.077
10160.1,0.0141
10180,0.0549
10200.1,0.0574
10220,0.0146
10240.2,0.0456
10260.1,0.0658
10280,0.0556
10300.1,0.0471
10320.1,0.0434
10340,0.019
10360.1,0.04
10380.1,0.0475
10400.2,0.032
10420.1,-0.006
10440,0.0395
10460.2,0.0514
10480.1,0.0509
10500,0.0553
10520,0.0497
10540,0.0395
10560.2,0.037
10580.1,0.0357
10600,0.0209
10620.2,-0.007
10640.1,0.0667
10660.1,0.0002
10680.1,0.0319
10700,0.0558
10720.2,0.0006
10740.1,-0.0042
10760.1,0.0003
10780.1,0.0144
10800.1,-0.0153
10820,0.0136
10840.2,-0.0172
10860.1,-0.0028
10880.2,-0.032
10900.1,-0.0145
10920.1,-0.0216
10940.2,-0.0121
10960.1,-0.014
10980,-0.0303
11000.2,-0.0167
11020.1,0.0036
11040.1,0.0098
11060.2,-0.0649
11080,0
11100.2,0.0086
11120.1,0.0052
11140,-0.0125
11160.2,-0.0329
11180,-0.0336
11200.2,-0.0368
11220,-0.0268
11240,0.0098
11260.1,-0.0729
11280.1,-0.0122
11300,-0.0236
11320.1,-0.0147
11340.1,-0.0329
11360.2,-0.0505
11380.1,-0.0601
11400,-0.0535
11420.1,-0.0316
11440.1,-0.0361
11460,-0.0248
11480.1,-0.0561
11500.1,-0.0303
11520.2,-0.0927
11540.2,-0.0819
11560.1,-0.0475
11580.1,-0.0538
11600,-0.0315
11620,-0.0513
11640.1,-0.0797
11660,-0.0507
11680.1,-0.0522
11700.1,-0.0407
11720.1,-0.0838
11740.2,-0.0484
11760.1,-0.0546
11780.1,-0.0787
11800.1,-0.0638
11820.1,-0.1171
11840.2,-0.1094
11860.1,-0.0718
11880,-0.0276
11900.2,-0.053
11920.1,-0.0978
11940,-0.0762
11960.1,-0.09
11980.1,-0.1113
12000.2,-0.0726
12020.1,-0.0889
12040.1,-0.0782
12060.1,-0.0981
12080.1,-0.0937
12100,-0.1185
12120.2,-0.1121
12140.1,-0.1141
12160.2,-0.1274
12180.2,-0.1419
12200,-0.0945
12220.1,-0.132
12240,-0.0997
12260.1,-0.1269
12280.2,-0.1404
12300.1,-0.1274
12320,-0.1341
12340.1,-0.1346
12360,-0.1
12380.2,-0.1375
12400.2,-0.1539
12420,-0.1304
12440.2,-0.164
12460.1,-0.1909
12480,-0.1582
12500.1,-0.1323
12520,-0.1256
12540.2,-0.1307
12560.1,-0.1802
12580.1,-0.1611
12600.1,-0.164
12620,-0.1489
12640.1,-0.1579
12660.2,-0.1349
12680.1,-0.161
12700.2,-0.1695
12720.1,-0.1469
12740.1,-0.1714
12760.1,-0.1817
12780,-0.1752
12800,-0.1559
12820.1,-0.168
12840.1,-0.1677
12860.2,-0.161
12880.1,-0.2105
12900,-0.1546
12920.2,-0.2168
12940.2,-0.2011
12960,-0.2048
12980.1,-0.22
13000.1,-0.2188
13020.2,-0.1784
13040.1,-0.2292
13060,-0.198
13080.2,-0.202
13100.1,-0.1951
13120.1,-0.2268
13140.1,-0.2153
13160.1,-0.2017
13180.2,-0.2227
13200.2,-0.2745
13220,-0.2067
13240.2,-0.2251
13260.1,-0.2576
13280,-0.2519
13300.2,-0.2018
13320.1,-0.274
13340.2,-0.2555
13360.1,-0.2608
13380.1,-0.2592
13400.2,-0.2623
13420.1,-0.2703
13440,-0.2749
13460.1,-0.2386
13480.1,-0.2535
13500.2,-0.2673
13520.1,-0.2737
13540.1,-0.2818
13560.2,-0.2586
13580.1,-0.2754
13600,-0.3034
13620.2,-0.3046
13640.1,-0.3044
13660.2,-0.3021
13680.1,-0.2648
13700.1,-0.3041
13720.1,-0.2952
13740.1,-0.2954
13760.1,-0.282
13780.1,-0.2947
13800.1,-0.2829
13820.2,-0.3137
13840.1,-0.3176
13860,-0.3092
13880.2,-0.3102
13900.1,-0.2976
13920,-0.3205
13940.2,-0.3403
13960.1,-0.3265
13980.2,-0.3101
14000.1,-0.3538
14020.1,-0.3828
14040.2,-0.3731
14060.1,-0.3699
14080,-0.3643
14100.2,-0.3599
14120.1,-0.3681
14140.2,-0.3615
14160.1,-0.3769
14180,-0.3815
14200.2,-0.3752
14220.1,-0.344
14240.1,-0.3803
14260.1,-0.354
14280.1,-0.3992
14300.2,-0.3839
14320.1,-0.3663
14340,-0.3401
14360.2,-0.395
14380.1,-0.426
14400.1,-0.4089
14420.2,-0.4038
14440.1,-0.4038
14460.2,-0.4375
14480.1,-0.441
14500.1,-0.4347
14520.2,-0.4387
14540.2,-0.482
14560.1,-0.4175
14580.2,-0.4088
14600.1,-0.4453
14620.2,-0.4686
14640.1,-0.4464
14660.1,-0.4262
14680.2,-0.4737
14700.2,-0.4826
14720,-0.4585
14740.2,-0.509
14760.2,-0.4702
14780.2,-0.4921
14800.2,-0.4841
14820.1,-0.5098
14840.2,-0.4968
14860.1,-0.5132
14880.1,-0.483
14900.1,-0.4979
14920.1,-0.511
14940.2,-0.5158
14960.1,-0.5324
14980.1,-0.5328
15000.2,-0.5432
15020.2,-0.5673
15040.1,-0.5502
15060.2,-0.5534
15080.1,-0.5479
15100.2,-0.5665
15120.1,-0.5593
15140.1,-0.5626
15160.2,-0.5759
15180.2,-0.583
15200.1,-0.6141
15220.2,-0.5854
15240.1,-0.6034
15260.2,-0.57
15280.1,-0.5755
15300.1,-0.6743
15320.2,-0.6264
15340.1,-0.6151
15360,-0.6253
15380.2,-0.6066
15400.1,-0.6411
15420,-0.6343
15440.2,-0.6349
15460.1,-0.6609
15480.2,-0.6644
15500.1,-0.6741
15520.1,-0.6631
15540.2,-0.6947
15560.1,-0.6366
15580,-0.6913
15600.2,-0.7359
15620.1,-0.6993
15640.2,-0.7226
15660.1,-0.7227
15680,-0.6893
15700.2,-0.7235
15720.1,-0.7458
15740,-0.7314
15760.2,-0.7438
15780.1,-0.7691
15800.2,-0.7399
15820.1,-0.7641
15840.1,-0.7697
15860.2,-0.7924
15880.1,-0.7691
15900.1,-0.8152
15920.2,-0.8413
15940.1,-0.8077
15960.2,-0.8206
15980.2,-0.8319
16000,-0.8711
16020.2,-0.8717
16040,-0.8275
16060,-0.8517
16080.2,-0.882
16100.1,-0.8819
16120.2,-0.8718
16140.1,-0.8818
16160,-0.9197
16180.2,-0.9329
16200.1,-0.89
16220.1,-0.9308
16240.2,-0.9528
16260.1,-0.9932
16280.2,-0.9837
16300.1,-0.9767
16320.1,-1.0185
16340.2,-1.012
16360.2,-1.0213
16380,-1.0283
16400.1,-1.0228
16420.1,-1.0421
16440.2,-1.0893
16460.2,-1.1139
16480.1,-1.0865
16500.2,-1.0931
16520.2,-1.1503
16540,-1.1664
16560.2,-1.1692
16580.1,-1.1224
16600.2,-1.156
16620.2,-1.2016
16640.1,-1.1895
16660.2,-1.1843
16680.1,-1.223
16700.1,-1.2237
16720.2,-1.2572
16740,-1.2205
16760.2,-1.2719
16780.1,-1.2448
16800.1,-1.3091
16820.2,-1.3181
16840.1,-1.3143
16860.1,-1.3645
16880.2,-1.388
16900.1,-1.3814
16920.2,-1.4032
16940.2,-1.4422
16960.1,-1.4103
16980.2,-1.471
17000.2,-1.4708
17020,-1.5021
17040.1,-1.4883
17060.1,-1.5316
17080.2,-1.5182
17100.1,-1.5653
17120.1,-1.6032
17140.3,-1.6468
17160.2,-1.6437
17180.1,-1.6628
17200.2,-1.689
17220.1,-1.7648
17240.2,-1.6986
17260.2,-1.737
17280.1,-1.7575
17300.3,-1.7829
17320.2,-1.8149
17340,-1.8498
17360.2,-1.9084
17380.1,-1.9275
17400.2,-1.9286
17420.1,-1.975
17440.1,-1.9934
17460.2,-2.0112
17480.1,-2.0099
17500.1,-2.0648
17520.2,-2.0928
17540.1,-2.1458
17560.3,-2.1832
17580.2,-2.2192
17600.1,-2.2587
17620.2,-2.2666
17640.2,-2.3252
17660,-2.3484
17680.1,-2.3513
17700.1,-2.3811
17720.2,-2.4727
17740.2,-2.5025
17760,-2.49
17780.2,-2.5244
17800.1,-2.551
17820.1,-2.6267
17840.2,-2.602
17860.1,-2.6588
17880.3,-2.716
17900.2,-2.7705
17920.1,-2.7543
17940.2,-2.7957
17960.2,-2.8091
17980.2,-2.8413
18000.2,-2.8159
18020.1,-2.8816
18040.2,-2.8719
18060.1,-2.9068
18080.1,-2.9098
18100.2,-2.9354
18120.2,-2.9132
18140.1,-2.9018
18160.2,-2.8358
18180.1,-2.8012
18200.2,-2.714
18220.2,-2.7108
18240.1,-2.6511
18260.3,-2.5622
18280.2,-2.4729
18300.2,-2.3844
18320.3,-2.244
18340.2,-2.0769
18360.1,-1.9239
18380.2,-1.7538
18400.1,-1.5609
18420.3,-1.3461
18440.2,-1.1561
18460.1,-0.9129
18480.2,-0.6267
18500.1,-0.4103
18520,-0.1473
18540.2,0.0592
18560.2,0.2992
18580.2,0.5763
18600.1,0.8263
18620.1,1.0911
18640.1,1.3143
18660.1,1.5263
18680.1,1.7132
18700.1,1.8864
18720.1,2.0465
18740.3,2.2313
18760.1,2.4106
18780.1,2.5055
18800.2,2.6425
18820.1,2.7314
18840.1,2.8256
18860.1,2.9492
18880.1,2.9573
18900.2,3.0401
18920.1,3.0622
18940.1,3.1031
18960.2,3.1437
18980.1,3.1582
19000.1,3.1417
19020.2,3.1686
19040.1,3.2015
19060.2,3.193
19080.1,3.2079
19100.1,3.1662
19120.3,3.0909
19140.1,3.1413
19160.1,3.1414
19180.2,3.1021
19200.1,3.0436
19220.2,3.0149
19240.1,3.0368
19260.1,3.0061
19280.2,2.9369
19300.2,2.9184
19320.1,2.9173
19340.2,2.8993
19360.2,2.827
19380.2,2.8076
19400.2,2.7846
19420.1,2.7409
19440.2,2.7245
19460.2,2.6772
19480.1,2.6513
19500.2,2.6228
19520.2,2.5771
19540.3,2.5204
19560.1,2.5603
19580.1,2.5137
19600.2,2.4754
19620.2,2.4372
19640.1,2.416
19660.2,2.3773
19680.2,2.3432
19700.3,2.3071
19720.2,2.2936
19740.2,2.2756
19760.2,2.2535
19780.1,2.1923
19800.1,2.2225
19820.2,2.1608
19840.1,2.1692
19860.2,2.1756
19880.2,2.0805
19900,2.1448
19920.2,2.1208
19940.1,2.0547
19960.1,2.009
19980.2,1.9367
20000.1,1.9487
20020.3,1.9261
20040.2,1.9238
20060.2,1.9122
20080.2,1.8952
20100.2,1.9203
20120.1,1.8827
20140.2,1.8178
20160.2,1.8176
20180.2,1.8151
20200.2,1.7844
20220.1,1.787
20240.2,1.7259
20260.1,1.777
20280.2,1.6812
20300.2,1.7138
20320.2,1.6774
20340.3,1.6657
20360.2,1.6742
20380.1,1.6505
20400.2,1.5986
20420.2,1.6078
20440.1,1.6322
20460.1,1.6084
20480.1,1.5885
20500.2,1.5566
20520.2,1.5634
20540.2,1.5194
20560.2,1.5485
20580.1,1.5231
20600.1,1.4623
20620.1,1.4854
20640.2,1.4778
20660.2,1.4903
20680.3,1.3839
20700.2,1.3977
20720.2,1.426
20740.2,1.4086
20760.1,1.4173
20780.3,1.393
20800.1,1.3987
20820.2,1.3737
20840.2,1.3805
20860.1,1.3594
20880.2,1.3854
20900.2,1.3097
20920.1,1.3346
20940.3,1.2987
20960.2,1.2958
20980.3,1.3151
21000.3,1.2778
21020.1,1.2803
21040.2,1.2521
21060.2,1.2932
21080.1,1.2518
21100.2,1.2642
21120.2,1.2392
21140.3,1.2148
21160.2,1.2289
21180.2,1.1919
21200.3,1.2157
21220.3,1.1739
21240.1,1.1756
21260.2,1.1597
21280.1,1.2307
21300.3,1.1909
21320.2,1.1567
21340.1,1.1252
21360.3,1.1396
21380.2,1.137
21400.1,1.1251
21420.2,1.1273
21440.1,1.1422
21460,1.1608
21480.2,1.0966
21500.1,1.1021
21520.3,1.0891
21540.2,1.0626
21560.1,1.0978
21580.2,1.047
21600.2,1.0735
21620.1,1.0069
21640.1,1.0738
21660.1,1.0623
21680.3,1.0359
21700.2,1.0234
21720.1,1.0229
21740.2,1.0147
21760.2,1.0096
21780.1,1.0024
21800.2,1.0048
21820.2,0.9805
21840.3,0.9786
21860.2,0.9965
21880.1,0.9609
21900.3,0.9676
21920.3,0.9303
21940.1,0.9423
21960.2,1.0021
21980.1,0.944
22000.2,0.9597
22020.2,0.9809
22040.1,0.962
22060.2,0.9199
22080.1,0.9411
22100.2,0.8838
22120.2,0.9633
22140.2,0.8998
22160.3,0.9092
22180.2,0.9388
22200.1,0.9239
22220.3,0.8934
22240.2,0.8739
22260,0.9181
22280.3,0.8464
22300.2,0.8728
22320.3,0.8764
22340.2,0.8617
22360.2,0.8756
22380.2,0.892
22400.2,0.8766
22420.1,0.858
22440.2,0.8659
22460.1,0.8726
22480.2,0.858
22500.2,0.8321
22520.1,0.8443
22540.2,0.8385
22560.2,0.8564
22580.1,0.8233
22600.3,0.8183
22620.1,0.8449
22640.3,0.8063
22660.2,0.8305
22680.1,0.8123
22700.3,0.7837
22720.2,0.822
22740.1,0.7719
22760.2,0.8164
22780.2,0.778
22800.3,0.792
22820.2,0.7946
22840.2,0.7467
22860.3,0.7754
22880.2,0.7602
22900.1,0.7772
22920.2,0.7611
22940.1,0.7908
22960.3,0.755
22980.2,0.7488
23000.2,0.7605
23020.2,0.8056
23040.2,0.7498
23060.1,0.7385
23080.3,0.7028
23100.2,0.7166
23120.3,0.7347
23140.2,0.7559
23160.2,0.7413
23180.3,0.7416
23200.2,0.7038
23220.1,0.7449
23240.2,0.7079
23260.1,0.7661
23280.3,0.7199
23300.2,0.7069
23320.2,0.7138
23340.1,0.7438
23360.3,0.6635
23380.1,0.6865
23400.2,0.6868
23420.2,0.7033
23440.3,0.6867
23460.2,0.6797
23480.2,0.7159
23500.3,0.6854
23520.2,0.6879
23540.1,0.6959
23560.3,0.6455
23580.2,0.6408
