979.436	1.87
1019.5	-4.0685
1039.47	-4.1061
1060.18	-4.2394
1080.31	-4.3434
1100.48	-4.408
1120.29	-4.5564
1140.36	-4.663
1160.49	-4.923
1180.28	-4.9254
1199.73	-4.9792
1219.81	-5.0291
1239.83	-5.1995
1259.88	-5.3696
1279.76	-5.4858
1299.76	-5.627
1319.86	-5.7303
1339.81	-5.866
1359.97	-6.0136
1379.93	-6.1056
1399.84	-6.2495
1420.07	-6.4291
1440	-6.5277
1459.93	-6.763
1480	-6.8872
1500.03	-7.051
1519.87	-7.1774
1540.05	-7.3848
1559.93	-7.5263
1580.1	-7.6878
1599.99	-7.8641
1619.97	-8.0698
1640.04	-8.2002
1660.06	-8.4758
1679.98	-8.6233
1700.09	-8.8183
1719.94	-9.0285
1740.15	-9.2763
1760.07	-9.4796
1780.02	-9.6821
1800.07	-9.913
1820.01	-10.1636
1839.9	-10.3691
1860.02	-10.6648
1879.9	-10.9254
1900.05	-11.198
1919.98	-11.4713
1939.91	-11.8045
1960.07	-12.1429
1979.98	-12.4192
1999.95	-12.7534
2020.03	-13.1401
2039.81	-13.4138
2060.06	-13.8581
2079.99	-14.2441
2099.86	-14.6149
2119.97	-15.0802
2139.94	-15.5055
2159.83	-16.0195
2179.88	-16.4924
2199.83	-17.012
2219.9	-17.5742
2239.9	-18.1523
2259.87	-18.7954
2279.97	-19.435
2299.89	-20.1171
2319.84	-20.8438
2339.94	-21.60734
2359.89	-22.44311
2379.97	-23.299
2399.97	-24.21811
2419.86	-25.24291
2440.11	-26.3238
2460.06	-27.47132
2479.98	-28.62757
2500.22	-29.9296
2520.11	-31.207452
2540.3	-32.62969
2560.24	-34.03901
2580.31	-35.5615
2600.42	-37.0778
2620.37	-38.45682
2640.38	-39.8229
2660.6	-40.9425
2680.79	-41.7733
2700.79	-41.9609
2720.89	-41.3669
2741.06	-39.55272
2761.05	-35.8338
2781.03	-29.71574
2800.6	-20.282
2819.99	-7.6625
2839.15	6.0409
2858.72	18.3719
2878.24	27.5299
2898.41	33.6993
2918.48	37.6446
2938.62	40.0108
2958.75	41.319
2978.99	41.933
2999.11	41.9524
3019.36	41.714
3039.37	41.174
3059.4	40.5391
3079.6	39.7683
3099.59	38.9366
3119.6	38.0363
3139.85	37.1243
3159.84	36.2204
3179.77	35.3162
3199.89	34.423
3219.86	33.5582
3240.08	32.6619
3260.01	31.798
3280.1	30.9102
3300.21	30.2165
3320.24	29.3678
3339.85	28.7952
3360.08	28.0101
3380.06	27.3666
3400.06	26.6785
3420.08	26.0658
3440	25.4459
3460.1	24.8508
3480.05	24.2808
3500.09	23.6987
3520.18	23.1734
3540.11	22.6894
3560.21	22.1738
3580.16	21.7128
3600.13	21.2444
3620.21	20.8201
3640.16	20.395
3660.08	19.9802
3680.17	19.5908
3700.12	19.2197
3720.22	18.8537
3740.19	18.5048
3760.15	18.1304
3780.26	17.858
3800.13	17.5019
3820.16	17.1896
3840.19	16.916
3860.17	16.6137
3880.22	16.3526
3900.11	16.1334
3920	15.824
3940.13	15.5344
3960.15	15.2801
3980	15.105
4000.08	14.8591
4019.96	14.6634
4040.1	14.426
4060.02	14.2188
4079.98	14.0221
4100.16	13.7828
4120.01	13.5679
4139.94	13.3979
4160.07	13.2349
4179.98	13.0124
4200.11	12.8585
4220.03	12.6902
4239.94	12.5003
4260.08	12.3367
4280.06	12.1982
4299.98	12.0148
4320.05	11.8804
4340.06	11.6984
4360.14	11.5739
4380.02	11.4691
4399.97	11.324
4420.1	11.1386
4440.04	11.0388
4459.99	10.9157
4480.03	10.7677
4499.98	10.6464
4520.1	10.5344
4540.08	10.3951
4560.01	10.3062
4580.07	10.1821
4600.04	10.0552
4619.91	9.9776
4640.06	9.8651
4659.92	9.7611
4680.12	9.6568
4700.16	9.5445
4719.97	9.4604
4740.19	9.2808
4760	9.215
4779.97	9.1666
4800.09	9.0392
4820	8.9702
4840.2	8.8729
4860.07	8.7615
4879.98	8.6781
4900.09	8.6125
4939.9	8.4724
4960.08	8.405
4979.96	8.3694
5000.14	8.2288
5020.05	8.1558
5039.99	8.0675
5060.08	8.055
5080.08	7.9035
5099.98	7.851
5120.08	7.8133
5140.04	7.6893
5160.1	7.6634
5180	7.6298
5199.98	7.5412
5220.15	7.4005
5240.04	7.4215
5260.02	7.3395
5280.05	7.2838
5300	7.2213
5320.01	7.2092
5340.06	7.1011
5360.04	7.0159
5380.05	6.9566
5400.06	6.8978
5419.98	6.8776
5440.05	6.8274
5459.93	6.7804
5480.15	6.714
5500.04	6.6379
5520.02	6.5875
5540.11	6.5552
5560.05	6.4863
5579.99	6.456
5600.11	6.388
5620.04	6.3455
5640.17	6.2701
5660.06	6.2269
5680.01	6.1527
5700.09	6.1387
5720.02	6.0976
5739.98	6.0356
5760.07	5.9963
5779.96	5.9699
5800.1	5.937
5820.07	5.8509
5839.99	5.8236
5860.13	5.7744
5880.08	5.697
5900.06	5.6766
5920.13	5.6508
5940.01	5.5963
5960.13	5.5404
5980.07	5.5086
6000.04	5.4869
6020.07	5.4758
6039.99	5.4382
6060.02	5.3788
6080.14	5.3519
6100.04	5.2931
6119.97	5.2086
6140.15	5.174
6160.01	5.1902
6180.16	5.1517
6200.03	5.1007
6219.99	5.0574
6240.14	4.9958
6260.05	4.9722
6279.98	4.9399
6300.06	4.9196
6320.06	4.8651
6340.12	4.8411
6360.04	4.8193
6380.02	4.7512
6400.1	4.7771
6420.04	4.7251
6439.96	4.6732
6460.11	4.6566
6480	4.6378
6500.1	4.5813
6520.05	4.5214
6539.96	4.5048
6560.07	4.4804
6580.03	4.4711
6599.95	4.4607
6620.07	4.4133
6639.98	4.3806
6660.13	4.342
6680.11	4.3105
6700.01	4.2691
6720.1	4.2393
6740.03	4.2278
6760.02	4.2001
6780.06	4.1621
6799.96	4.1735
6820.18	4.0807
6840.05	4.0764
6859.95	4.056
6880.13	4.0353
6900.05	3.9887
6919.92	3.9942
6940.06	3.9569
6960.01	3.9097
6980.18	3.8717
7000.07	3.8673
7020.02	3.8283
7040.13	3.799
7060.06	3.7861
7079.99	3.7604
7100.13	3.7222
7120.02	3.7251
7140.17	3.671
7160.09	3.6226
7179.98	3.6465
7200.12	3.6321
7220.01	3.6261
7240.07	3.5165
7260.06	3.5299
7280.06	3.5074
7300.12	3.5042
7320.15	3.4528
7340.03	3.4322
7360.07	3.4128
7380.06	3.3865
7400.04	3.3458
7420.04	3.3199
7439.96	3.3727
7460.12	3.3039
7480.09	3.2828
7500	3.2417
7520.04	3.2488
7540.11	3.1787
7560.01	3.1561
7580.11	3.1543
7600.02	3.1337
7620.15	3.0854
7640.07	3.0995
7660.05	3.0343
7680.17	3.0449
7700.05	3.0168
7720.01	3.0453
7740.07	3.0121
7760.01	2.946
7780.13	2.9273
7800.06	2.9211
7819.98	2.9232
7840.08	2.8921
7860.07	2.8465
7879.98	2.8449
7900.1	2.8083
7920.06	2.7498
7940.14	2.7637
7960.05	2.7345
7979.94	2.78
8000.12	2.7328
8020.04	2.6793
8040.04	2.6679
8060.07	2.6523
8080.03	2.6391
8100.15	2.6064
8120.07	2.5933
8139.98	2.5548
8160.11	2.5874
8180.04	2.5458
8200.03	2.5076
8220.17	2.5064
8240.1	2.4585
8260.13	2.4519
8280.04	2.465
8299.99	2.4374
8320.13	2.3531
8340.12	2.361
8359.99	2.3682
8380.13	2.3408
8400.04	2.3079
8420.18	2.3106
8440.1	2.2844
8460.03	2.2466
8480.11	2.2604
8500.09	2.2292
8519.97	2.2114
8540.13	2.1951
8559.96	2.1978
8580.04	2.1863
8600.07	2.1291
8619.95	2.1356
8640.1	2.0809
8660.04	2.11
8680.04	2.0453
8720.09	2.0373
8740.16	2.0101
8760.13	1.9928
8780.06	1.9893
8800.12	1.9778
8820.13	1.9167
8839.95	1.9679
8860.12	1.9086
8880.03	1.9299
8900.21	1.8936
8920.13	1.8611
8939.99	1.8584
8960.2	1.8283
8980.08	1.8039
9000.01	1.8106
9020.13	1.7605
9040.07	1.7824
9060.2	1.7304
9080.07	1.7325
9099.97	1.7083
9120.12	1.7278
9140.08	1.6671
9160.02	1.6662
9180.1	1.6275
9200.07	1.5888
9219.9	1.644
9240.15	1.6215
9260.04	1.5698
9280.16	1.5685
9300.1	1.5481
9319.95	1.538
9340.18	1.5133
9360.06	1.4528
9380.03	1.4523
9400.12	1.4562
9420.02	1.3909
9440.12	1.4388
9460.04	1.4008
9480.03	1.3953
9500.12	1.3935
9520.17	1.3524
9540.01	1.3346
9560.19	1.267
9580.02	1.3155
9600.18	1.2771
9620.11	1.3004
9660.12	1.2217
9680.05	1.2386
9699.96	1.2338
9720.16	1.1703
9740.02	1.1771
9760.14	1.1838
9780.1	1.1414
9800.06	1.1393
9820.1	1.0997
9840.08	1.074
9859.94	1.1137
9880.09	1.0567
9900.04	1.0352
9920.25	0.9978
9940.06	0.9894
9960.01	0.9811
9980.07	0.995
10000	0.9492
10020	0.9156
10040.1	0.9164
10060.1	0.9148
10080.2	0.8823
10100.1	0.8697
10120.1	0.8437
10140.2	0.8566
10160.1	0.8084
10180	0.7891
10200.1	0.8141
10220.1	0.7402
10240.2	0.7611
10260.1	0.7564
10280	0.6944
10300.1	0.7001
10320.1	0.6786
10340	0.6535
10360.1	0.6467
10380	0.6477
10400.2	0.6324
10420.1	0.6188
10440.1	0.5629
10460.2	0.5974
10480.1	0.5474
10500	0.5494
10520.1	0.5496
10560.2	0.5365
10580.1	0.5178
10600	0.4471
10620.2	0.4666
10640.1	0.4566
10660.1	0.4228
10680.2	0.4016
10700	0.407
10720.2	0.3828
10740.1	0.3187
10760	0.3546
10780.2	0.3324
10800.1	0.274
10820	0.2773
10840.1	0.3049
10860.1	0.278
10880.2	0.2476
10900.1	0.2288
10920	0.2127
10940.1	0.215
10960.1	0.184
10980	0.1527
11000.1	0.1438
11020.1	0.1311
11040.2	0.0627
11060.1	0.0655
11080	0.1082
11100.1	0.0731
11120.1	0.0618
11140.1	0.0049
11160.2	-0.0067
11180.1	0.0002
11200.1	0.0094
11220.1	0.0183
11240.1	-0.0766
11260.2	-0.0805
11280.1	-0.1097
11300	-0.1343
11320.1	-0.1367
11340	-0.1782
11360.2	-0.1589
11380.1	-0.1592
11400.1	-0.2013
11420.1	-0.2175
11440.1	-0.2524
11459.9	-0.2411
11480.2	-0.2636
11500.1	-0.275
11520.2	-0.3017
11540.1	-0.3123
11560.1	-0.3154
11580.1	-0.3417
11600.1	-0.4017
11620	-0.4093
11640.1	-0.3883
11660.1	-0.4341
11680.1	-0.4293
11700.2	-0.4819
11720	-0.5015
11740.2	-0.5199
11760.1	-0.5058
11780	-0.5077
11800.1	-0.5348
11820	-0.5579
11840.2	-0.5925
11860	-0.5863
11880.1	-0.6362
11900.1	-0.662
11920.1	-0.69
11940	-0.6917
11960.1	-0.6616
11980	-0.6966
12000.1	-0.7287
12020.1	-0.7781
12040.1	-0.7834
12060.2	-0.8282
12080.1	-0.821
12100	-0.8436
12120.2	-0.8615
12140.1	-0.8712
12160.2	-0.8841
12180.1	-0.9162
12200.1	-0.9317
12220.2	-0.9633
12240.1	-0.9701
12260	-0.9965
12280.1	-0.9615
12300.1	-1.0476
12320	-1.0563
12340.2	-1.0802
12360	-1.1008
12380.2	-1.1364
12400.1	-1.1496
12420	-1.1685
12440.2	-1.1948
12460.1	-1.1732
12480	-1.1863
12500.1	-1.2031
12520	-1.239
12540.2	-1.3156
12560.1	-1.3272
12580	-1.3217
12600.2	-1.3317
12620.1	-1.3474
12640	-1.3752
12660.2	-1.4101
12680	-1.4317
12700.2	-1.4658
12720.1	-1.4563
12740	-1.4599
12760.2	-1.5117
12780	-1.5166
12800	-1.5614
12820.1	-1.5789
12840.1	-1.6027
12860.2	-1.6378
12880.1	-1.6367
12900.1	-1.6591
12920.2	-1.6828
12940.1	-1.7138
12960.1	-1.7483
12980.2	-1.7534
13000.1	-1.7985
13020.2	-1.759
13040.1	-1.8395
13060.1	-1.8781
13080.1	-1.8777
13100.1	-1.8833
13120.1	-1.9291
13140.2	-1.9607
13160.1	-1.9536
13180.2	-1.9954
13200.1	-1.9992
13220.1	-2.0481
13240.2	-2.0215
13260	-2.0244
13280	-2.1263
13300.1	-2.1284
13320.1	-2.1438
13340.2	-2.2348
13360	-2.2018
13380.1	-2.1824
13400.2	-2.26
13420.1	-2.3129
13440.1	-2.3308
13460.2	-2.3393
13480.1	-2.3408
13500.2	-2.3941
13520.1	-2.4344
13540.1	-2.4626
13560.2	-2.4734
13580.1	-2.4758
13600.1	-2.5352
13620.2	-2.5442
13640.1	-2.5919
13660.2	-2.6155
13680.1	-2.6541
13700.1	-2.6723
13720.2	-2.7074
13740.1	-2.7389
13760	-2.735
13780.1	-2.7825
13800	-2.8025
13820.3	-2.8565
13840.1	-2.8541
13860.1	-2.8909
13880.2	-2.8928
13900.1	-2.9442
13920	-3.0357
13940.1	-3.0124
13960.1	-3.0495
13980.2	-3.076
14000.1	-3.0972
14020.1	-3.1462
14040.2	-3.1588
14060.1	-3.2044
14080.1	-3.237
14100.1	-3.2888
14120	-3.2813
14140.2	-3.331
14160.1	-3.3746
14180.1	-3.3869
14200.2	-3.4457
14220.2	-3.4801
14240.1	-3.529
14260.2	-3.5622
14280.1	-3.5444
14300.2	-3.5724
14320.1	-3.5885
14340.1	-3.6568
14360.2	-3.7058
14380.2	-3.7575
14400	-3.7627
14420.1	-3.7671
14440.1	-3.8358
14460.2	-3.9219
14480.2	-3.9281
14500	-3.9072
14520.2	-3.9461
14540	-4.0295
14560.1	-4.0535
14580.2	-4.1358
14600.1	-4.1481
14620.2	-4.2152
14640.2	-4.2082
14660	-4.2051
14680.2	-4.3025
14700.1	-4.3424
14720.1	-4.3948
14740.1	-4.3966
14760.1	-4.4427
14780.2	-4.4763
14800.1	-4.5091
14820.1	-4.5861
14840.2	-4.6016
14860.1	-4.6812
14880.1	-4.6852
14900.2	-4.7575
14920.1	-4.8211
14940.2	-4.846
14960.2	-4.9007
14980.1	-4.9291
15000.2	-4.9602
15020.1	-5.0245
15040	-5.0682
15060.2	-5.1345
15080.1	-5.1757
15100.2	-5.2165
15120.1	-5.265
15140.1	-5.2921
15160.2	-5.3553
15180.2	-5.446
15200.1	-5.4595
15220.1	-5.4821
15240	-5.5428
15260.2	-5.5978
15280.1	-5.6694
15300.2	-5.7291
15320.2	-5.7684
15340.1	-5.8212
15360.1	-5.8563
15380.2	-5.9577
15400.1	-6.017
15420.1	-6.0734
15440.2	-6.1312
15460.1	-6.168
15480.2	-6.2158
15500.1	-6.2451
15520.2	-6.3553
15540.2	-6.3953
15560.1	-6.4711
15580.1	-6.5264
15600.2	-6.6028
15620.1	-6.6571
15640.2	-6.695
15660.1	-6.7688
15680.1	-6.8595
15700.2	-6.9219
15720.2	-6.9953
15740	-7.0358
15760.1	-7.1083
15780.1	-7.1381
15800.2	-7.2387
15820.2	-7.334
15840	-7.3958
15860.2	-7.4577
15880.1	-7.5025
15900.1	-7.6222
15920.2	-7.6642
15940.1	-7.7342
15960.2	-7.8214
15980.2	-7.913
16000	-7.9643
16020.2	-8.0586
16040.1	-8.1392
16060.1	-8.2113
16080.2	-8.3667
16100.1	-8.39
16120.2	-8.4361
16140.2	-8.539
16160	-8.6175
16180.2	-8.7295
16200.1	-8.7987
16220	-8.8812
16240.1	-8.9992
16260.1	-9.0986
16280.2	-9.1431
16300.1	-9.2825
16320.1	-9.3803
16340.2	-9.4829
16360.2	-9.6018
16380.1	-9.659
16400.1	-9.7779
16420.1	-9.8988
16440.3	-9.9891
16460.2	-10.0938
16480.1	-10.1783
16500.3	-10.2958
16520.1	-10.4179
16540	-10.554
16560.1	-10.6368
16580.1	-10.7419
16600.2	-10.8387
16620.2	-11.0309
16640.1	-11.1265
16660.2	-11.218
16680.1	-11.3142
16700.1	-11.4662
16720.2	-11.5829
16740.1	-11.6855
16760.2	-11.8438
16780.2	-11.9754
16800.1	-12.133
16820.2	-12.2183
16840.1	-12.3535
16860	-12.4885
16880.2	-12.656
16900.1	-12.7917
16920.3	-12.9375
16940.2	-13.0934
16960.1	-13.2209
16980.2	-13.3777
17000.1	-13.5354
17020	-13.6468
17040.2	-13.8133
17060.1	-13.9684
17080.2	-14.0785
17100.2	-14.2603
17120.1	-14.4687
17140.1	-14.5635
17160.2	-14.7164
17180	-14.9391
17200.2	-15.0846
17220.1	-15.215
17240.2	-15.376
17260.1	-15.5631
17280.2	-15.7041
17300.2	-15.8796
17320.2	-15.9966
17340	-16.1507
17360.1	-16.2822
17380	-16.499
17400.2	-16.6234
17420.1	-16.7492
17440.1	-16.9497
17460.2	-17.0854
17480.2	-17.2106
17500	-17.3334
17520.2	-17.4455
17540.1	-17.579
17560.2	-17.6753
17580.2	-17.7854
17600.1	-17.8216
17620.2	-17.9406
17640.2	-18.0285
17660.1	-18.0541
17680.1	-18.1089
17700.2	-18.1156
17720.3	-18.1254
17740.1	-18.1093
17760.1	-18.0218
17780.3	-17.9365
17800.2	-17.8906
17820.1	-17.6712
17840.3	-17.5336
17860.3	-17.356
17880.3	-17.0369
17900.2	-16.7746
17920.1	-16.367
17940.3	-16.0358
17960.2	-15.6384
17980.1	-15.1706
18000.3	-14.6123
18020.3	-14.0374
18040.2	-13.3434
18080.2	-11.9181
18100.4	-11.12
18120.3	-10.3003
18140.3	-9.3903
18160.3	-8.3993
18180.2	-7.3723
18200.3	-6.3099
18220.2	-5.2238
18240.2	-4.0795
18260.5	-2.9679
18280.1	-1.7567
18300.2	-0.5685
18320.2	0.6427
18340.1	1.831
18360	3.0277
18380.1	4.172
18400	5.2938
18420.1	6.5256
18440	7.5901
18459.9	8.6358
18480.2	9.6051
18500.1	10.5964
18519.9	11.515
18540	12.4345
18560.2	13.2124
18580.1	14.0352
18600.1	14.7516
18619.9	15.5224
18640.1	16.0636
18659.9	16.7247
18680.1	17.2278
18700	17.7836
18720.1	18.2674
18740.1	18.6595
18760.2	19.0646
18780	19.4297
18800.2	19.6977
18820.1	20.0328
18840.1	20.2827
18860.1	20.5451
18880.1	20.7198
18900.2	20.9033
18920.1	21.0635
18940.1	21.2135
18960.1	21.3521
18980.1	21.3974
19000	21.4742
19000	21.4501
19040.1	21.5613
19060.2	21.6256
19080.2	21.6092
19100.1	21.6009
19120.2	21.612
19140.1	21.6506
19160.1	21.539
19180.2	21.5626
19200.2	21.5138
19220.2	21.4432
19240.2	21.3518
19260.2	21.3054
19280.3	21.2229
19300.3	21.1187
19320.1	21.0427
19340.2	21.0238
19360.1	20.9355
19380.3	20.8078
19400.2	20.714
19420.1	20.6328
19440.2	20.5383
19460.2	20.4154
19480.1	20.293
19500.1	20.2237
19520.1	20.077
19540.2	19.9917
19560.1	19.8733
19580.1	19.726
19600.2	19.6236
19620.2	19.4831
19640.1	19.3302
19660.2	19.26
19680.1	19.1679
19700.2	19.0224
19720.1	18.9289
19740.1	18.7903
19760.3	18.6309
19780.1	18.5461
19800.1	18.4113
19820.2	18.305
19840.2	18.1758
19860.3	18.0355
19880.2	17.9304
19900.1	17.8749
19920.3	17.7222
19940.1	17.6182
19960.2	17.4961
19980.2	17.363
20000.1	17.298
20020.3	17.1391
20040.2	17.0595
20060.1	16.9221
20080.2	16.7672
20100.1	16.7159
20120.1	16.6207
20140.2	16.4992
20160.1	16.3864
20180.3	16.2522
20200.2	16.1866
20220.1	16.0516
20240.2	15.9647
20260.2	15.8356
20280.1	15.7386
20300.3	15.6319
20320.2	15.5485
20340.3	15.4385
20360.2	15.3752
20380.2	15.2415
20400.2	15.1796
20420.2	15.04
20440.1	14.9658
20460.3	14.8821
20480.1	14.789
20500.3	14.6907
20520.1	14.6405
20540.2	14.5326
20560.3	14.44
20580.1	14.3753
20600	14.2948
20620.2	14.1998
20640.1	14.1016
20660.3	14.0293
20680.2	13.9364
20700.1	13.8324
20720.2	13.8078
20740.2	13.6875
20760.2	13.586
20780.3	13.5049
20800.1	13.4444
20820.2	13.4053
20840.2	13.3019
20860.2	13.2236
20880.2	13.1917
20900.1	13.1367
20920.1	13.0074
20940.2	12.9336
20960.1	12.8713
20980.3	12.8366
21000.2	12.7258
21020.1	12.6653
21040.3	12.5913
21060.2	12.5149
21080.1	12.5011
21100.3	12.3743
21120.2	12.3357
21140.3	12.2491
21160.2	12.2036
21180.2	12.1372
21200.3	12.1062
21220.2	12.0631
21240.1	11.9801
21260.2	11.8949
21280.1	11.8185
21300.3	11.7799
21320.2	11.7522
21340.1	11.6625
21360.3	11.5807
21380.2	11.5741
21400.1	11.4951
21420.3	11.4157
21440.2	11.3582
21460	11.3222
21480.2	11.2914
21500.2	11.2377
21520.3	11.1528
21540.2	11.1118
21560.1	11.0842
21580.2	11.0111
21600.2	10.9688
21620.1	10.9321
21640.2	10.8501
21660.1	10.8179
21680.2	10.7687
21700.2	10.7114
21720.1	10.6168
21740.3	10.5926
21760.1	10.5808
21780.1	10.5201
21800.2	10.4613
21820.2	10.4009
21840.2	10.3713
21860.2	10.3224
21880.1	10.2475
21900.2	10.2812
21920.2	10.1944
21940.1	10.1492
21960.2	10.1387
21980.1	10.0396
22000.3	10.0064
22020.2	9.96
22040.1	9.9366
22060.2	9.9104
22080.1	9.8771
22100.1	9.8396
22120.2	9.8084
22140.1	9.7565
22160.3	9.6938
22180.2	9.6625
22200.1	9.6585
22220.2	9.6368
22240.2	9.5598
22260	9.5489
22280.2	9.5034
22300.1	9.4489
22320.3	9.421
22340.2	9.3657
22360.1	9.3598
22380.3	9.2653
22400.2	9.2538
22420.1	9.2325
22440.2	9.1923
22460.1	9.1509
22480.3	9.137
22500.2	9.1091
22520.1	9.0755
22540.3	9.0356
22560.2	8.998
22580.1	8.9531
22600.2	8.9243
22620.2	8.8774
22640.3	8.8531
22660.2	8.8466
22680.2	8.7982
22700.2	8.7617
22720.2	8.743
22740.2	8.6973
22760.2	8.7076
22780.1	8.6232
22800.3	8.5998
22820.2	8.5964
22840.2	8.5502
22860.3	8.541
22880.1	8.5114
22900.1	8.4874
22920.2	8.4607
22940.1	8.4034
22960.3	8.3966
22980.2	8.3518
23000.2	8.3312
23020.3	8.2878
23040.2	8.3009
23060.1	8.242
23080.2	8.204
23100.1	8.2269
23120.3	8.1803
23140.2	8.1274
23160.1	8.0995
23180.3	8.0616
23200.2	8.0634
23220.1	8.0288
23240.2	8.0374
23260.1	8.0074
23280.3	7.972
23300.2	7.9088
23320.2	7.9163
23340.3	7.8731
23360.2	7.9141
23380.1	7.8564
23400.2	7.8124
23420.2	7.8122
23440.3	7.789
23460.3	7.6767
