1811.62	-12.8841
1801.96	-9.5903
1804	-9.6086
1806.09	-9.6149
1808.08	-9.6806
1809.91	-9.669
1812.03	-9.7461
1814.03	-9.7804
1816.16	-9.7729
1817.91	-9.7967
1820.04	-9.836
1822.1	-9.8762
1824.17	-9.8862
1825.99	-9.9313
1828.03	-9.9451
1830.06	-9.9642
1831.91	-9.9382
1834.02	-10.0323
1836.02	-10.0123
1838.04	-10.0236
1839.97	-10.0259
1842	-10.1186
1844.06	-10.1329
1846.16	-10.2118
1847.98	-10.164
1850.05	-10.2352
1852.08	-10.2598
1854.13	-10.2422
1855.96	-10.2975
1858.08	-10.3174
1860.05	-10.3654
1862.15	-10.3926
1863.97	-10.3688
1866.09	-10.4527
1868.05	-10.45
1869.98	-10.475
1872.01	-10.5329
1874.02	-10.5052
1876.06	-10.5917
1878.01	-10.567
1880.02	-10.5789
1882.02	-10.6156
1884.08	-10.6545
1885.84	-10.6294
1888.02	-10.7474
1890.07	-10.7608
1892.14	-10.79
1893.92	-10.8259
1895.99	-10.8363
1898.07	-10.8837
1900.1	-10.8839
1901.99	-10.9003
1903.96	-10.9197
1906.07	-10.986
1907.94	-10.981
1909.92	-11.0032
1912.05	-11.077
1914.06	-11.1052
1915.95	-11.1004
1917.95	-11.1419
1919.98	-11.1702
1922.06	-11.2075
1923.89	-11.1977
1925.97	-11.2445
1928	-11.2636
1930.04	-11.3132
1931.89	-11.2905
1934.01	-11.3877
1936.07	-11.428
1938.08	-11.4624
1939.93	-11.4316
1942.03	-11.5094
1944.04	-11.5312
1946.16	-11.5964
1947.92	-11.5084
1950	-11.6261
1952	-11.6195
1953.94	-11.6989
1955.97	-11.7383
1957.92	-11.6805
1960.05	-11.7858
1961.92	-11.8254
1963.96	-11.8067
1965.93	-11.8725
1968.12	-11.897
1969.91	-11.8745
1971.96	-11.9771
1974.01	-12.0071
1976.14	-12.0827
1977.98	-12.0548
1979.99	-12.092
1982.02	-12.1576
1984.04	-12.1683
1986.03	-12.223
1988.02	-12.203
1990	-12.2373
1991.86	-12.2621
1994.03	-12.3068
1996.08	-12.4048
1998.09	-12.3735
1999.92	-12.392
2001.93	-12.462
2003.9	-12.4501
2006.11	-12.5294
2007.98	-12.5767
2009.88	-12.5868
2012	-12.6141
2013.99	-12.58
2015.84	-12.6705
2017.92	-12.7235
2019.88	-12.7186
2022.07	-12.7913
2023.91	-12.8201
2025.9	-12.8415
2027.96	-12.9047
2029.85	-12.93
2031.79	-12.8904
2034.05	-13.0027
2036.04	-13.0555
2037.88	-13.1194
2039.93	-13.1225
2041.91	-13.1283
2043.95	-13.1536
2045.8	-13.1685
2047.83	-13.2032
2049.9	-13.2666
2052.01	-13.3457
2053.87	-13.3518
2055.88	-13.3795
2057.96	-13.4469
2060.04	-13.475
2061.91	-13.51
2063.94	-13.5785
2065.97	-13.6169
2067.79	-13.6158
2069.91	-13.6758
2071.95	-13.7297
2073.92	-13.7525
2075.93	-13.8057
2077.82	-13.8086
2079.89	-13.8256
2082.02	-13.9654
2083.85	-13.9445
2085.95	-14.0186
2087.94	-14.0129
2090.01	-14.1083
2091.78	-14.1183
2093.86	-14.1414
2095.93	-14.184
2098.08	-14.2332
2099.91	-14.2957
2102.02	-14.3386
2104.04	-14.3518
2106.05	-14.4215
2107.92	-14.4754
2109.88	-14.4881
2111.95	-14.5078
2113.82	-14.5639
2115.87	-14.5721
2117.92	-14.6801
2119.95	-14.6806
2121.84	-14.7423
2123.96	-14.812
2125.94	-14.8405
2127.96	-14.8563
2129.8	-14.9477
2131.94	-14.9845
2133.99	-15.0132
2135.96	-15.0217
2137.91	-15.1409
2139.89	-15.1516
2141.97	-15.1801
2144	-15.2634
2145.85	-15.2819
2147.93	-15.3321
2149.99	-15.4072
2151.77	-15.413
2153.92	-15.4576
2155.91	-15.554
2157.95	-15.6133
2159.8	-15.6042
2161.81	-15.6677
2163.88	-15.7273
2165.95	-15.7771
2167.84	-15.847
2169.82	-15.8633
2171.97	-15.9242
2173.97	-15.9301
2175.81	-15.988
2177.93	-16.0471
2179.92	-16.1
2182.05	-16.2221
2183.82	-16.2054
2185.88	-16.2552
2187.93	-16.3103
2189.84	-16.3989
2191.87	-16.4459
2193.94	-16.4874
2195.91	-16.4911
2197.77	-16.5493
2199.85	-16.6114
2201.83	-16.6627
2203.89	-16.7267
2205.85	-16.7877
2207.89	-16.8431
2209.93	-16.928
2211.95	-16.9558
2213.81	-17.0116
2215.86	-17.0807
2217.94	-17.1351
2219.98	-17.1814
2221.88	-17.2465
2223.84	-17.3069
2225.98	-17.3965
2227.78	-17.3854
2229.84	-17.475
2231.87	-17.5291
2233.95	-17.586
2235.79	-17.6447
2237.75	-17.6671
2239.91	-17.7795
2241.95	-17.8093
2243.78	-17.8887
2245.84	-17.9289
2247.95	-18.0152
2249.97	-18.07
2251.88	-18.115
2253.86	-18.1653
2255.92	-18.2202
2257.93	-18.3041
2259.82	-18.3331
2261.87	-18.4327
2263.93	-18.4992
2265.85	-18.5642
2267.83	-18.6324
2269.87	-18.684
2271.92	-18.776
2273.83	-18.8076
2275.83	-18.8603
2277.85	-18.9271
2279.99	-19.0219
2281.84	-19.0875
2283.87	-19.1522
2285.93	-19.2126
2288.02	-19.2962
2289.88	-19.344
2291.86	-19.3893
2295.97	-19.5318
2297.88	-19.6183
2299.92	-19.6808
2303.97	-19.8274
2305.84	-19.9016
2307.88	-19.969
2309.97	-20.068
2311.82	-20.112
2313.84	-20.222
2315.97	-20.2849
2318	-20.3301
2319.83	-20.418
2321.91	-20.5062
2323.92	-20.6086
2325.92	-20.629
2327.81	-20.7094
2329.97	-20.811
2331.93	-20.8892
2333.96	-20.957
2335.88	-21.0286
2337.95	-21.1334
2339.94	-21.1812
2341.97	-21.2589
2343.9	-21.3434
2345.94	-21.4214
2347.99	-21.5082
2349.82	-21.6265
2351.83	-21.64824
2353.89	-21.73038
2355.99	-21.8435
2357.85	-21.929
2359.88	-21.98803
2361.92	-22.08664
2364	-22.185
2365.86	-22.28069
2367.92	-22.39155
2369.91	-22.43454
2371.97	-22.52317
2373.88	-22.59345
2375.9	-22.70038
2377.94	-22.81366
2380.05	-22.92597
2381.95	-22.99869
2383.94	-23.09985
2386.01	-23.18208
2387.86	-23.24093
2389.89	-23.31224
2392	-23.455
2393.97	-23.4838
2395.83	-23.5738
2397.94	-23.74027
2399.97	-23.81599
2402.03	-23.89554
2403.97	-24.0176
2405.94	-24.1112
2408.01	-24.23799
2409.99	-24.34267
2411.84	-24.4061
2413.94	-24.49424
2416.06	-24.63313
2418.05	-24.7054
2420	-24.83334
2421.99	-24.915
2424.04	-25.0136
2425.89	-25.13015
2427.94	-25.23585
2430.03	-25.3634
2432.05	-25.41896
2433.91	-25.55554
2435.89	-25.6221
2438.04	-25.74715
2440.04	-25.884
2441.89	-25.99478
2443.91	-26.042
2446.05	-26.2272
2448.11	-26.33881
2452.07	-26.54151
2454.06	-26.62604
2456.05	-26.79551
2458.02	-26.90049
2460.07	-27.00098
2462.09	-27.097
2463.91	-27.22796
2466.01	-27.38259
2468	-27.492
2470.12	-27.6255
2471.99	-27.73232
2474.03	-27.81069
2476.1	-27.9685
2478.14	-28.1005
2479.9	-28.18514
2482.03	-28.3086
2484.13	-28.49282
2486.08	-28.54369
2486.15	-28.58182
2490.05	-28.82605
2492.08	-28.95782
2494.18	-29.10601
2496.02	-29.2058
2498.13	-29.36737
2500.07	-29.48396
2502.17	-29.6095
2504.11	-29.7508
2506.17	-29.84528
2508.13	-30.03743
2510.12	-30.15882
2512.11	-30.25893
2514.08	-30.38632
2516.07	-30.526557
2518.08	-30.6893
2520.04	-30.807
2522.26	-30.986618
2524.25	-31.159285
2526.05	-31.228698
2528.1	-31.358893
2530.19	-31.5231
2532.22	-31.666606
2534.14	-31.832781
2536.22	-31.975487
2538.16	-32.086205
2540.3	-32.273404
2542.19	-32.398997
2544.09	-32.491389
2546.24	-32.73808
2548.19	-32.80931
2550.15	-32.97706
2552.3	-33.16328
2554.3	-33.2882
2556.16	-33.41461
2558.2	-33.52584
2560.19	-33.66518
2562.33	-33.90404
2564.2	-34.01852
2566.17	-34.11707
2568.36	-34.31567
2570.31	-34.46026
2572.23	-34.65864
2574.16	-34.7591
2576.36	-34.93269
2578.39	-35.08313
2580.26	-35.21946
2582.32	-35.40714
2584.34	-35.55258
2586.2	-35.716
2588.25	-35.88081
2590.29	-35.96558
2592.35	-36.16082
2594.24	-36.2928
2596.2	-36.449
2598.39	-36.6132
2600.34	-36.7281
2602.3	-36.9058
2604.31	-37.09568
2606.5	-37.2506
2608.5	-37.39769
2610.31	-37.518
2612.46	-37.7306
2614.4	-37.8928
2616.51	-38.00014
2618.35	-38.14673
2620.48	-38.30956
2622.56	-38.4604
2624.4	-38.64074
2626.38	-38.73309
2628.44	-38.86799
2630.49	-39.02779
2632.42	-39.18977
2634.36	-39.29995
2636.56	-39.44402
2638.53	-39.57939
2640.52	-39.7438
2642.53	-39.90424
2644.46	-39.9754
2646.68	-40.1935
2648.45	-40.25737
2650.59	-40.45321
2652.55	-40.5384
2654.71	-40.7336
2656.64	-40.76514
2658.63	-40.94836
2660.57	-41.04333
2662.58	-41.07771
2664.55	-41.2427
2666.7	-41.3547
2668.8	-41.4651
2670.83	-41.6245
2672.35	-41.5691
2674.75	-41.7676
2676.76	-41.8481
2678.5	-41.8827
2680.88	-42.0304
2682.75	-42.0832
2684.86	-42.1935
2686.62	-42.2167
2688.73	-42.2612
2690.78	-42.3146
2692.82	-42.3717
2694.96	-42.526
2696.86	-42.4839
2698.78	-42.4869
2700.82	-42.4869
2702.87	-42.5687
2704.95	-42.5196
2706.79	-42.4945
2708.85	-42.5252
2710.95	-42.5859
2712.95	-42.4819
2715.19	-42.5403
2716.85	-42.3882
2719.08	-42.3742
2720.99	-42.302
2723.16	-42.2262
2724.68	-42.0742
2727.17	-42.1062
2729.01	-41.8901
2730.88	-41.7385
2732.86	-41.5961
2735.13	-41.5238
2737.35	-41.4021
2739.3	-41.1913
2740.99	-40.92244
2743.16	-40.71312
2745.21	-40.517
2747.14	-40.29302
2749.07	-39.9714
2751.18	-39.69787
2753.26	-39.36881
2755.2	-39.10693
2757.19	-38.68971
2759.4	-38.35698
2761.34	-37.88353
2763.23	-37.52691
2765.39	-37.10413
2767.25	-36.54836
2769.37	-36.01396
2771.5	-35.6062
2773.38	-34.97935
2775.31	-34.4001
2777.51	-33.75238
2779.21	-33.166
2780.92	-32.33639
2783.42	-31.741989
2785.27	-31.019334
2787.23	-30.195563
2789.24	-29.40549
2791.37	-28.5587
2793.17	-27.70954
2795.12	-26.78301
2797.15	-25.8621
2799.16	-24.7796
2800.98	-23.803
2802.76	-22.67165
2804.61	-21.4863
2807.21	-20.4575
2808.8	-19.2938
2810.83	-18.0834
2812.29	-16.688
2814.81	-15.5087
2816.47	-14.2856
2818.41	-12.9008
2820.35	-11.5305
2822.14	-10.26
2824.28	-8.9016
2825.96	-7.3631
2828.1	-6.0132
2830.12	-4.7114
2831.85	-3.1493
2833.61	-1.6549
2835.9	-0.2405
2837.44	1.1438
2839.27	2.6482
2841.24	4.1367
2843.08	5.5614
2844.93	6.9272
2847.23	8.2581
2848.94	9.6669
2851.06	11.0297
2852.61	12.2896
2854.64	13.5765
2857.01	14.7209
2858.87	16.0639
2860.77	17.1437
2862.61	18.3194
2864.32	19.5619
2866.24	20.5163
2868.4	21.5456
2870.43	22.5784
2872.32	23.6007
2874.32	24.4748
2876.35	25.4608
2878.15	26.3689
2880.35	27.2162
2882.44	27.9154
2884.33	28.7455
2886.2	29.5264
2888.47	30.2348
2890.29	30.8802
2892.16	31.5612
2894.38	32.1941
2896.39	32.8262
2898.14	33.389
2900.15	33.9776
2902.32	34.4624
2904.33	34.9271
2906.45	35.3877
2908.45	35.9049
2910.22	36.3745
2912.32	36.7103
2914.47	37.1363
2916.56	37.5021
2918.53	37.8625
2920.35	38.2038
2922.6	38.467
2924.35	38.9211
2926.61	39.1037
2928.44	39.4107
2930.29	39.7123
2932.67	39.8726
2934.56	40.182
2936.45	40.3581
2938.61	40.5557
2940.59	40.7949
2942.57	40.9428
2944.41	41.1932
2946.65	41.3042
2948.81	41.4238
2950.51	41.6229
2952.73	41.7384
2954.66	41.8714
2956.81	41.9413
2958.72	42.0343
2960.85	42.1199
2962.74	42.333
2964.7	42.4419
2966.63	42.5072
2968.81	42.5281
2970.88	42.5477
2973.09	42.6119
2974.8	42.6975
2976.88	42.7616
2979.13	42.7445
2980.97	42.7712
2983.01	42.806
2984.95	42.8949
2987.08	42.8823
2988.94	42.8942
2990.88	42.9435
2993.01	42.9596
2995.02	42.9868
2996.87	42.9794
2999.06	42.9282
3001.1	42.9291
3003.2	42.9028
3004.97	42.9181
3007.16	42.9156
3009.16	42.8518
3011.26	42.7964
3013.06	42.828
3015.19	42.7779
3017.23	42.7372
3019.4	42.703
3021.19	42.7051
3023.18	42.6703
3025.36	42.5441
3027.08	42.5787
3029.29	42.515
3033.29	42.418
3035.31	42.3357
3037.31	42.2938
3039.28	42.25
3041.38	42.1845
3043.17	42.1687
3045.32	42.0771
3047.38	42.0184
3049.47	41.9398
3051.34	41.8705
3053.36	41.8099
3055.44	41.7486
3057.52	41.6433
3059.35	41.566
3061.52	41.4903
3063.47	41.4398
3065.38	41.393
3067.4	41.2743
3069.57	41.1971
3071.48	41.1704
3073.39	41.0712
3075.54	40.9818
3077.5	40.9189
3079.59	40.8385
3081.55	40.712
3083.57	40.6401
3085.58	40.6041
3087.54	40.5062
3089.54	40.4067
3091.57	40.3386
3093.6	40.2622
3095.76	40.1425
3097.53	40.0606
3099.68	39.9472
3101.64	39.9105
3103.56	39.7958
3105.7	39.6923
3107.68	39.6018
3109.59	39.615
3111.51	39.4527
3113.56	39.4032
3115.77	39.2705
3117.8	39.192
3119.58	39.0868
3123.78	38.9178
3125.79	38.8622
3127.67	38.7057
3129.81	38.6174
3131.79	38.5622
3133.75	38.4919
3135.54	38.447
3137.73	38.2782
3139.75	38.1747
3141.75	38.067
3143.64	38.0177
3145.75	37.8982
3147.88	37.7882
3149.78	37.7016
3151.74	37.6513
3153.81	37.5025
3155.9	37.4369
3157.71	37.3589
3159.77	37.2855
3161.8	37.1537
3163.89	37.0719
3165.82	36.9744
3167.73	36.9078
3169.8	36.794
3171.9	36.7018
3173.84	36.5956
3175.82	36.5336
3177.91	36.4461
3179.77	36.304
3181.83	36.2307
3183.86	36.1546
3187.82	35.976
3189.84	35.9097
3191.87	35.765
3193.9	35.7246
3197.9	35.5222
3199.94	35.4199
3201.99	35.3464
3203.82	35.2155
3205.87	35.1424
3207.93	35.054
3210.01	35.0073
3211.88	34.8764
3214.01	34.7588
3216.02	34.6784
3218.08	34.6484
3219.87	34.5017
3221.9	34.4613
3224.07	34.3323
3225.92	34.2386
3228.02	34.1324
3229.99	34.0755
3232.03	34.0177
3233.86	33.9497
3235.92	33.8237
3238.05	33.7418
3240.06	33.712
3242	33.5818
3243.98	33.503
3246.08	33.4063
3248.18	33.3376
3250.06	33.2212
3252.03	33.1665
3254.09	33.1014
3256.04	33.0589
3258.02	32.9378
3260.05	32.8308
3262.13	32.731
3264.11	32.6251
3266.07	32.5717
3268.05	32.4807
3270.19	32.4117
3272.11	32.3085
3276.07	32.1784
3278.19	32.086
3280.08	31.9743
3282.02	31.9685
3284.08	31.8354
3286.22	31.7324
3288.03	31.6611
3290.11	31.5898
3292.19	31.4665
3294.21	31.4277
3296.16	31.3536
3298.11	31.278
3300.23	31.1549
3302.05	31.1292
3304.15	31.0264
3306.06	30.9332
3308.13	30.8736
3310.23	30.7403
3312.19	30.7397
3314.22	30.5758
3316.23	30.5385
3318.12	30.4999
3320.3	30.4355
3322.22	30.3003
3324.17	30.2971
3326.12	30.2186
3328.22	30.1251
3330.22	30.0325
3332.39	29.9613
3333.96	30.015
3336.06	29.9455
3338.01	29.8643
3339.87	29.828
3341.91	29.7317
3344.04	29.6411
3345.99	29.577
3347.99	29.5168
3350.01	29.4553
3351.94	29.3461
3354.16	29.2506
3355.97	29.2291
3358	29.1366
3360.12	29.0234
3362.17	29.0209
3364.03	28.9231
3366.04	28.8625
3368.06	28.7935
3370.09	28.7115
3371.93	28.6484
3374.12	28.5647
3376.08	28.5275
3378.01	28.4485
3379.99	28.3778
3382.08	28.2958
3384.06	28.2616
3385.99	28.148
3388.07	28.0982
3390.03	28.0488
3392.11	28.0028
3393.95	27.8969
3396	27.8884
3398.08	27.7615
3400.05	27.7224
3402.06	27.6111
3404.11	27.5314
3406.08	27.5037
3408.21	27.4224
3410.1	27.3646
3412.02	27.3323
3414.07	27.2454
3416.1	27.1917
3417.99	27.1287
3420.05	27.0619
3422.11	27.0305
3423.97	26.9744
3426.06	26.8663
3428.11	26.7794
3430.05	26.8024
3431.99	26.6719
3434.02	26.6185
3436.13	26.5727
3438.2	26.4449
3440.1	26.466
3442.17	26.3722
3444.08	26.3286
3446.15	26.2805
3448.07	26.1929
3450.01	26.1746
3452.13	26.0887
3454.19	26.0495
3456.08	26.0117
3458.11	25.9064
3460.11	25.896
3461.99	25.8032
3464.04	25.7634
3466.07	25.7192
3468.19	25.6272
3470.07	25.5376
3472.12	25.4862
3474.2	25.4451
3476.18	25.4213
3478.1	25.3255
3480.08	25.3012
3482.19	25.2533
3484.06	25.2185
3486.02	25.1098
3488.13	25.0928
3490.17	24.9907
3492.22	24.9525
3494.19	24.8757
3496.04	24.8719
3498.22	24.7612
3500.12	24.7158
3502.11	24.6965
3504.14	24.6204
3506.26	24.5562
3508.1	24.5313
3510.15	24.4681
3512.19	24.4221
3514.2	24.3683
3516.05	24.3256
3518.1	24.288
3520.14	24.201
3522.27	24.1499
3524.08	24.111
3526.15	24.029
3528.23	23.9732
3530.14	23.9712
3532.09	23.8779
3534.2	23.819
3536.19	23.8073
3538.17	23.724
3540.17	23.6906
3542.14	23.681
3544.19	23.611
3546.12	23.5647
3548.14	23.511
3550.18	23.454
3552.18	23.3867
3554.09	23.3374
3556.1	23.3248
3558.14	23.2703
3560.21	23.2119
3562.12	23.1248
3564.21	23.1162
3566.22	23.0353
3568.28	23.0004
3570.07	22.9443
3572.18	22.945
3574.16	22.8528
3576.25	22.8067
3578.03	22.7656
3580.21	22.7367
3582.29	22.6771
3584.08	22.6552
3586.09	22.595
3588.2	22.5374
3590.19	22.5113
3592.09	22.433
3594.16	22.4008
3596.17	22.3781
3598.26	22.3037
3600.13	22.2761
3602.19	22.1994
3604.24	22.1702
3606.22	22.131
3608.08	22.1052
3610.17	22.035
3612.23	22.0115
3614.22	21.9742
3616.12	21.9
3618.16	21.8852
3620.22	21.8427
3622.08	21.8217
3624.09	21.7614
3626.16	21.6992
3628.16	21.6533
3630.09	21.5935
3632.12	21.5859
3634.17	21.5719
3636.24	21.4904
3638.13	21.4376
3640.13	21.4194
3642.25	21.3625
3644.22	21.3353
3646.13	21.2864
3648.17	21.2461
3650.19	21.1838
3652.28	21.131
3654.11	21.1093
3656.16	21.0752
3658.22	21.0368
3660.06	20.994
3662.15	20.9402
3664.25	20.8734
3666.22	20.899
3668.14	20.8314
3670.19	20.7781
3672.19	20.7504
3674.26	20.7169
3676.15	20.6533
3678.18	20.6443
3680.2	20.5994
3682.3	20.529
3684.21	20.5229
3686.2	20.468
3688.18	20.4437
3690.3	20.37
3692.1	20.3872
3694.2	20.3241
3696.26	20.3122
3698.15	20.2558
3700.11	20.2281
3702.23	20.1778
3704.21	20.1509
3706.12	20.1213
3708.16	20.0473
3710.24	20.0042
3712.29	19.9565
3714.13	19.9563
3716.16	19.9458
3718.17	19.9219
3720.24	19.8537
3722.1	19.8292
3724.2	19.7678
3726.24	19.7367
3728.26	19.6987
3730.09	19.7103
3732.18	19.6342
3734.2	19.6042
3736.14	19.5725
3738.15	19.5269
3740.23	19.4839
3742.22	19.4829
3744.07	19.4588
3746.17	19.3668
3748.22	19.3102
3750.24	19.3402
3752.12	19.2919
3756.19	19.2391
3758.22	19.2029
3760.12	19.1396
3762.22	19.0917
3764.19	19.0881
3766.32	19.0295
3768.11	19.0555
3770.2	18.9944
3772.27	18.9058
3774.3	18.9043
3776.13	18.8716
3778.24	18.7969
3780.28	18.8424
3782.1	18.8215
3784.15	18.7465
3786.17	18.7652
3790.13	18.6784
3792.11	18.628
3794.21	18.6102
3796.25	18.5581
3798.14	18.5208
3800.18	18.5176
3802.2	18.4712
3804.26	18.4298
3806.14	18.4159
3808.11	18.434
3810.28	18.2841
3812.28	18.3193
3814.1	18.2857
3816.17	18.2419
3818.3	18.2197
3818.21	18.2582
3822.16	18.1786
3824.23	18.1288
3826.26	18.1125
3828.09	18.0814
3830.2	18.0299
3832.19	18.0367
3834.27	17.9904
3836.13	17.9703
3838.14	17.9493
3840.21	17.8911
3842.19	17.8782
3844.17	17.8152
3846.15	17.8064
3848.15	17.8061
3850.21	17.754
3852.18	17.6738
3854.2	17.6824
3856.23	17.6688
3858.09	17.5793
3860.09	17.6679
3862.21	17.5967
3864.16	17.5484
3866.02	17.5093
3868.15	17.4548
3870.15	17.4929
3872.2	17.428
3874.09	17.4442
3876.14	17.3759
3878.2	17.3561
3880.26	17.3009
3882.04	17.3444
3884.11	17.2765
3886.21	17.2366
3888.15	17.2124
3890.13	17.2074
3892.14	17.1586
3894.17	17.1184
3895.99	17.0933
3898.06	17.1142
3900.07	17.0711
3902.21	16.9987
3904.06	16.9746
3906.1	16.9653
3908.14	16.9383
3910.22	16.9107
3911.99	16.9048
3914.04	16.8305
3916.17	16.8641
3918.18	16.7918
3920.11	16.7485
3922.14	16.7122
3924.15	16.7156
3926.17	16.7153
3928.08	16.6271
3930.17	16.6433
3932.18	16.5967
3934.24	16.5729
3936.03	16.5927
3938.11	16.5409
3940.21	16.5272
3942.06	16.5043
3944.14	16.4436
3946.17	16.4621
3948.11	16.4416
3950.07	16.4254
3952.11	16.3744
3954.16	16.3435
3956.19	16.3432
3958.06	16.3136
3959.98	16.2981
3962.13	16.2317
3964.2	16.2321
3966.02	16.2109
3968.05	16.1927
3970.09	16.1895
3972.26	16.1586
3974.14	16.108
3976.05	16.1253
3978.14	16.098
3979.99	16.0381
3982.13	15.9888
3984.08	15.962
3986.16	15.964
3988.08	15.9444
3990.01	15.9
3992.16	15.8742
3994.16	15.8906
3995.96	15.8468
3998.03	15.8741
4000.14	15.7766
4002.18	15.7739
4003.96	15.7933
4006.06	15.7031
4008.07	15.6652
4010.14	15.6904
4011.92	15.6807
4014.11	15.6114
4016.17	15.5941
4017.99	15.6041
4020.06	15.5342
4022.12	15.5302
4024.16	15.4934
4025.96	15.5387
4028.02	15.4985
4030.03	15.4638
4032.16	15.4409
4033.99	15.3838
4036.07	15.3522
4038.14	15.346
4040.18	15.3765
4041.98	15.3686
4044.09	15.2901
4046.08	15.2606
4048.15	15.2728
4050.06	15.2651
4052.04	15.2288
4054.19	15.1574
4055.92	15.1841
4058.05	15.136
4060.02	15.1168
4062.14	15.0989
4063.96	15.1194
4066.05	15.0668
4068.07	15.092
4070.15	15.0422
4071.98	15.0326
4074.08	15.0019
4076.07	15.0091
4078.12	14.9857
4080.01	14.9152
4082.07	14.9011
4084.13	14.9083
4086.14	14.8835
4087.99	14.8631
4089.98	14.8362
4092.11	14.8241
4094.05	14.7696
4095.96	14.7755
4098.03	14.7533
4100.07	14.7232
4101.96	14.7306
4104.04	14.7089
4106.12	14.6563
4108.08	14.6548
4109.97	14.6557
4112.03	14.6126
4114.07	14.6395
4116.12	14.5895
4118.01	14.5759
4120	14.5599
4122.18	14.4504
4124.15	14.4899
4125.95	14.5377
4128.07	14.4254
4130.03	14.4494
4132.18	14.4412
4133.99	14.4331
4136.1	14.3741
4138.12	14.3393
4139.9	14.4081
4142.01	14.3441
4144.03	14.345
4146.12	14.3087
4147.93	14.2842
4150.02	14.2789
4152.14	14.2166
4154.13	14.2025
4156.02	14.2051
4158.07	14.1557
4160.11	14.1396
4162.15	14.1453
4164.03	14.1293
4166.06	14.1296
4168.09	14.0903
4170.14	14.0727
4172.02	14.0631
4174.05	14.0546
4176.13	14.0292
4177.97	14.0123
4180.02	13.9701
4182	13.95
4184.15	13.9583
4185.99	13.9589
4188	13.9164
4190.09	13.9031
4192.08	13.882
4193.95	13.8694
4196.02	13.8559
4198.08	13.8413
4200.13	13.808
4201.97	13.8103
4204.07	13.7877
4206.03	13.7696
4208.11	13.7538
4210.02	13.7325
4212.09	13.7134
4214.05	13.7059
4215.9	13.7008
4217.98	13.6687
4220.04	13.6456
4222.11	13.6392
4224	13.635
4226	13.5929
4228.07	13.5776
4230.14	13.5566
4231.98	13.5558
4234.04	13.5319
4236.09	13.5082
4238.16	13.4819
4240	13.4924
4242.04	13.4729
4244.08	13.456
4246.06	13.4711
4248	13.4195
4250.04	13.4176
4252.02	13.3793
4253.99	13.3584
4256	13.3138
4258.07	13.299
4260.12	13.2841
4262.01	13.3524
4263.99	13.2796
4266.05	13.2901
4268.12	13.2505
4270.01	13.2326
4272.06	13.2159
4274.02	13.2005
4276.06	13.222
4277.91	13.1977
4280	13.1371
4282.05	13.1424
4284.13	13.139
4286.01	13.1171
4288.03	13.1211
4290.08	13.0789
4291.91	13.0613
4294.05	13.0413
4296.06	13.0003
4298.12	13.0049
4299.9	12.9903
4301.97	13.0011
4304.02	12.9771
4306.09	12.956
4307.92	12.9452
4309.99	12.933
4312.09	12.9091
4314.12	12.8829
4315.96	12.8872
4318.05	12.8735
4320.07	12.8589
4322.12	12.8092
4324.01	12.826
4326.02	12.8085
4328.06	12.7789
4330.13	12.772
4332.02	12.7677
4334.04	12.7394
4336.09	12.6853
4337.94	12.7074
4340.01	12.6937
4342.06	12.679
4344.06	12.6835
4345.95	12.6362
4348.01	12.6354
4350.14	12.586
4352.12	12.5689
4353.94	12.6092
4355.97	12.6079
4358.01	12.5997
4360.09	12.58
4361.95	12.5367
4364	12.5322
4366.01	12.5364
4368.11	12.5015
4369.95	12.4848
4372	12.4942
4374.08	12.4434
4375.94	12.413
4377.98	12.4253
4380.05	12.4087
4382.08	12.3671
4383.93	12.3853
4385.98	12.3926
4388.04	12.3418
4390.09	12.3704
4391.88	12.3224
4394.01	12.2873
4396.01	12.2879
4398.15	12.2669
4400.01	12.2479
4402.02	12.2709
4404.05	12.2679
4406.12	12.2218
4408.01	12.2309
4410	12.2341
4412.04	12.2136
4413.95	12.1864
4415.98	12.1901
4418.04	12.1812
4420.11	12.1167
4421.95	12.1592
4424.03	12.1145
4425.99	12.1302
4428.03	12.142
4429.96	12.0608
4431.96	12.0968
4434.06	12.0439
4436.09	12.0587
4437.96	12.0133
4440.02	12.0236
4442.07	11.9896
4444.13	11.9421
4446.01	11.9529
4447.99	11.9555
4450.09	11.9261
4451.91	11.9547
4453.96	11.9024
4456	11.917
4458.09	11.9272
4459.96	11.8414
4462	11.8939
4464.03	11.8583
4466.14	11.8179
4467.95	11.8325
4470.05	11.8001
4472.04	11.7865
4474.07	11.819
4475.97	11.7973
4477.98	11.7809
4479.98	11.8035
4482.04	11.7419
4483.95	11.7169
4486.03	11.7087
4488.05	11.687
4490.09	11.6878
4491.99	11.6662
4494.08	11.6739
4496.05	11.6426
4497.92	11.6584
4500.03	11.624
4502.06	11.6286
4504.08	11.6288
