1002.29,-1.5879
1019.53,-0.7814
1040.57,-0.962
1060.68,-0.9974
1079.56,-0.9097
1100.63,-0.898
1119.81,-0.976
1139.77,-0.921
1160.04,-0.9995
1179.95,-0.9651
1200.03,-1.013
1220.13,-1.1089
1239.95,-1.0508
1260.23,-1.146
1280.12,-1.2079
1300.12,-1.2215
1320.16,-1.18
1340.08,-1.279
1360,-1.2451
1380.1,-1.269
1400.01,-1.2766
1420.08,-1.3456
1440.02,-1.3244
1459.94,-1.4117
1480.04,-1.4204
1500,-1.4384
1519.94,-1.4853
1540.05,-1.5198
1559.93,-1.5593
1580.09,-1.5826
1600.02,-1.6169
1620.01,-1.6849
1640.09,-1.675
1660.02,-1.7451
1679.99,-1.7549
1700.07,-1.7892
1719.94,-1.8558
1740.16,-1.9025
1759.97,-1.924
1779.97,-1.9641
1801.42,-2.4622
1800.96,-2.0129
1801.95,-2.0274
1803.13,-2.02
1803.93,-1.9892
1805.16,-2.0297
1806.08,-2.033
1806.94,-1.9758
1808.13,-2.0591
1809.08,-2.0582
1809.97,-2.0562
1811.09,-2.0405
1812.01,-2.0712
1812.93,-2.0644
1814.04,-2.0345
1815.03,-2.0512
1816.16,-2.0759
1817.04,-2.033
1817.9,-2.047
1819.13,-2.0833
1820.02,-2.0496
1820.96,-2.097
1822.07,-2.0845
1823.06,-2.0787
1824.17,-2.1094
1825.06,-2.1177
1825.94,-2.0821
1827.07,-2.104
1828.08,-2.1128
1828.94,-2.1372
1830.04,-2.0954
1831.03,-2.0955
1831.92,-2.0672
1833.06,-2.1334
1834,-2.1016
1835.12,-2.1156
1836.06,-2.0712
1836.96,-2.1346
1838.05,-2.086
1839.02,-2.1281
1839.93,-2.0816
1841.05,-2.1321
1842.04,-2.1277
1843.13,-2.1336
1844.08,-2.1328
1845.02,-2.165
1846.12,-2.1277
1847.05,-2.1288
1847.93,-2.1538
1849.11,-2.1548
1849.97,-2.1407
1850.92,-2.1625
1852.05,-2.1314
1853.05,-2.143
1854.15,-2.1811
1855.04,-2.1896
1855.99,-2.1729
1857.08,-2.1566
1858.03,-2.1366
1858.91,-2.1665
1860.05,-2.194
1860.97,-2.163
1862.1,-2.1639
1863.05,-2.1995
1863.93,-2.1472
1865.14,-2.2115
1866.02,-2.2161
1866.97,-2.1821
1868.05,-2.2185
1868.98,-2.1644
1869.92,-2.1617
1871.07,-2.2117
1872.06,-2.2714
1873.08,-2.189
1874.02,-2.2387
1875,-2.204
1876.09,-2.2305
1876.99,-2.201
1877.95,-2.2143
1879.07,-2.2422
1880,-2.2512
1881.1,-2.1783
1882.08,-2.2283
1882.96,-2.2435
1884.09,-2.2303
1885.03,-2.2534
1885.94,-2.256
1887.11,-2.2474
1887.95,-2.2437
1888.9,-2.245
1890.05,-2.2581
1890.93,-2.2936
1892.16,-2.3146
1893.04,-2.2706
1894.04,-2.3101
1895.05,-2.2484
1896.02,-2.2491
1896.92,-2.2978
1898.04,-2.2961
1898.98,-2.2743
1900.11,-2.2531
1900.98,-2.246
1901.94,-2.2348
1903.12,-2.3144
1904.02,-2.2702
1904.94,-2.2761
1906,-2.3019
1907.04,-2.2976
1907.99,-2.3112
1909.06,-2.3378
1909.98,-2.2829
1911.11,-2.3178
1912.11,-2.3165
1913.04,-2.3088
1914.12,-2.3586
1916.01,-2.3692
1917.13,-2.338
1917.97,-2.384
1919.12,-2.374
1920.07,-2.3779
1920.98,-2.3022
1922.14,-2.3504
1922.99,-2.3853
1923.93,-2.3332
1925.05,-2.3608
1925.96,-2.3536
1927.09,-2.3527
1928,-2.3138
1928.93,-2.3459
1930.13,-2.3834
1931.07,-2.3744
1931.93,-2.3524
1933.13,-2.3941
1934.06,-2.416
1934.92,-2.3304
1936.07,-2.3793
1936.88,-2.3488
1938.2,-2.4068
1939.92,-2.3952
1941.07,-2.3681
1942.04,-2.4054
1943.06,-2.3849
1944.01,-2.3736
1944.98,-2.4295
1946.11,-2.3708
1947.08,-2.41
1948.01,-2.3999
1949.11,-2.446
1950.09,-2.425
1951.01,-2.4539
1951.97,-2.4112
1953.07,-2.4276
1953.98,-2.4426
1955.1,-2.437
1955.97,-2.446
1957.07,-2.416
1958.04,-2.4473
1958.91,-2.4067
1960.15,-2.4411
1961.02,-2.4398
1961.9,-2.4803
1963.01,-2.448
1963.99,-2.483
1965.18,-2.452
1966.04,-2.453
1966.81,-2.4428
1968.08,-2.4826
1968.98,-2.5219
1969.93,-2.4324
1971.07,-2.4875
1971.97,-2.5049
1972.94,-2.506
1974.06,-2.52
1975.04,-2.4588
1976.09,-2.4913
1976.99,-2.5038
1977.97,-2.5538
1979.1,-2.562
1980.03,-2.5123
1981,-2.5375
1982.03,-2.5203
1982.97,-2.5232
1984.09,-2.471
1984.95,-2.4859
1985.95,-2.604
1987.08,-2.553
1987.93,-2.5115
1988.95,-2.568
1990.1,-2.555
1990.93,-2.5439
1991.92,-2.545
1993.04,-2.5927
1994.05,-2.577
1995.07,-2.5797
1996.06,-2.6038
1996.96,-2.6232
1997.99,-2.6011
1999,-2.5431
1999.93,-2.5871
2001.08,-2.58
2002.03,-2.5944
2003.07,-2.6137
2004.03,-2.6321
2004.93,-2.5776
2006.02,-2.5678
2007.04,-2.5915
2007.93,-2.628
2009.03,-2.6172
2009.98,-2.6262
2010.89,-2.575
2012.07,-2.6015
2012.96,-2.6251
2014.11,-2.6507
2015,-2.6358
2015.9,-2.6297
2017.1,-2.6567
2017.98,-2.6204
2018.94,-2.6597
2020.08,-2.6622
2021,-2.644
2022.07,-2.647
2022.97,-2.652
2024.04,-2.6623
2025.12,-2.7105
2026.09,-2.6519
2026.97,-2.6969
2028.04,-2.6633
2029.03,-2.6777
2029.86,-2.6985
2030.98,-2.676
2032.01,-2.6751
2033.09,-2.7194
2034.03,-2.6976
2034.99,-2.702
2036.1,-2.736
2037.02,-2.7447
2037.88,-2.7158
2039.04,-2.7063
2040.04,-2.7287
2041.02,-2.6992
2042.03,-2.7247
2042.97,-2.7349
2044.1,-2.7337
2045.05,-2.7628
2045.93,-2.7863
2047.02,-2.7624
2047.95,-2.7626
2049,-2.7605
2050,-2.7425
2051.01,-2.7622
2052.09,-2.7267
2053.06,-2.778
2053.9,-2.7605
2055.03,-2.7684
2056.08,-2.7769
2056.97,-2.779
2058.03,-2.7709
2058.88,-2.7634
2060.04,-2.7881
2061.08,-2.8202
2061.93,-2.7694
2063.05,-2.7594
2063.98,-2.7605
2064.93,-2.8031
2066.11,-2.8198
2066.96,-2.8095
2067.87,-2.7776
2069.08,-2.8276
2069.96,-2.849
2071.07,-2.8348
2071.98,-2.8062
2073,-2.8229
2074.08,-2.8504
2075,-2.8455
2075.94,-2.8324
2077.03,-2.8909
2077.95,-2.8478
2080,-2.8059
2080.97,-2.8539
2082.14,-2.8761
2083.01,-2.885
2083.94,-2.8689
2085.04,-2.8692
2085.97,-2.8915
2086.86,-2.9053
2088.11,-2.9263
2088.94,-2.8933
2090.13,-2.8946
2091.03,-2.9231
2091.95,-2.9551
2093.07,-2.9395
2093.98,-2.9238
2094.91,-2.9194
2095.92,-2.8505
2096.94,-2.9398
2098.06,-2.9076
2098.96,-2.9235
2099.99,-2.9474
2101.08,-2.9953
2102.05,-2.975
2102.97,-2.9464
2104.04,-2.9731
2104.98,-2.9443
2106.12,-2.9912
2107.09,-2.981
2107.96,-2.9784
2109.07,-2.9688
2110,-2.996
2110.88,-2.9679
2112.06,-3.009
2113,-3.0036
2113.91,-3.0129
2115.03,-3.0096
2115.93,-2.9789
2117.15,-3.0394
2118.02,-3.0344
2118.99,-3.0761
2120.07,-3.0288
2121,-3.0043
2121.96,-3.0402
2123.04,-3.0165
2124.03,-3.0512
2125.1,-3.011
2126.04,-3.0452
2126.97,-3.0584
2128.11,-3.0718
2129.01,-3.047
2129.93,-3.0626
2131.02,-3.0615
2131.97,-3.0888
2132.92,-3.0894
2134.09,-3.1331
2135,-3.1122
2136.03,-3.0817
2137,-3.1124
2138.03,-3.1218
2139.02,-3.0612
2140,-3.1041
2140.93,-3.091
2142.03,-3.1209
2142.98,-3.1439
2144.1,-3.1447
2145.11,-3.1337
2145.97,-3.1391
2147.03,-3.111
2148.01,-3.1347
2148.95,-3.1806
2150.05,-3.166
2150.97,-3.1669
2151.91,-3.1638
2153.03,-3.1602
2153.96,-3.1755
2155.07,-3.16
2155.99,-3.1606
2156.86,-3.1712
2158.07,-3.1748
2158.93,-3.1717
2159.95,-3.2432
2161.09,-3.2338
2161.96,-3.1898
2163.17,-3.2467
2164.03,-3.2173
2164.98,-3.238
2166.07,-3.248
2166.98,-3.2031
2167.89,-3.2163
2169.03,-3.214
2170.02,-3.2769
2170.98,-3.2355
2172.04,-3.265
2172.97,-3.29
2174.05,-3.2363
2175.04,-3.2577
2175.92,-3.2607
2177.01,-3.2739
2177.92,-3.2707
2178.91,-3.2806
2180.06,-3.2959
2180.97,-3.2812
2182.14,-3.3178
2183.02,-3.2944
2183.94,-3.2937
2185.07,-3.3235
2186.02,-3.3459
2186.93,-3.351
2188.02,-3.312
2188.94,-3.3172
2190,-3.3393
2191.08,-3.3514
2191.96,-3.3571
2193.09,-3.3493
2194,-3.369
2194.9,-3.3622
2196.05,-3.361
2196.96,-3.3647
2197.93,-3.3936
2199.06,-3.4116
2200.01,-3.4207
2201.14,-3.4129
2202.01,-3.431
2202.93,-3.4137
2204.09,-3.4625
2205.02,-3.4463
2205.92,-3.4177
2207.03,-3.413
2207.98,-3.4446
2208.89,-3.4302
2210.01,-3.4508
2210.99,-3.4537
2212.05,-3.4399
2213.02,-3.4613
2213.96,-3.4789
2215.03,-3.4818
2215.99,-3.4583
2216.89,-3.4696
2218.12,-3.5217
2218.99,-3.5091
2220.02,-3.5002
2221.07,-3.516
2221.92,-3.5012
2223.02,-3.5334
2224,-3.5254
2224.96,-3.5491
2226.12,-3.5419
2226.91,-3.551
2227.97,-3.5496
2229,-3.5462
2229.92,-3.5673
2231.11,-3.5722
2231.95,-3.5521
2232.93,-3.5843
2234.03,-3.5513
2234.97,-3.5749
2235.86,-3.5856
2237.09,-3.6164
2237.91,-3.604
2239.08,-3.5958
2240.01,-3.6347
2240.91,-3.6164
2242.02,-3.612
2242.95,-3.616
2243.97,-3.6471
2245,-3.6301
2245.96,-3.6521
2246.91,-3.6256
2247.98,-3.6359
2248.96,-3.6226
2250.09,-3.6798
2251.08,-3.6741
2251.93,-3.6684
2253.08,-3.6795
2253.98,-3.6898
2254.94,-3.7102
2256.05,-3.7225
2257,-3.7375
2258.05,-3.7008
2258.98,-3.7351
2259.91,-3.6928
2261.08,-3.707
2261.99,-3.7655
2262.89,-3.7125
2264.06,-3.7694
2264.94,-3.7374
2265.89,-3.7712
2267.03,-3.8035
2267.95,-3.8113
2269.04,-3.7552
2270.04,-3.8289
2270.93,-3.7909
2272.08,-3.7661
2272.91,-3.7768
2273.94,-3.8237
2275.02,-3.819
2276.01,-3.8577
2277.07,-3.8062
2278,-3.8405
2278.92,-3.8346
2280.07,-3.8543
2281,-3.8707
2281.96,-3.8437
2283.04,-3.8633
2283.94,-3.8473
2285.11,-3.8879
2286.01,-3.8811
2286.96,-3.8965
2288.11,-3.9279
2288.97,-3.9013
2289.93,-3.9222
2291.11,-3.9483
2291.99,-3.9347
2292.93,-3.9295
2294,-3.9298
2294.92,-3.947
2296.1,-3.9765
2297.01,-3.9761
2297.9,-3.9593
2299.06,-3.9989
2299.93,-3.9586
2300.96,-4.0101
2302.01,-3.9928
2302.92,-3.992
2304.08,-4.0265
2304.99,-3.9952
2305.94,-4.0353
2307.05,-4.0145
2308,-4.0357
2308.92,-4.0321
2310.03,-4.0268
2310.96,-4.0679
2311.88,-4.0378
2312.99,-4.0386
2313.94,-4.0587
2315.06,-4.0646
2316.03,-4.0734
2316.91,-4.0631
2318.05,-4.111
2318.98,-4.0611
2319.9,-4.1162
2321.01,-4.0934
2321.94,-4.1483
2323.03,-4.148
2324,-4.1355
2324.98,-4.1495
2326.1,-4.18
2327,-4.1807
2327.86,-4.132
2329.02,-4.1794
2329.95,-4.2034
2330.95,-4.1979
2332.03,-4.1963
2332.98,-4.2035
2334.01,-4.1924
2334.93,-4.1889
2335.84,-4.1912
2337.04,-4.2128
2337.99,-4.2366
2338.87,-4.2455
2340.03,-4.2377
2340.92,-4.25
2342.08,-4.2621
2343.04,-4.2971
2343.95,-4.3031
2345.08,-4.2984
2345.96,-4.3331
2346.92,-4.3245
2348.11,-4.3077
2349.02,-4.3263
2349.89,-4.373
2351.04,-4.326
2351.9,-4.347
2353.06,-4.341
2354.05,-4.4087
2354.93,-4.34
2356.06,-4.361
2356.98,-4.4075
2357.88,-4.3965
2359.09,-4.3912
2360.01,-4.4427
2361.1,-4.4066
2361.98,-4.4316
2362.91,-4.4324
2364.04,-4.4477
2365,-4.463
2365.91,-4.4388
2367.02,-4.492
2367.96,-4.5141
2368.92,-4.52
2370,-4.4869
2370.97,-4.4985
2372.07,-4.517
2372.94,-4.48
2373.93,-4.5287
2375.05,-4.5312
2376.01,-4.5462
2376.85,-4.5221
2378.02,-4.5822
2378.87,-4.5222
2380.1,-4.6058
2381,-4.603
2381.96,-4.6096
2383.04,-4.5959
2383.98,-4.6215
2384.95,-4.6357
2386.05,-4.6675
2387.9,-4.6771
2388.98,-4.6468
2389.97,-4.6899
2391.03,-4.6987
2392,-4.6619
2392.9,-4.7054
2394.04,-4.6934
2394.97,-4.7304
2395.02,-4.7511
2397.08,-4.7409
2397.97,-4.7448
2399.1,-4.753
2399.95,-4.7076
2400.9,-4.7277
2402.11,-4.8056
2402.94,-4.7737
2403.9,-4.7747
2405.01,-4.8103
2405.96,-4.8257
2406.87,-4.8216
2408,-4.8196
2408.92,-4.8273
2410.08,-4.8486
2410.98,-4.9029
2411.9,-4.8758
2413.07,-4.8981
2414.01,-4.8957
2414.9,-4.9056
2416.08,-4.9385
2416.95,-4.9262
2418.01,-4.9082
2418.99,-4.939
2419.91,-4.9308
2421.04,-4.942
2421.98,-4.9853
2422.9,-4.9843
2424.07,-4.9954
2424.97,-5.0034
2425.87,-5.0316
2427.05,-5.0289
2427.93,-5.0261
2429.08,-5.0618
2430.01,-5.0199
2430.92,-5.0652
2432.02,-5.0447
2432.94,-5.0776
2433.92,-5.076
2435.04,-5.114
2435.9,-5.0683
2437.06,-5.0791
2437.99,-5.1099
2438.94,-5.1354
2440.03,-5.1625
2440.96,-5.1521
2441.88,-5.163
2443,-5.1611
2443.94,-5.1627
2444.91,-5.2298
2446.03,-5.1955
2446.99,-5.2388
2448.07,-5.2532
2449.09,-5.278
2449.92,-5.2448
2451.03,-5.249
2451.95,-5.261
2452.85,-5.2779
2453.98,-5.2883
2454.94,-5.306
2456.07,-5.3433
2456.99,-5.3487
2457.97,-5.3414
2459.06,-5.3864
2459.96,-5.3601
2460.91,-5.38
2462.08,-5.3703
2462.94,-5.3574
2463.88,-5.412
2465,-5.4248
2465.88,-5.4161
2467.1,-5.474
2468.01,-5.4728
2468.93,-5.4936
2470.02,-5.4974
2470.96,-5.4779
2471.87,-5.4765
2473.03,-5.5303
2473.91,-5.519
2475.04,-5.5594
2476.03,-5.5682
2476.92,-5.561
2478,-5.5506
2479.01,-5.596
2479.93,-5.612
2480.99,-5.6178
2481.93,-5.6508
2483.1,-5.6614
2484.03,-5.6629
2484.9,-5.6506
2486.03,-5.6878
2486.99,-5.6622
2487.95,-5.7093
2489.07,-5.7441
2489.95,-5.7396
2490.9,-5.7435
2492.05,-5.7686
2492.92,-5.7825
2494.07,-5.7713
2494.97,-5.7784
2496,-5.8357
2497.03,-5.818
2497.94,-5.8395
2498.93,-5.8778
2500.09,-5.8687
2500.98,-5.8753
2502.04,-5.8742
2503,-5.8697
2503.97,-5.9316
2505.05,-5.9081
2506,-5.9479
2506.89,-5.9203
2508.1,-5.985
2508.99,-6.0241
2509.91,-5.9998
2511.06,-6.0101
2512,-6.04
2513.09,-6.0169
2514.04,-6.0431
2514.95,-6.039
2516.11,-6.093
2516.95,-6.1339
2517.93,-6.1011
2518.99,-6.1365
2520.01,-6.167
2521.09,-6.1843
2522.02,-6.192
2522.99,-6.2285
2524.05,-6.2001
2524.96,-6.2211
2525.91,-6.241
2527.08,-6.265
2527.95,-6.2796
2528.96,-6.2928
2530.01,-6.3081
2530.91,-6.3077
2532.01,-6.3119
2532.98,-6.34
2533.9,-6.3589
2535.07,-6.3781
2535.93,-6.381
2536.85,-6.3837
2538.07,-6.4399
2538.98,-6.4439
2540.11,-6.4726
2541.03,-6.4792
2541.92,-6.5121
2543.11,-6.4877
2544.02,-6.5439
2544.93,-6.5088
2545.98,-6.5031
2547.03,-6.5886
2547.94,-6.5748
2548.98,-6.593
2550.03,-6.6416
2551.1,-6.6053
2552.94,-6.6827
2554.07,-6.6916
2554.97,-6.6955
2555.89,-6.7376
2557.02,-6.7921
2557.96,-6.7233
2559.07,-6.7966
2560.02,-6.8464
2560.94,-6.7955
2562.03,-6.8387
2563.01,-6.8538
2563.91,-6.8544
2565.09,-6.8838
2566,-6.9149
2566.93,-6.9256
2568.02,-6.9377
2568.97,-6.9444
2570.04,-6.9413
2570.96,-6.9738
2571.92,-7.0038
2573.07,-7.0582
2574,-7.093
2574.98,-7.097
2576.07,-7.1175
2576.98,-7.09
2578.09,-7.1238
2579.95,-7.171
2581.1,-7.2109
2582.06,-7.2503
2583.01,-7.2223
2584,-7.314
2585.02,-7.2744
2585.96,-7.302
2586.98,-7.383
2588,-7.3649
2589.03,-7.3464
2590.01,-7.3839
2590.92,-7.4418
2592.01,-7.4231
2593.01,-7.4554
2593.99,-7.4829
2595.08,-7.5261
2595.94,-7.5164
2597.09,-7.5324
2598.04,-7.5833
2599.01,-7.5542
2600.06,-7.6177
2601.03,-7.6191
2601.94,-7.6939
2603.11,-7.7199
2603.94,-7.6997
2604.94,-7.7469
2606.07,-7.7548
2607,-7.7745
2608.08,-7.7917
2609.04,-7.8027
2610.01,-7.8594
2611.08,-7.865
2612.03,-7.8933
2612.99,-7.9128
2614.05,-7.9702
2614.98,-7.9842
2616.12,-8.01
2617.02,-7.9899
2617.98,-8.0611
2619.09,-8.0523
2620.06,-8.0735
2620.92,-8.0954
2622.16,-8.1677
2623.02,-8.1533
2623.86,-8.1758
2625.08,-8.2153
2625.93,-8.1914
2627.09,-8.2361
2628.12,-8.3182
2628.96,-8.3397
2630.06,-8.3674
2631,-8.3687
2632.02,-8.4448
2633.08,-8.4497
2633.98,-8.4284
2635.06,-8.4764
2636,-8.4975
2636.97,-8.5333
2638.15,-8.6206
2639.07,-8.6496
2639.99,-8.6165
2641.18,-8.6625
2642.01,-8.6962
2643.01,-8.7076
2644.05,-8.7163
2645.01,-8.8091
2646.22,-8.8649
2647.09,-8.8436
2647.98,-8.8669
2649.17,-8.9175
2650.11,-9.0016
2650.96,-8.9714
2652.14,-8.9937
2653.04,-8.9961
2654.15,-9.058
2655.12,-9.1254
2656.06,-9.0879
2657.06,-9.1145
2658.06,-9.1611
2659.09,-9.2763
2660.09,-9.2662
2661.01,-9.2574
2661.07,-9.2843
2663.13,-9.3838
2664.03,-9.4241
2665.12,-9.4151
2666.05,-9.4493
2667.04,-9.4983
2668.03,-9.468
2669.09,-9.5342
2669.93,-9.573
2671.14,-9.623
2672.04,-9.6946
2673.06,-9.6985
2674.16,-9.728
2674.97,-9.7511
2676.17,-9.7885
2677.08,-9.8342
2678.02,-9.8682
2679.15,-9.9339
2680.08,-9.9572
2681.22,-10.0141
2682.09,-10.056
2683.09,-10.0848
2684.2,-10.123
2685.11,-10.1366
2686.07,-10.168
2687.09,-10.1946
2688.17,-10.2837
2689.03,-10.3085
2690.18,-10.3608
2691.04,-10.3635
2692.18,-10.487
2693.2,-10.5083
2694,-10.495
2695.11,-10.5453
2696.14,-10.6299
2697.1,-10.6612
2698.22,-10.7237
2699.08,-10.7554
2700.25,-10.8225
2701.16,-10.837
2702.03,-10.8848
2703.22,-10.9225
2704.22,-11.0203
2705.01,-11.0308
2706.12,-11.1003
2707.17,-11.1574
2708.07,-11.1601
2709.16,-11.227
2710.17,-11.3022
2711.26,-11.3719
2712.14,-11.324
2713.15,-11.4334
2714.23,-11.4932
2715.19,-11.5318
2716.09,-11.609
2717.16,-11.6056
2718.23,-11.7542
2719.29,-11.7869
2720.17,-11.836
2721.19,-11.8995
2722.22,-11.9109
2723.23,-12.0025
2724.2,-12.0457
2725.21,-12.0736
2726.21,-12.1836
2727.15,-12.1805
2728.29,-12.289
2729.18,-12.3283
2730.27,-12.4047
2731.27,-12.491
2732.21,-12.5719
2733.33,-12.6069
2734.19,-12.6646
2735.24,-12.7412
2736.21,-12.7812
2737.2,-12.8451
2738.4,-12.926
2739.16,-12.9544
2740.19,-13.0774
2741.32,-13.1254
2742.27,-13.2267
2743.23,-13.247
2744.34,-13.3613
2745.26,-13.4046
2746.24,-13.4743
2747.22,-13.5217
2748.29,-13.6528
2749.39,-13.6827
2750.29,-13.767
2751.23,-13.8602
2752.32,-13.9499
2753.26,-14.0097
2754.21,-14.1026
2755.36,-14.1385
2756.24,-14.2211
2757.36,-14.3131
2758.37,-14.3844
2759.21,-14.4637
2760.42,-14.5903
2761.33,-14.6775
2762.28,-14.7568
2763.33,-14.8613
2764.35,-14.9569
2765.24,-15.0303
2766.4,-15.1505
2767.41,-15.2086
2768.51,-15.3197
2769.32,-15.4246
2770.4,-15.5237
2771.5,-15.6083
2772.39,-15.6877
2773.25,-15.7569
2774.46,-15.8621
2775.42,-16.0042
2776.48,-16.1152
2777.39,-16.1983
2778.38,-16.2992
2779.43,-16.3721
2780.4,-16.5276
2781.36,-16.6391
2782.49,-16.7305
2783.48,-16.8412
2784.37,-16.9278
2785.54,-17.0702
2786.45,-17.2018
2787.51,-17.2877
2788.46,-17.4093
2789.48,-17.5431
2790.54,-17.6611
2791.49,-17.7751
2792.37,-17.8956
2793.48,-17.9891
2794.52,-18.1551
2795.59,-18.2578
2796.52,-18.3721
2797.53,-18.5206
2798.62,-18.6694
2799.57,-18.7893
2800.48,-18.8923
2801.62,-19.0025
2802.53,-19.1856
2803.58,-19.3062
2804.62,-19.4362
2805.56,-19.5481
2806.6,-19.6385
2807.62,-19.8233
2808.6,-19.9303
2809.62,-20.0328
2810.6,-20.1737
2811.59,-20.2935
2812.67,-20.4104
2813.57,-20.4937
2814.72,-20.6006
2815.81,-20.8048
2816.61,-20.8433
2817.77,-20.9534
2818.76,-21.05351
2819.54,-21.11027
2820.68,-21.17649
2821.7,-21.31365
2822.65,-21.39121
2823.81,-21.43335
2824.63,-21.49
2825.91,-21.6113
2826.71,-21.61546
2827.66,-21.64438
2828.85,-21.71683
2829.87,-21.77558
2830.62,-21.72625
2831.76,-21.7494
2832.66,-21.69623
2833.96,-21.74244
2834.88,-21.6725
2835.73,-21.58245
2836.74,-21.4901
2837.77,-21.44732
2838.74,-21.39639
2839.89,-21.27564
2840.76,-21.14894
2841.85,-21.0297
2842.85,-20.8811
2843.81,-20.7027
2844.77,-20.4918
2845.7,-20.2944
2846.79,-20.1201
2847.9,-19.8918
2848.7,-19.5996
2849.69,-19.3593
2850.74,-19.0427
2851.66,-18.7409
2852.76,-18.352
2853.73,-18.0663
2854.61,-17.7408
2855.79,-17.3246
2856.62,-16.9275
2857.55,-16.56
2858.64,-16.0808
2859.44,-15.6636
2860.71,-15.2213
2861.61,-14.7698
2862.47,-14.2905
2863.56,-13.7306
2864.49,-13.2368
2865.26,-12.7361
2866.49,-12.1731
2867.45,-11.72
2868.2,-11.1614
2869.36,-10.5331
2870.2,-9.9529
2871.29,-9.3303
2872.14,-8.782
2873.15,-8.2389
2874.06,-7.5191
2875.05,-6.9939
2875.93,-6.4017
2876.94,-5.7255
2877.82,-5.2018
2878.99,-4.4989
2879.87,-3.9133
2880.8,-3.3483
2881.94,-2.6952
2882.68,-2.091
2883.56,-1.5014
2884.62,-0.8078
2885.61,-0.2851
2886.35,0.3481
2887.62,0.8957
2888.52,1.4446
2889.45,2.1649
2890.4,2.6837
2891.24,3.1854
2892.36,3.8162
2893.26,4.3326
2894.27,4.8048
2895.23,5.3917
2896.19,5.858
2897.37,6.4271
2898.23,6.902
2899.15,7.372
2900.16,7.9081
2901.09,8.3473
2901.83,8.8203
2903.04,9.2966
2903.94,9.6917
2904.89,10.066
2906.03,10.5195
2906.99,10.871
2908.06,11.3542
2908.87,11.7718
2909.81,12.0927
2910.89,12.4699
2911.98,12.7619
2912.76,13.1198
2913.82,13.5232
2914.89,13.7748
2915.93,14.1759
2916.91,14.4354
2917.83,14.6924
2918.97,15.0091
2919.95,15.2778
2920.71,15.5107
2921.83,15.8353
2922.84,16.0674
2923.82,16.2744
2924.77,16.6036
2925.68,16.8409
2926.79,17.0594
2927.82,17.2352
2928.65,17.4115
2929.85,17.7012
2930.82,17.8116
2931.64,18.0712
2932.85,18.2079
2933.82,18.3582
2934.88,18.5848
2935.77,18.7007
2937.81,19.0552
2938.73,19.1641
2939.8,19.2922
2940.8,19.4641
2941.81,19.5537
2943.8,19.7828
2944.86,19.8825
2945.79,19.9862
2946.81,20.0901
2947.73,20.19
2948.88,20.2794
2949.91,20.308
2950.74,20.4195
2951.87,20.5383
2952.87,20.5739
2953.9,20.6782
2954.92,20.7446
2955.81,20.8087
2956.99,20.8793
2957.91,20.9118
2958.82,20.9203
2959.99,20.9752
2960.84,21.082
2961.77,21.1339
2962.93,21.1819
2963.84,21.1602
2964.97,21.215
2965.92,21.269
2966.92,21.2643
2967.94,21.3161
2968.87,21.3271
2969.84,21.3455
2970.95,21.3726
2971.93,21.3771
2973,21.3985
2973.82,21.4745
2974.89,21.4476
2976.04,21.4175
2976.99,21.4427
2977.88,21.4436
2979.08,21.4208
2980.02,21.4286
2980.9,21.451
2982.06,21.3889
2982.93,21.4284
2984.1,21.4181
2984.99,21.4395
2985.99,21.3596
2987.01,21.3891
2988.01,21.3825
2989.01,21.3447
2990.08,21.334
2991.05,21.2981
2992.27,21.2757
2993.09,21.3228
2993.94,21.2974
2995.15,21.2283
2996.05,21.2405
2997.05,21.2027
2998.1,21.183
2999.12,21.1239
2999.99,21.1166
3001.18,21.0911
3002.03,21.0764
3003.2,21.0317
3004.11,21.0036
3005.07,20.9577
3006.15,20.964
3007.13,20.8831
3008.09,20.8746
3009.21,20.8085
3010.12,20.7673
3011.25,20.7142
3012.25,20.6846
3013.09,20.7163
3014.24,20.6309
3015.23,20.555
3016.1,20.6061
3017.2,20.5323
3018.2,20.4764
3019.3,20.4232
3020.19,20.3799
3021.16,20.3512
3022.34,20.3004
3023.2,20.2572
3024.16,20.211
3025.31,20.1552
3026.27,20.0986
3027.2,20.0619
3028.3,20.0423
3029.21,20.0052
3030.29,19.9416
3031.34,19.8648
3032.22,19.8331
3033.29,19.8133
3034.16,19.7799
3035.11,19.753
3036.29,19.6726
3037.33,19.6169
3038.33,19.5967
3039.39,19.516
3040.24,19.4768
3041.42,19.4306
3042.28,19.3932
3043.27,19.335
3044.27,19.3105
3045.3,19.2519
3046.25,19.1931
3047.38,19.1234
3048.28,19.1219
3049.4,19.0529
3050.3,19.0236
3051.3,18.9522
3052.45,18.8554
3053.33,18.83
3054.26,18.7976
3055.43,18.7524
3056.31,18.6883
3057.42,18.6513
3058.37,18.5962
3059.37,18.5563
3060.44,18.5093
3061.39,18.4607
3062.26,18.4555
3063.42,18.3553
3064.36,18.3278
3065.4,18.2628
3066.4,18.2247
3067.38,18.1667
3068.48,18.1088
3069.36,18.1144
3070.38,17.9913
3071.48,17.9857
3072.43,17.9117
3073.41,17.8576
3074.45,17.8351
3075.43,17.774
3076.58,17.7198
3077.53,17.6871
3078.38,17.6297
3079.51,17.5859
3080.55,17.526
3081.4,17.4968
3082.53,17.4149
3083.42,17.3963
3084.37,17.3359
3085.47,17.2869
3086.43,17.2635
3087.61,17.1802
3088.49,17.1182
3089.51,17.0857
3090.55,17.0431
3091.5,16.9947
3092.43,16.9653
3094.48,16.8358
3095.59,16.7848
3096.54,16.7531
3097.5,16.6941
3098.64,16.6253
3099.53,16.5967
3100.39,16.5864
3101.55,16.5372
3102.57,16.4343
3103.47,16.4206
3104.58,16.3561
3105.52,16.322
3106.57,16.2643
3107.51,16.2666
3108.5,16.1894
3109.66,16.124
3110.6,16.0928
3111.47,16.0488
3112.64,15.9798
3113.5,15.9811
3114.6,15.901
3115.57,15.8455
3116.51,15.8024
3117.62,15.7565
3118.6,15.709
3119.4,15.6964
3120.59,15.6309
3121.58,15.5771
3122.5,15.5373
3123.56,15.5058
3124.5,15.4467
3125.56,15.401
3126.57,15.3424
3127.56,15.2986
3128.62,15.2604
3129.61,15.1933
3130.53,15.1752
3131.64,15.1305
3132.56,15.0914
3133.65,15.0423
3134.6,15.0086
3135.59,14.9495
3136.67,14.9007
3137.61,14.8731
3138.54,14.8676
3139.71,14.7744
3140.65,14.7334
3141.53,14.7043
3142.64,14.6686
3143.62,14.5985
3144.72,14.5843
3145.67,14.4863
3146.63,14.501
3147.72,14.4279
3148.64,14.4324
3149.61,14.3486
3150.69,14.3499
3151.68,14.271
3152.79,14.253
3153.65,14.198
3154.63,14.123
3155.7,14.1293
3156.61,14.1127
3157.57,14.0828
3158.68,14.0007
3159.71,13.9451
3160.57,13.8927
3161.62,13.9496
3162.67,13.8421
3163.81,13.8094
3164.73,13.7764
3165.64,13.6956
3166.73,13.6624
3167.65,13.6281
3169.75,13.5648
3170.65,13.5497
3171.81,13.4684
3172.69,13.4687
3173.65,13.4637
3174.77,13.3751
3175.72,13.3161
3176.62,13.3
3177.78,13.2566
3178.65,13.218
3179.59,13.1977
3180.79,13.1641
3181.68,13.1199
3182.83,13.0919
3183.73,13.0671
3184.72,13.0217
3185.77,12.9969
3186.76,12.957
3187.66,12.9208
3188.74,12.8813
3189.71,12.8192
3190.83,12.8029
3191.72,12.7692
3192.72,12.7672
3193.83,12.6651
3194.74,12.6708
3195.64,12.6576
3196.8,12.6019
3197.77,12.5478
3198.87,12.5542
3199.84,12.45
3200.68,12.4572
3201.85,12.3999
3202.8,12.4023
3203.73,12.372
3204.81,12.3458
3205.78,12.285
3206.77,12.2393
3207.73,12.214
3208.77,12.1697
3209.77,12.181
3210.73,12.1155
3211.7,12.0848
3212.89,12.0144
3213.77,12.0437
3214.77,11.984
3215.8,11.9833
3216.75,11.9184
3217.89,11.8961
3218.87,11.8579
3219.75,11.8387
3220.93,11.8098
3221.86,11.747
3222.75,11.798
3223.87,11.7557
3224.78,11.6813
3225.65,11.693
3226.86,11.622
3227.83,11.5704
3228.84,11.5205
3229.83,11.5068
3230.74,11.4895
3231.87,11.4757
3232.76,11.454
3233.66,11.4575
3234.89,11.3635
3235.91,11.3245
3236.91,11.3523
3237.85,11.2863
3238.83,11.2444
3239.88,11.2192
3240.9,11.2053
3241.8,11.1672
3243,11.0741
3243.81,11.1112
3244.75,11.0979
3245.91,11.039
3246.76,11.0582
3247.94,11.0026
3248.86,10.9581
3249.85,10.9583
3250.82,10.9977
3251.9,10.8841
3252.83,10.8567
3253.93,10.8156
3254.82,10.7887
3256.04,10.7659
3256.89,10.6808
3257.87,10.7133
3258.94,10.7074
3259.88,10.6715
3260.81,10.6441
3261.99,10.6394
3262.89,10.5834
3263.74,10.5909
3264.96,10.5351
3265.76,10.5181
3266.94,10.4885
3267.94,10.4427
3268.88,10.3784
3269.87,10.4002
3270.87,10.4012
3271.84,10.332
3272.93,10.3355
3273.87,10.3194
3275,10.2829
3275.97,10.2618
3276.87,10.2372
3277.96,10.2215
3278.9,10.1983
3279.91,10.1428
3281.01,10.1276
3281.86,10.1555
3282.88,10.0838
3283.89,10.061
3284.85,10.0569
3286.04,10.0411
3287.02,9.9778
3287.87,9.9856
3289,9.9482
3289.96,9.9364
3290.89,9.8651
3292.06,9.8286
3292.92,9.8523
3294.02,9.8108
3294.96,9.7775
3295.9,9.781
3297.04,9.7651
3297.93,9.7393
3298.87,9.7287
3300.05,9.7108
3301.03,9.625
3301.78,9.6551
3302.98,9.6062
3303.87,9.6238
3305.07,9.544
3305.98,9.5765
3306.95,9.5151
3307.97,9.5089
3308.96,9.4962
3309.96,9.4658
3311.05,9.447
3311.96,9.4331
3313.07,9.3931
3313.98,9.4252
3314.94,9.3441
3316.11,9.3126
3317,9.322
3317.96,9.3282
3319.01,9.2998
3319.97,9.2343
3320.88,9.2311
3322.01,9.1742
3322.96,9.1922
3324.12,9.1632
3325.01,9.1581
3325.97,9.1385
3327.14,9.142
3327.99,9.1098
3328.92,9.0588
3330.04,9.0307
3330.95,8.9962
3332.11,8.9517
3333.06,8.9879
3333.98,9.0407
3335.07,8.9706
3336.04,8.9679
3336.95,8.9689
3338.08,8.8878
3338.89,8.9088
3339.95,8.8685
3340.98,8.9193
3341.95,8.8824
3343.09,8.8471
3343.98,8.8641
3344.93,8.7688
3346.12,8.7775
3346.98,8.7818
3347.91,8.7478
3349.04,8.676
3350.01,8.6496
3351.09,8.6861
3352,8.6906
3353.02,8.6171
3354.04,8.6444
3354.99,8.6157
3355.93,8.6063
3356.98,8.5897
3357.93,8.5989
3358.92,8.5731
3359.99,8.518
3360.96,8.4841
3362.07,8.4717
3363.03,8.45
3363.95,8.4599
3365.12,8.4012
3365.96,8.4218
3366.99,8.3859
3368.08,8.3638
3368.97,8.3483
3370.12,8.3365
3371.05,8.3037
3371.92,8.3515
3373.03,8.3206
3374.08,8.2536
3374.96,8.219
3376.08,8.2115
3377.05,8.1873
3377.92,8.1956
3379.1,8.164
3379.95,8.1446
3381.06,8.165
3382.02,8.1199
3382.95,8.1218
3384.04,8.0868
3385.05,8.0769
3386.02,8.0476
3387.09,8.0478
3387.96,8.0737
3389.09,8.0728
3390.06,7.9921
3391,7.9855
3392.15,7.954
3393.04,7.9623
3393.99,7.9662
3395.15,7.95
3396.02,7.9009
3397.07,7.9511
3398.06,7.8722
3399.01,7.8845
3400.13,7.8344
3401.01,7.8325
3401.98,7.8176
3403.06,7.8396
3404.01,7.7746
3405,7.7848
3406.07,7.7849
3407,7.7515
3408.12,7.705
3409.05,7.7012
3410.04,7.7088
3411.05,7.6923
3412.13,7.6247
3413.04,7.6343
3414.07,7.6536
3415.05,7.6416
3416.17,7.6128
3417.07,7.5882
3418.02,7.5969
3419.08,7.6029
3420.06,7.522
3420.95,7.5155
3422.18,7.4979
3423.12,7.4455
3423.98,7.4947
3425.09,7.5007
3426.02,7.4432
3427.2,7.4352
3428.06,7.4495
3429.08,7.3851
3430.12,7.3923
3431.04,7.3914
3432.04,7.386
3433.14,7.3655
3434.01,7.3792
3435.16,7.3233
3436.16,7.317
3437,7.3102
3438.07,7.2994
3439.07,7.3059
3439.98,7.2993
3441.12,7.2235
3442.06,7.2235
3442.94,7.2079
3444.12,7.1767
3445.08,7.1973
3446.26,7.1801
3447.14,7.1284
3448,7.1545
3449.21,7.0988
3450.09,7.109
3450.99,7.1125
3452.16,7.0896
3453.12,7.0536
3454.15,7.0629
3455.13,7.0179
3456.1,7.033
3457.18,7.033
3458.08,6.9804
3459.02,6.985
3460.14,6.9686
3461.1,6.9893
3462.13,6.9353
3463.1,6.9434
3464.04,6.9247
3465.2,6.9216
3466.06,6.9441
3467.02,6.9053
3468.14,6.9128
3469.09,6.8908
3470.01,6.8607
3471.15,6.8423
3472.05,6.8423
3473.17,6.8057
3474.1,6.8052
3475.14,6.7764
3476.17,6.7774
3477.09,6.7936
3478.05,6.7903
3479.14,6.7676
3480.08,6.7546
3481.03,6.7367
3482.16,6.7063
3483.04,6.74
3484.23,6.6962
3485.1,6.6752
3486.03,6.6999
3487.18,6.6986
3488.06,6.6668
3489.01,6.6912
3490.13,6.6452
3491.08,6.6307
3492.15,6.5995
3493.1,6.6082
3494.1,6.5668
3495.17,6.5903
3496.12,6.5846
3497.07,6.562
3498.2,6.5017
3499.13,6.5434
3500.02,6.5265
3501.17,6.4839
3502.06,6.5034
3503.16,6.4941
3504.1,6.4973
3505.11,6.4724
3506.2,6.4861
3507.12,6.4374
3507.97,6.4664
3509.15,6.441
3510.08,6.4444
3511.25,6.4056
3512.23,6.367
3513.04,6.3851
3514.23,6.3884
3515.12,6.3671
3516.1,6.3661
3517.17,6.353
3518.1,6.3145
3519.01,6.3578
3520.15,6.3175
3521.06,6.3298
3522.23,6.2895
3524.03,6.2929
3525.16,6.2383
3526.14,6.272
3527.04,6.2487
3528.16,6.2327
3529.08,6.2312
3530.24,6.2065
3531.18,6.197
3532.07,6.2079
3533.21,6.1787
3534.22,6.1477
3535.02,6.1743
3536.21,6.1633
3537.15,6.1574
3538.08,6.1513
3539.16,6.1229
3540.08,6.103
3541.22,6.1238
3542.18,6.0903
3543.1,6.0438
3544.19,6.0844
3545.13,6.0923
3546.15,6.0505
3547.23,6.0545
3548.08,6.0376
3549.25,6.0144
3550.11,6.0122
3551.04,6.0373
3552.2,6.0297
3553.12,6.0249
3554.09,5.9597
3555.19,5.9868
3556.13,5.9663
3557.02,5.9908
3558.2,5.9418
3559.07,5.9873
3560.26,5.9091
3561.18,5.947
3562.07,5.8964
3563.22,5.9061
3564.12,5.9372
3565.08,5.8906
3566.14,5.9206
3567.11,5.9102
3568.13,5.8642
3569.11,5.8757
3570.17,5.8343
3571.26,5.8392
3572.17,5.8129
3573.12,5.791
3574.14,5.8132
3575.15,5.7768
3576.22,5.8051
3577.21,5.7737
3578.08,5.7784
3579.21,5.786
3580.23,5.7501
3581.14,5.727
3582.25,5.7349
3583.13,5.7346
3584.12,5.6821
3585.2,5.7064
3587.28,5.7165
3588.2,5.6817
3589.11,5.6848
3590.25,5.6734
3591.14,5.6751
3592.06,5.6518
3593.19,5.6622
3594.15,5.6314
3595.19,5.6632
3596.13,5.6271
3597.17,5.5877
3598.18,5.5717
3599.16,5.5764
3600.12,5.5484
3601.22,5.5688
3602.15,5.54
3603.07,5.5729
3604.18,5.5528
3605.16,5.543
3606.22,5.526
3607.16,5.5068
3608.13,5.5296
3609.23,5.5153
3610.16,5.5094
3611.11,5.5058
3612.27,5.4654
3613.15,5.4521
3614.31,5.4757
3615.22,5.431
3616.15,5.4604
3617.2,5.4367
3618.13,5.4407
3619.13,5.428
3620.18,5.4636
3621.1,5.4282
3622.06,5.4203
3623.21,5.4021
3624.09,5.4044
3625.23,5.3864
3626.18,5.3644
3627.11,5.3543
3628.22,5.3689
3629.19,5.3605
3630.05,5.3945
3631.2,5.3508
3632.11,5.3262
3633.25,5.3152
3634.19,5.3268
3635.11,5.3117
3636.25,5.2829
3637.16,5.2976
3638.09,5.3193
3639.2,5.272
3640.09,5.2986
3641.05,5.2728
3642.18,5.2825
3643.17,5.2388
3644.3,5.2544
3645.15,5.2841
3646.16,5.1976
3647.23,5.2214
3648.15,5.2308
3649.13,5.2558
3650.23,5.2017
3651.12,5.2029
3652.32,5.1974
3653.21,5.1966
3654.1,5.1771
3655.22,5.1774
3656.17,5.17
3657.08,5.139
3658.21,5.152
3659.14,5.1472
3660.06,5.1349
3661.22,5.134
3662.13,5.1011
3663.23,5.1139
3664.15,5.077
3665.09,5.123
3666.17,5.1258
3667.14,5.0853
3668.1,5.0852
3669.24,5.0621
3670.13,5.0956
3671.26,5.0639
3672.16,5.0445
3673.08,5.045
3674.2,5.0154
3675.19,5.0459
3676.05,5.0442
3677.23,5.0282
3678.15,5.0186
3679.09,4.9982
3680.21,5.038
3681.12,5.001
3682.22,5.0151
3683.22,5.0149
3684.16,4.9481
3685.26,4.9596
3686.12,4.9786
3687.19,4.9425
3688.18,4.9404
3689.11,4.9677
3690.28,4.9641
3691.25,4.9261
3692.1,4.9438
3693.22,4.919
3694.19,4.9356
3695.13,4.9198
3696.24,4.903
3697.15,4.9135
3698.06,4.9071
3699.2,4.8713
3700.14,4.8532
3701.24,4.8486
3702.18,4.9102
3703.1,4.879
3704.22,4.875
3705.13,4.8542
3706.09,4.845
3707.24,4.8101
3708.17,4.8343
3709.22,4.8515
3710.18,4.8235
3711.11,4.8271
3712.23,4.8252
3713.17,4.8066
3714.08,4.8013
3715.18,4.8124
3716.15,4.8025
3717.06,4.7894
3718.19,4.7811
3719.14,4.767
3720.2,4.7785
3721.21,4.7664
3722.12,4.7571
3723.17,4.7576
3724.2,4.7137
3725.08,4.7714
3726.16,4.7606
3727.2,4.7311
3728.29,4.7104
3729.16,4.734
3730.13,4.6972
3731.2,4.6786
3732.2,4.7085
3733.09,4.6919
3734.22,4.6942
3735.11,4.6804
3736.08,4.6698
3737.18,4.6868
3738.13,4.6513
3739.27,4.6543
3740.12,4.668
3741.08,4.6577
3742.2,4.6544
3743.15,4.6477
3744.11,4.6103
3745.24,4.6084
3746.15,4.6091
3747.23,4.6279
3748.19,4.626
3749.13,4.6077
3750.25,4.5934
3751.13,4.6147
3752.1,4.5953
3753.19,4.5668
3754.15,4.5752
3755.28,4.567
3756.27,4.5492
3757.05,4.5764
3758.26,4.5458
3759.15,4.5779
3760.13,4.5329
3761.19,4.5758
3762.16,4.5628
3763.11,4.5071
3764.21,4.5272
3765.09,4.5415
3766.24,4.5268
3767.16,4.5271
3768.14,4.5226
3769.24,4.4959
3770.16,4.4901
3771.15,4.4931
3772.23,4.4624
3773.12,4.482
3774.23,4.4949
3775.25,4.4356
3776.1,4.4795
3777.19,4.489
3778.18,4.4506
3779.06,4.4691
3780.2,4.4116
3781.16,4.4379
3782.07,4.4152
3783.22,4.4128
3784.16,4.4239
3785.26,4.4538
3786.2,4.4089
3787.13,4.4366
3788.26,4.4017
3789.17,4.4053
3790.07,4.3935
3791.15,4.4248
3792.16,4.3746
3793.19,4.4059
3794.17,4.3765
3795.14,4.3899
3796.25,4.3578
3797.16,4.3623
3798.1,4.3482
3799.27,4.3347
3800.15,4.3267
3801.07,4.358
3802.2,4.3376
3804.23,4.334
3805.19,4.3269
3806.08,4.3445
3807.19,4.3287
3808.13,4.3023
3809.08,4.3145
3810.16,4.3001
3811.12,4.3029
3812.27,4.3086
3813.15,4.3245
3814.1,4.2936
3815.24,4.2798
3816.16,4.2952
3817.07,4.2954
3818.17,4.2608
3819.11,4.2836
3820.05,4.2715
3821.2,4.2804
3822.11,4.2521
3823.24,4.2661
3824.18,4.2286
3825.1,4.2295
3826.28,4.2194
3827.11,4.2394
3828.09,4.2161
3829.2,4.1963
3830.11,4.2278
3831.19,4.2032
3832.18,4.1885
3833.08,4.2008
3834.2,4.1884
3835.23,4.1813
3836.09,4.1931
3837.2,4.2037
3838.15,4.1497
3839.05,4.1616
3840.16,4.164
3841.03,4.1755
3842.24,4.1472
3843.2,4.1579
3844.04,4.1811
3845.25,4.161
3846.13,4.124
3847.04,4.1346
3848.18,4.1097
3849.14,4.1199
3850.25,4.0995
3851.23,4.104
3852.11,4.0965
3853.14,4.111
3854.15,4.1043
3855.12,4.1097
3856.17,4.1321
3857.15,4.0641
3858.01,4.1156
3859.15,4.0636
3860.16,4.066
3862.17,4.051
3863.07,4.054
3864.2,4.0379
3865.15,4.0597
3866.05,4.0379
3867.14,4.0669
3868.12,4.0429
3869.33,4.0062
3870.17,4.0517
3871.11,4.0531
3872.22,4.003
3873.12,4.0494
3874.09,3.9943
3875.14,4.0505
3876.13,4.0313
3877.06,4.0127
3878.14,3.9868
3879.05,4.0293
3880.21,4.01
3881.08,4.0177
3882.11,4.0176
3883.23,3.9443
3884.12,3.9467
3885.04,3.997
3886.22,3.9727
3887.16,3.96
3888.25,3.9409
3889.12,4.0029
3890.15,3.9402
3891.24,3.9649
3892.13,3.9612
3892.99,4.0091
3894.17,3.9646
3895.15,3.9533
3896.04,3.9567
3897.15,3.9169
3898.15,3.9648
3899.2,3.9186
3900.14,3.8966
3901.11,3.9118
3902.23,3.9116
3903.13,3.8825
3904,3.9142
3905.06,3.8993
3906.05,3.9155
3907.18,3.921
3908.13,3.8789
3909.07,3.9009
3910.24,3.8671
3911.08,3.8744
3912.02,3.8898
3913.17,3.8624
3914.13,3.8479
3915.05,3.844
3916.1,3.8695
3917.08,3.8852
3918.17,3.87
3919.09,3.8923
3920.09,3.8465
3921.16,3.8439
3922.15,3.8474
3922.99,3.8376
3924.18,3.8533
3925.02,3.912
3926.19,3.8155
3927.14,3.8276
3928.13,3.8155
3929.25,3.8161
3930.1,3.815
3931.06,3.7959
3932.21,3.8034
3933.13,3.767
3934.16,3.8249
3935.12,3.8009
3936.05,3.7957
3937.16,3.7789
3938.12,3.7829
3939.03,3.7724
3940.2,3.7771
3941.05,3.8181
3941.98,3.7666
3943.03,3.7897
3944.05,3.8018
3945.25,3.7538
3946.14,3.781
3947.13,3.7449
3948.17,3.7122
3949.05,3.7567
3950.04,3.7368
3951.27,3.6722
3952.1,3.7501
3953.22,3.787
3954.07,3.7378
3954.99,3.7386
3956.21,3.6959
3957.08,3.7515
3958.14,3.6948
3959.16,3.7076
3960.08,3.6896
3961,3.6678
3962.13,3.7378
3963.07,3.7077
3964.15,3.7116
3965.15,3.6674
3966.11,3.7075
3967.17,3.6755
3968.07,3.7089
3969.02,3.6794
3970.06,3.6909
3971.06,3.692
3972.23,3.6547
3973.02,3.7091
3974.04,3.6756
3975.16,3.6399
3976.13,3.6341
3976.96,3.7048
3978.18,3.6138
3979.14,3.6214
3979.98,3.6655
3981.15,3.6607
3982.09,3.6673
3983.08,3.6923
3984.13,3.6425
3985.03,3.6233
3986.17,3.5996
3987.06,3.6398
3988.12,3.5849
3989.11,3.6323
3990.08,3.5695
3991.12,3.6519
3992.13,3.6133
3993.02,3.5747
3994.12,3.5913
3995.11,3.569
3996.04,3.5692
3997.12,3.6181
3998.17,3.5171
3999.01,3.5811
4000.05,3.5938
4001.06,3.5226
4002.16,3.5535
4003.06,3.5626
4003.94,3.5479
4005.1,3.5625
4006.1,3.5289
4007.02,3.5677
4008.01,3.5947
4008.95,3.574
4010.16,3.5103
4011.02,3.558
4012.08,3.5192
4013.02,3.5824
4014.1,3.5116
4014.93,3.5462
4016.05,3.5155
4016.97,3.4968
4017.93,3.5351
4019.11,3.4931
4020,3.5074
4021.07,3.5258
4022.04,3.5165
4022.99,3.4939
4024.13,3.479
4025.06,3.4823
4025.96,3.4915
4027.1,3.5196
4028.05,3.483
4029.07,3.5188
4030.05,3.4405
4031.01,3.4782
4032.02,3.5012
4033,3.4732
4033.89,3.4664
4035.01,3.4677
4036.01,3.4827
4036.92,3.4739
4037.99,3.4892
4039.01,3.465
4040.1,3.4526
4041.07,3.4317
4041.99,3.3898
4043.12,3.4263
4044.03,3.411
4044.96,3.4364
4046.15,3.4411
4047.03,3.4439
4048.11,3.4377
4048.96,3.4866
4050,3.4211
4051.15,3.3922
4052.03,3.4016
4052.9,3.4117
4054.16,3.4184
4055.01,3.3906
4055.91,3.414
4057.07,3.4339
4057.97,3.4157
4059.14,3.3603
4059.95,3.3966
4061.07,3.3578
4062.11,3.3871
4063.07,3.389
4063.86,3.3874
4065.1,3.3851
4066.07,3.3827
4067.13,3.3408
4068.06,3.3715
4068.97,3.3814
4070.12,3.3645
4071.1,3.3656
4071.97,3.3747
4073.07,3.3612
4074.04,3.3437
4074.98,3.3186
4076.07,3.3284
4076.99,3.3331
4078.13,3.3458
4079.03,3.3753
4080.03,3.3126
4081.08,3.3368
4082,3.352
4082.88,3.3384
4084.1,3.2935
4084.92,3.3266
4086.1,3.3336
4087.03,3.337
4087.98,3.3116
4089.06,3.3345
4090.02,3.3097
4091.01,3.3015
4092.12,3.3174
4093.01,3.2839
4093.93,3.2638
4095.1,3.2565
4096,3.2347
4097.13,3.2731
4098.03,3.2906
4098.98,3.2699
4100.07,3.2634
4101.07,3.2674
4102.01,3.2849
4103.07,3.2469
4104.03,3.2331
4105.15,3.2751
4106.02,3.2632
4106.99,3.2414
4108.1,3.2575
4109.06,3.2697
4109.93,3.2738
4111.09,3.2473
4112.03,3.2377
4113.13,3.2674
4114.03,3.2215
4114.95,3.2516
4116.1,3.2151
4117.01,3.2064
4117.99,3.2021
4119.07,3.2122
4119.98,3.2461
4120.94,3.2022
4122.12,3.209
4122.97,3.2013
4124.1,3.2217
4125.08,3.2193
4126.02,3.1913
4127.02,3.2131
4128.05,3.1912
4128.99,3.2008
4130.07,3.2093
4130.98,3.2073
4132.1,3.1621
4133.08,3.159
4134.01,3.1739
4135.1,3.1936
4136.03,3.1601
4136.98,3.1505
4138.11,3.167
4138.95,3.1745
4139.98,3.151
4141.07,3.1581
4141.97,3.1648
4143.12,3.1895
4144.05,3.182
4144.97,3.1769
4146.08,3.1453
4147.01,3.1456
4147.97,3.1061
4149.08,3.1181
4150.01,3.1426
4151.13,3.1355
4152.01,3.1351
4152.94,3.1249
4154.15,3.1258
4155.05,3.1496
4155.95,3.1359
4157.08,3.1489
4157.99,3.103
4158.94,3.1217
4160.05,3.1345
4160.99,3.1376
4162.06,3.125
4163.06,3.0976
4163.96,3.13
4165.15,3.0931
4166.01,3.1518
4179.95,3.0107
4200.13,2.958
4220.04,2.9214
4239.98,2.8708
4260.1,2.8386
4280.02,2.8217
4299.92,2.7668
4320.05,2.7265
4339.95,2.7001
4360.14,2.6328
4380.02,2.6465
4399.97,2.5954
4420.09,2.5118
4440,2.5218
4459.99,2.4781
4480.03,2.4312
4500.06,2.4115
4520.11,2.3805
4540.02,2.3692
4559.99,2.3253
4580.06,2.2875
4599.98,2.2828
4619.9,2.2303
4640.09,2.2236
4660.08,2.1699
4680.12,2.1603
4700.01,2.1553
4719.93,2.1702
4740.17,2.0327
4760.02,2.04
4779.98,2.0424
4800.05,2.0177
4819.98,2.0325
4840.06,1.993
4860.04,1.9654
4879.98,1.9149
4900.05,1.9289
4920,1.9144
4939.96,1.9007
4960.03,1.9059
4980.02,1.8492
5000.1,1.8152
5020.01,1.8064
5039.93,1.8169
5060.12,1.7621
5080.07,1.7529
5100.01,1.7241
5120.05,1.7327
5139.97,1.7142
5160.15,1.7233
5180.1,1.6712
5200.07,1.5995
5220.1,1.6611
5240.07,1.6248
5259.95,1.6014
5280.09,1.5839
5300.03,1.6227
5320.15,1.5682
5340.02,1.5737
5360.02,1.4927
5380.13,1.4917
5400.08,1.529
5419.89,1.5535
5440.1,1.4868
5460.04,1.4838
5480.1,1.4792
5500.1,1.4512
5520,1.4582
5540.14,1.4007
5560.08,1.4228
5580,1.3909
5600.13,1.3948
5620.04,1.3538
5640.11,1.3761
5660.07,1.3544
5680.03,1.3303
5700.07,1.3584
5720.12,1.295
5739.95,1.3152
5760.12,1.2896
5780,1.3236
5800.13,1.2889
5820.08,1.3011
5840,1.2778
5860.09,1.249
5880.06,1.2363
5900.01,1.2556
5920.11,1.1993
5939.99,1.2248
5960.16,1.1261
5980.08,1.2571
6000.03,1.1902
6020.13,1.1902
6040.07,1.1675
6059.94,1.1928
6080.07,1.1603
6100.07,1.133
6119.99,1.1312
6140.1,1.1525
6160.01,1.1427
6180.15,1.1098
6200.12,1.0766
6219.97,1.1081
6240.07,1.0783
6260.02,1.0648
6279.95,1.0873
6300.04,1.0826
6320.01,1.051
6340.1,1.0755
6360.09,0.9949
6380,1.0464
6400.19,1.008
6420.03,1.0221
6439.95,1.0178
6460.14,1.0271
6480.05,0.9681
6500.14,0.939
6520.11,0.9877
6540.06,0.9311
6560.17,0.9903
6580.04,0.9648
6599.9,0.9842
6620.11,0.9424
6640.02,0.9219
6660.13,0.961
6680.03,0.926
6700.01,0.8948
6720.07,0.9573
6740.06,0.9123
6759.85,0.9327
6780.04,0.9211
6799.94,0.9045
6820.08,0.881
6840.08,0.8766
6859.99,0.8872
6880.07,0.9016
6900.02,0.8698
6919.94,0.8541
6940.07,0.858
6960.01,0.8422
6980.17,0.8385
7000.09,0.8479
7020.02,0.8347
7040.07,0.8527
7060.04,0.8355
7079.93,0.8352
7100.07,0.8036
7120.05,0.7865
7140.14,0.7646
7160.04,0.7895
7180,0.7752
7200.07,0.8162
7220.04,0.7817
7239.93,0.7738
7260.05,0.7608
7280.02,0.7611
7300.16,0.7272
7320.06,0.7808
7340.02,0.7296
7360.18,0.7324
7380.03,0.7193
7399.92,0.6991
7420.11,0.7556
7439.99,0.7416
7460.15,0.7245
7480.09,0.6906
7500.01,0.6918
7520.11,0.6803
7540.06,0.7001
7560.01,0.659
7580.14,0.674
7600.03,0.6546
7620.09,0.6957
7640.06,0.6531
7660.03,0.6533
7680.1,0.6416
7700.06,0.6754
7719.96,0.6555
7740.08,0.6446
7759.99,0.6384
7780.22,0.6228
7800.09,0.6176
7820.01,0.6258
7840.17,0.5956
7860.06,0.6361
7880.06,0.5888
7900.04,0.6051
7919.98,0.5952
7940.16,0.5917
7960.02,0.6281
7979.94,0.6064
8000.19,0.5358
8020.08,0.557
8039.94,0.5703
8060.06,0.6081
8080.03,0.5837
8100.13,0.5745
8120.07,0.562
8140.02,0.5756
8160.1,0.5619
8180.05,0.5515
8200.01,0.562
8220.18,0.5469
8240.01,0.5418
8260.21,0.5307
8280.09,0.5302
8300.04,0.491
8320.16,0.5009
8340.07,0.516
8360.01,0.5174
8380.12,0.4966
8400.02,0.5221
8420.17,0.4951
8440.09,0.4687
8459.99,0.4993
8480.15,0.4829
8500.09,0.4861
8520.01,0.4831
8540.18,0.4283
8560.06,0.4577
8580.14,0.4695
8600,0.4917
8620.01,0.4276
8640.14,0.4624
8660.05,0.4374
8680,0.4491
8700.07,0.4493
8720.06,0.4654
8740.17,0.4155
8760.06,0.4443
8780.04,0.4085
8800.19,0.4245
8820.09,0.4004
8840.08,0.4153
8860.12,0.4319
8880.06,0.4037
8900.14,0.385
8920.08,0.4261
8940.03,0.3765
8960.22,0.3666
8980.09,0.36
8999.96,0.3953
9020.15,0.3661
9040.1,0.3703
9060.12,0.3786
9080.1,0.3649
9100.05,0.3298
9120.21,0.3299
9140.08,0.3517
9160.03,0.3271
9180.08,0.3407
9200.1,0.3617
9219.98,0.3574
9240.12,0.3339
9260.05,0.3319
9280.15,0.3234
9300.16,0.3406
9320.01,0.2937
9340.07,0.3451
9360.14,0.2852
9380.01,0.2764
9400.07,0.3271
9420.02,0.326
9440.19,0.2869
9460.05,0.3112
9480.02,0.2936
9500.2,0.2968
9520.03,0.2712
9539.99,0.2793
9560.17,0.2552
9580.04,0.3131
9600.16,0.2491
9620.06,0.2757
9640.04,0.2768
9660.1,0.2555
9680.06,0.2488
9699.99,0.2658
9720.1,0.2564
9740.05,0.2342
9760.16,0.194
9780.1,0.2149
9800.02,0.246
9820.19,0.1935
9840.02,0.2183
9860.04,0.2022
9880.15,0.2
9900.02,0.2264
9920.2,0.1804
9940.06,0.1767
9960,0.1812
9980.19,0.1986
10000.1,0.2179
10020.1,0.1433
10040.2,0.1364
10060.1,0.189
10080.2,0.165
10100.1,0.1296
10120,0.1519
10140.1,0.1859
10160.1,0.1111
10180,0.1557
10200.2,0.1439
10220.1,0.0956
10240.2,0.131
10260.1,0.127
10280,0.1051
10300.1,0.1329
10320,0.1399
10340,0.1284
10360.1,0.1295
10380,0.1063
10400.2,0.1031
10420.1,0.0697
10440,0.0905
10460.1,0.0991
10480.1,0.1123
10500,0.1317
10520.1,0.0693
10540.1,0.0973
10560.2,0.0597
10580.1,0.066
10600.1,0.0522
10620.1,0.0737
10640.1,0.0781
10660.1,0.0516
10680.1,0.0601
10700,0.0972
10720.1,0.0202
10740.1,0.0313
10760,0.0511
10780.2,0.0389
10800.1,0.0253
10820,0.0489
10840.1,0.0209
10860,0.0707
10880.2,0.0095
10900.1,0.0032
10920,0.0178
10940.1,0.0181
10960.1,-0.01
10980,0.0061
11000.1,0.0055
11020.1,-0.0089
11040.2,-0.0006
11060.1,-0.0306
11080,-0.0175
11100.1,0.0073
11120.1,0.0029
11140,-0.0085
11160.2,-0.0259
11180.1,-0.0345
11200.1,-0.0232
11220.2,-0.0582
11240,-0.0078
11260.1,-0.0949
11280.1,-0.0504
11300,-0.0355
11320.2,-0.0487
11340.1,-0.0542
11360.2,-0.0775
11380.1,-0.1011
11400.1,-0.0679
11420.1,-0.0492
11440.1,-0.0645
11460,-0.0738
11480.2,-0.0907
11500,-0.0726
11520.2,-0.1244
11540.1,-0.0895
11560.1,-0.0879
11580.2,-0.0919
11600.1,-0.106
11620,-0.1199
11640.1,-0.1324
11660,-0.1116
11680.1,-0.1126
11700.1,-0.111
11720.1,-0.1751
11740.1,-0.1059
11760.1,-0.1317
11780.1,-0.1395
11800.1,-0.1248
11820.1,-0.1717
11840.2,-0.1763
11860.1,-0.1431
11880,-0.1029
11900.2,-0.1353
11920.1,-0.1768
11940.1,-0.1899
11960.1,-0.1406
11980.1,-0.2034
12000.2,-0.1972
12020.1,-0.2127
12040.1,-0.1772
12060.2,-0.2037
12080.1,-0.1781
12100.1,-0.2163
12120.1,-0.2047
12140.1,-0.2183
12160.2,-0.2456
12180.2,-0.2418
12200.1,-0.2302
12220.2,-0.225
12240,-0.2163
12260,-0.2322
12280.1,-0.2258
12300.1,-0.2669
12320,-0.2574
12340.1,-0.273
12360,-0.2534
12380.2,-0.2488
12400.1,-0.2858
12420,-0.2895
12440.2,-0.3059
12460.1,-0.3169
12480,-0.2825
12500.1,-0.3033
12520,-0.2887
12540.2,-0.2929
12560.1,-0.3061
12580,-0.3096
12600.2,-0.3576
12620.1,-0.3043
12640,-0.2891
12660.1,-0.3022
12680,-0.3014
12700.2,-0.3439
12720.1,-0.3387
12740,-0.3438
12760.1,-0.3403
12780.2,-0.3964
12800,-0.3497
12820.1,-0.3547
12840,-0.3494
12860.2,-0.3572
12880.1,-0.3943
12900.1,-0.3718
12920.1,-0.4008
12940.1,-0.3749
12960,-0.3956
12980.1,-0.4327
13000.1,-0.429
13020.2,-0.3828
13040.1,-0.4368
13060,-0.4332
13080.2,-0.4011
13100.1,-0.4389
13120,-0.4117
13140.1,-0.4496
13160,-0.4217
13180.2,-0.4503
13200.1,-0.463
13220.1,-0.4554
13240.2,-0.4857
13260.1,-0.4747
13280.1,-0.5061
13300.1,-0.4627
13320.1,-0.4733
13340.1,-0.504
13360.1,-0.5068
13380,-0.4716
13400.2,-0.5062
13420.1,-0.5184
13440,-0.5161
13460.1,-0.5215
13480.1,-0.528
13500.2,-0.4959
13520.1,-0.5515
13540.1,-0.5454
13560.2,-0.5555
13580.1,-0.5776
13600.1,-0.5987
13620.1,-0.5833
13640.1,-0.5976
13660.2,-0.5891
13680.1,-0.563
13700.1,-0.6103
13720.2,-0.6174
13740.1,-0.6045
13760.1,-0.604
13780.1,-0.6213
13800.1,-0.6203
13820.2,-0.6123
13840.1,-0.6525
13860.1,-0.6523
13880.1,-0.6199
13900.1,-0.6448
13920.1,-0.6839
13940.1,-0.6597
13960.1,-0.6599
13980.2,-0.6779
14000.2,-0.7114
14020.1,-0.7511
14040.2,-0.7283
14060.1,-0.731
14080,-0.7208
14100.2,-0.7259
14120.2,-0.7597
14140.2,-0.7256
14160.1,-0.7598
14180,-0.7707
14200.2,-0.7609
14220.1,-0.7461
14240.1,-0.7759
14260.2,-0.7826
14280.1,-0.8117
14300.2,-0.8059
14320.1,-0.7945
14340.1,-0.7647
14360.2,-0.8077
14380.1,-0.8395
14400,-0.8091
14420.2,-0.8452
14440.1,-0.8409
14460.2,-0.8648
14480.1,-0.8562
14500.1,-0.8839
14520.2,-0.8909
14540.1,-0.9141
14560.1,-0.8829
14580.2,-0.9031
14600.1,-0.9127
14620.2,-0.9286
14640.1,-0.9516
14660.1,-0.8985
14680.2,-0.977
14700.1,-0.9543
14720.1,-0.9637
14740.2,-0.9909
14760.1,-0.9579
14780.3,-1.0373
14800.1,-0.9758
14820.1,-1.0188
14840.2,-1.0316
14860.1,-1.0398
14880.1,-1.0196
14900.2,-1.0423
14920.1,-1.0676
14940.2,-1.0412
14960.1,-1.0567
14980.1,-1.0884
15000.2,-1.1026
15020.1,-1.1326
15040.1,-1.1283
15060.2,-1.1452
15080.1,-1.1254
15100.2,-1.1425
15120.2,-1.1581
15140.1,-1.1652
15160.2,-1.1846
15180.2,-1.2179
15200.1,-1.2157
15220.1,-1.1759
15240.2,-1.2317
15260.3,-1.2181
15280.1,-1.218
15300.1,-1.2834
15320.2,-1.2827
15340.2,-1.2684
15360.1,-1.3023
15380.3,-1.3033
15400.1,-1.3439
15420.1,-1.3191
15440.1,-1.3414
15460.1,-1.3472
15480.2,-1.3954
15500.2,-1.3934
15520.1,-1.3974
15540.2,-1.4261
15560.1,-1.3951
15580.1,-1.4609
15600.2,-1.4529
15620.1,-1.4439
15640.1,-1.4681
15660.1,-1.5001
15680,-1.4885
15700.2,-1.5212
15720.1,-1.5282
15740,-1.5396
15760.2,-1.5614
15780.1,-1.5663
15800.3,-1.5698
15820.1,-1.6132
15840.1,-1.627
15860.2,-1.6553
15880.2,-1.6625
15900.1,-1.6671
15920.2,-1.707
15940.1,-1.6874
15960.2,-1.7044
15980.1,-1.7152
16000.1,-1.7769
16020.1,-1.7615
16040.1,-1.7594
16060,-1.7929
16080.2,-1.844
16100.1,-1.8258
16120.3,-1.8643
16140.1,-1.8506
16160.1,-1.9405
16180.3,-1.9519
16200.1,-1.907
16220,-1.9282
16240.2,-1.9948
16260.1,-2.034
16280.2,-2.0449
16300.1,-2.0484
16320.1,-2.0858
16340.2,-2.0805
16360.2,-2.1209
16380.1,-2.1327
16400.2,-2.1404
16420.1,-2.1504
16440.2,-2.2137
16460.2,-2.2728
16480.1,-2.2676
16500.2,-2.2835
16520.1,-2.3225
16540.1,-2.3742
16560.2,-2.3939
16580,-2.342
16600.2,-2.3909
16620.2,-2.4216
16640.1,-2.4665
16660.2,-2.4768
16680.1,-2.5312
16700.1,-2.5777
16720.2,-2.582
16740.1,-2.5882
16760.2,-2.6223
16780.1,-2.6232
16800.1,-2.728
16820.2,-2.7253
16840.2,-2.7727
16860.1,-2.8268
16880.2,-2.8409
16900.1,-2.8661
16920.2,-2.8796
16940.1,-2.9087
16960.1,-2.9668
16980.2,-3.0224
17000.1,-3.0206
17020.1,-3.0604
17040.2,-3.1256
17060.1,-3.1328
17080.2,-3.1805
17100.2,-3.249
17120.1,-3.2892
17140.2,-3.2852
17160.1,-3.3627
17180.1,-3.389
17200.2,-3.4121
17220.1,-3.5371
17240.2,-3.5233
17260.1,-3.5312
17280.1,-3.6228
17300.2,-3.676
17320.2,-3.701
17340.1,-3.7904
17360.2,-3.817
17380,-3.8617
17400.3,-3.9578
17420.2,-3.9843
17440.1,-4.0302
17460.2,-4.0629
17480.1,-4.1299
17500.1,-4.1919
17520.1,-4.221
17540.1,-4.2946
17560.2,-4.364
17580.2,-4.4068
17600.1,-4.4905
17620.2,-4.5335
17640.1,-4.5923
17660,-4.6914
17680.2,-4.7212
17700.1,-4.7595
17720.2,-4.8527
17740.2,-4.8946
17760.1,-4.9328
17780.2,-4.9822
17800.2,-5.0382
17820.1,-5.0959
17840.3,-5.1031
17860.2,-5.1598
17880.3,-5.2457
17900.2,-5.2784
17920.1,-5.2603
17940.2,-5.2965
17960.1,-5.2666
17980,-5.2711
18000.1,-5.2677
18020,-5.265
18040.2,-5.3028
18060.3,-5.3236
18080.2,-5.2282
18100.2,-5.2146
18120.2,-5.1046
18140.1,-5.0119
18160.3,-4.8861
18180.1,-4.7599
18200.3,-4.5549
18220.3,-4.48
18240.2,-4.27
18260.3,-4.0453
18280.3,-3.7998
18300.2,-3.5332
18320.3,-3.1851
18340.2,-2.8691
18360.1,-2.5392
18380.3,-2.2124
18400.1,-1.7746
18420.3,-1.4174
18440.2,-1.0234
18460.1,-0.5796
18480.2,-0.1369
18500,0.2986
18520.1,0.7027
18540.1,1.1506
18560,1.5674
18580.1,2.0309
18600.2,2.3396
18620,2.7772
18640.1,3.0548
18660,3.4868
18680,3.7198
18700.1,4.0273
18720.1,4.2634
18740.2,4.557
18760.1,4.8143
18780,5.0094
18800.2,5.1801
18820.1,5.3304
18840,5.5135
18840,5.4693
18880.1,5.7027
18900.1,5.8551
18920.1,5.9191
18940.1,5.9537
18960.1,6.0509
18980.1,6.0596
19000,6.1157
19020.1,6.167
19040.1,6.1712
19060.2,6.1583
19080.1,6.1596
19100.1,6.1211
19120.2,6.1018
19140.1,6.0932
19160.1,6.1011
19180.2,6.0808
19200.1,6.0233
19220.3,5.966
19240.2,5.9459
19260.1,5.9112
19280.3,5.8604
19300.1,5.8568
19320.1,5.8134
19340.2,5.7533
19360.1,5.712
19380.3,5.6483
19400.2,5.6295
19420.2,5.5358
19440.2,5.5282
19460.2,5.4334
19480.1,5.3965
19500.2,5.353
19520.1,5.2797
19540.2,5.2283
19560.3,5.1728
19580.1,5.1376
19600.2,5.093
19620.1,5.0475
19640.1,4.98
19660.2,4.9213
19680.2,4.8647
19700.2,4.8159
19720.2,4.7821
19740.1,4.7306
19760.3,4.6575
19780.2,4.5926
19800.1,4.6022
19820.3,4.5223
19840.2,4.519
19860.2,4.5268
19880.2,4.4244
19900.1,4.4653
19920.2,4.3778
19940.2,4.3052
19960.2,4.2065
19980.2,4.1512
20000.1,4.1812
20020.3,4.0939
20040.2,4.1209
20060.1,4.0678
20080.2,4.035
20100.1,4.0619
20120.1,3.9531
20140.2,3.9073
20160.2,3.858
20180.2,3.8323
20200.2,3.802
20220.1,3.7851
20240.2,3.7246
20260.1,3.7141
20280.1,3.6493
20300.2,3.6409
20320.2,3.5884
20340.3,3.5736
20360.2,3.5799
20380.1,3.5104
20400.2,3.4792
20420.2,3.4716
20440.1,3.4462
20460.2,3.4237
20480.1,3.3944
20500.3,3.344
20520.3,3.3233
20540.2,3.2945
20560.3,3.2922
20580.2,3.2504
20600,3.1992
20620.1,3.2321
20640.1,3.1675
20660.2,3.1744
20680.2,3.118
20700.2,3.0709
20720.2,3.1141
20740.1,3.0794
20760.1,3.0429
20780.2,3.0505
20800.2,3.0067
20820.3,2.964
20840.2,2.9828
20860.1,2.9233
20880.2,2.9577
20900.2,2.8972
20920.1,2.8775
20940.2,2.8753
20960.2,2.8486
20980.3,2.8457
21000.2,2.8102
21020.1,2.7935
21040.2,2.749
21060.1,2.7798
21080.1,2.7413
21100.2,2.7599
21120.1,2.7457
21140.2,2.6933
21160.2,2.6461
21180.2,2.6342
21200.3,2.6292
21220.1,2.6341
21240.1,2.6164
21260.2,2.563
21280.1,2.6095
21300.3,2.5437
21320.2,2.5727
21340.1,2.5364
21360.3,2.4896
21380.1,2.5362
21400.2,2.4794
21420.2,2.4525
21440.1,2.4659
21460.1,2.4374
21480.2,2.4575
21500.1,2.4112
21520.2,2.421
21540.1,2.4063
21560.1,2.3767
21580.2,2.3684
21600.2,2.3598
21620.1,2.3064
21640.2,2.3076
21660.2,2.3105
21680.3,2.2783
21700.3,2.2643
21720.1,2.2481
21740.3,2.2535
21760.2,2.2443
21780.1,2.2203
21800.2,2.2305
21800.2,2.2014
21820.2,2.183
21840.2,2.1922
21860.2,2.1552
21880.1,2.1717
21900.3,2.1221
21920.2,2.1205
21940.1,2.1506
21960.2,2.1131
21980.1,2.127
22000.3,2.1112
22020.2,2.0658
22040.1,2.0617
22060.3,2.0454
22080.1,2.0793
22100.2,2.0666
22120.2,2.0506
22140.1,2.044
22160.3,2.0114
22180.2,2.0077
22200.1,2.0357
22220.3,1.9712
22260.1,2.0142
22280.2,1.9719
22300.1,1.9834
22320.3,1.9566
22340.2,1.9557
22360.1,1.9609
22380.3,1.9514
22400.2,1.9273
22420.1,1.9282
22440.2,1.9335
22460.1,1.9358
22480.3,1.8898
22500.3,1.8528
22520.2,1.8651
22540.3,1.867
22560.2,1.859
22580.1,1.8706
22600.2,1.8355
22620.2,1.8477
22640.1,1.8647
22660.3,1.8383
22680.1,1.822
22700.2,1.8299
22720.2,1.8304
22740.1,1.788
22760.2,1.82
22780.2,1.7847
22800.3,1.791
22820.2,1.7867
22840.2,1.7161
22860.2,1.7641
22880.1,1.7527
22900.1,1.7576
22920.3,1.7204
22940.2,1.7386
22960.3,1.7398
22980.2,1.731
23000.1,1.708
23020.2,1.725
23040.1,1.7074
23060.1,1.6811
23080.2,1.6917
23100.1,1.6858
23120.3,1.6351
23140.2,1.7091
23160.1,1.6799
23180.2,1.6634
23200.2,1.6582
23220.1,1.6738
23240.2,1.6441
23260.2,1.6698
23280.3,1.6424
23300.2,1.6119
23320.2,1.6164
23340.2,1.613
23360.1,1.5956
23380.1,1.6052
23400.2,1.5794
