999.417 4.47111 0.5 0.005
1020.55 4.46583 0.5 0.005
1040.33 4.46647 0.5 0.005
1060.35 4.46709 0.5 0.005
1080.24 4.46757 0.5 0.005
1100.33 4.46743 0.5 0.005
1120.15 4.46759 0.5 0.005
1140.01 4.46753 0.5 0.005
1160.3 4.46727 0.5 0.005
1180.13 4.46705 0.5 0.005
1200.19 4.46689 0.5 0.005
1220.2 4.46664 0.5 0.005
1240.15 4.46665 0.5 0.005
1260.25 4.46679 0.5 0.005
1280.07 4.46697 0.5 0.005
1299.96 4.46705 0.5 0.005
1320.06 4.46698 0.5 0.005
1339.93 4.46728 0.5 0.005
1359.93 4.46655 0.5 0.005
1380.01 4.46648 0.5 0.005
1399.93 4.46683 0.5 0.005
1420.04 4.46619 0.5 0.005
1439.97 4.4663 0.5 0.005
1459.91 4.46663 0.5 0.005
1480.03 4.4663 0.5 0.005
1499.97 4.46675 0.5 0.005
1519.96 4.46701 0.5 0.005
1540.03 4.46648 0.5 0.005
1559.94 4.46642 0.5 0.005
1580.09 4.46601 0.5 0.005
1600.02 4.46644 0.5 0.005
1619.96 4.4657 0.5 0.005
1640.08 4.46593 0.5 0.005
1660.06 4.46626 0.5 0.005
1679.96 4.46595 0.5 0.005
1700.07 4.46598 0.5 0.005
1720 4.46564 0.5 0.005
1740.09 4.46609 0.5 0.005
1760.05 4.46564 0.5 0.005
1779.97 4.46567 0.5 0.005
1800.08 4.46503 0.5 0.005
1819.99 4.46549 0.5 0.005
1839.91 4.46491 0.5 0.005
1860.06 4.46497 0.5 0.005
1879.95 4.46511 0.5 0.005
1900.1 4.46502 0.5 0.005
1920.03 4.46485 0.5 0.005
1940 4.46469 0.5 0.005
1960.1 4.46416 0.5 0.005
1979.99 4.46434 0.5 0.005
1999.91 4.46417 0.5 0.005
2020.05 4.4639 0.5 0.005
2040.01 4.46387 0.5 0.005
2060.07 4.46401 0.5 0.005
2080.05 4.46377 0.5 0.005
2100 4.46308 0.5 0.005
2120.07 4.46304 0.5 0.005
2140.02 4.46279 0.5 0.005
2159.95 4.4626 0.5 0.005
2180.04 4.46208 0.5 0.005
2199.98 4.46167 0.5 0.005
2220.08 4.46126 0.5 0.005
2240.05 4.46102 0.5 0.005
2259.97 4.46057 0.5 0.005
2280.1 4.46026 0.5 0.005
2300.02 4.45935 0.5 0.005
2319.96 4.45937 0.5 0.005
2340.09 4.45818 0.5 0.005
2360.01 4.45779 0.5 0.005
2380.11 4.45729 0.5 0.005
2400.04 4.45613 0.5 0.005
2419.95 4.45482 0.5 0.005
2440.11 4.45382 0.5 0.005
2460.03 4.45263 0.5 0.005
2479.94 4.45162 0.5 0.005
2500.04 4.44931 0.5 0.005
2520.01 4.44741 0.5 0.005
2540.13 4.44495 0.5 0.005
2560.06 4.44255 0.5 0.005
2580 4.43926 0.5 0.005
2600.11 4.43576 0.5 0.005
2619.98 4.43059 0.5 0.005
2639.96 4.42465 0.5 0.005
2660.11 4.41665 0.5 0.005
2680.03 4.40637 0.5 0.005
2700.19 4.39273 0.5 0.005
2720.18 4.37255 0.5 0.005
2740.06 4.34162 0.5 0.005
2760.27 4.29016 0.5 0.005
2780.22 4.18806 0.5 0.005
2800.17 3.94145 0.5 0.005
2820.3 3.4754 0.5 0.005
2839.93 3.16963 0.5 0.005
2859.69 3.14183 0.5 0.005
2879.43 3.24129 0.5 0.005
2899.36 3.38454 0.5 0.005
2919.49 3.53591 0.5 0.005
2939.43 3.67584 0.5 0.005
2959.39 3.79987 0.5 0.005
2979.6 3.90716 0.5 0.005
2999.54 3.99599 0.5 0.005
3019.71 4.07142 0.5 0.005
3039.67 4.1331 0.5 0.005
3059.65 4.18376 0.5 0.005
3079.76 4.22616 0.5 0.005
3099.77 4.26003 0.5 0.005
3119.7 4.28833 0.5 0.005
3139.86 4.31197 0.5 0.005
3159.84 4.33145 0.5 0.005
3179.78 4.34793 0.5 0.005
3199.91 4.3614 0.5 0.005
3219.89 4.37315 0.5 0.005
3240.01 4.38281 0.5 0.005
3259.96 4.39143 0.5 0.005
3279.91 4.39875 0.5 0.005
3299.98 4.40455 0.5 0.005
3320 4.4101 0.5 0.005
3339.88 4.41461 0.5 0.005
3360.12 4.41919 0.5 0.005
3380 4.42218 0.5 0.005
3400.13 4.42593 0.5 0.005
3420.06 4.42808 0.5 0.005
3440.03 4.43072 0.5 0.005
3460.1 4.43307 0.5 0.005
3480.07 4.43488 0.5 0.005
3500.02 4.43696 0.5 0.005
3520.12 4.43872 0.5 0.005
3540.05 4.44008 0.5 0.005
3560.22 4.44196 0.5 0.005
3580.12 4.44239 0.5 0.005
3600.06 4.44391 0.5 0.005
3620.2 4.44451 0.5 0.005
3640.09 4.44583 0.5 0.005
3660.05 4.4465 0.5 0.005
3680.16 4.4479 0.5 0.005
3700.09 4.44825 0.5 0.005
3720.18 4.44914 0.5 0.005
3740.11 4.45001 0.5 0.005
3760.07 4.45033 0.5 0.005
3780.16 4.45071 0.5 0.005
3800.11 4.45121 0.5 0.005
3820.03 4.45162 0.5 0.005
3840.2 4.45252 0.5 0.005
3860.03 4.45302 0.5 0.005
3880.16 4.45355 0.5 0.005
3900.14 4.45392 0.5 0.005
3920.04 4.4541 0.5 0.005
3940.11 4.45448 0.5 0.005
3960.08 4.45469 0.5 0.005
3979.95 4.45513 0.5 0.005
4000.05 4.45597 0.5 0.005
4020 4.45572 0.5 0.005
4040.12 4.45587 0.5 0.005
4060.09 4.45614 0.5 0.005
4079.99 4.45633 0.5 0.005
4100.07 4.4566 0.5 0.005
4120.05 4.45666 0.5 0.005
4139.95 4.45673 0.5 0.005
4160.09 4.4572 0.5 0.005
4180.02 4.45713 0.5 0.005
4200.11 4.45721 0.5 0.005
4220.07 4.45728 0.5 0.005
4239.95 4.45731 0.5 0.005
4260.11 4.45753 0.5 0.005
4280.02 4.45757 0.5 0.005
4299.96 4.45752 0.5 0.005
4320.07 4.45773 0.5 0.005
4339.98 4.45759 0.5 0.005
4360.14 4.45827 0.5 0.005
4380.02 4.45861 0.5 0.005
4399.98 4.45799 0.5 0.005
4420.1 4.45804 0.5 0.005
4440.05 4.45807 0.5 0.005
4459.94 4.4583 0.5 0.005
4480.09 4.45793 0.5 0.005
4500.02 4.45855 0.5 0.005
4520.09 4.45868 0.5 0.005
4540.03 4.45857 0.5 0.005
4559.99 4.45905 0.5 0.005
4580.1 4.4588 0.5 0.005
4600.02 4.45872 0.5 0.005
4619.97 4.45881 0.5 0.005
4640.08 4.459 0.5 0.005
4660 4.459 0.5 0.005
4680.13 4.45865 0.5 0.005
4700.06 4.45925 0.5 0.005
4720 4.45902 0.5 0.005
4740.12 4.45911 0.5 0.005
4760.04 4.45927 0.5 0.005
4779.97 4.45909 0.5 0.005
4800.07 4.45928 0.5 0.005
4820.03 4.45934 0.5 0.005
4840.12 4.45906 0.5 0.005
4860.06 4.45938 0.5 0.005
4879.97 4.45995 0.5 0.005
4900.11 4.45943 0.5 0.005
4920.03 4.45979 0.5 0.005
4939.97 4.45959 0.5 0.005
4960.08 4.45931 0.5 0.005
4980 4.45974 0.5 0.005
5000.12 4.45978 0.5 0.005
5020.06 4.45933 0.5 0.005
5039.99 4.45947 0.5 0.005
5060.1 4.45975 0.5 0.005
5080.04 4.45963 0.5 0.005
5099.97 4.45976 0.5 0.005
5120.09 4.45976 0.5 0.005
5140.03 4.45934 0.5 0.005
5160.15 4.45979 0.5 0.005
5180.08 4.4598 0.5 0.005
5199.96 4.45934 0.5 0.005
5220.12 4.45997 0.5 0.005
5240.02 4.45976 0.5 0.005
5259.94 4.45977 0.5 0.005
5280.13 4.45959 0.5 0.005
5300 4.46008 0.5 0.005
5320.15 4.45988 0.5 0.005
5340.1 4.45967 0.5 0.005
5360.03 4.46006 0.5 0.005
5380.1 4.45928 0.5 0.005
5400.05 4.45932 0.5 0.005
5419.97 4.45939 0.5 0.005
5440.05 4.45943 0.5 0.005
5460.01 4.45958 0.5 0.005
5480.13 4.45956 0.5 0.005
5500.08 4.45975 0.5 0.005
5520 4.46007 0.5 0.005
5540.06 4.45993 0.5 0.005
5560.02 4.45934 0.5 0.005
5580.03 4.45966 0.5 0.005
5600.1 4.45995 0.5 0.005
5620 4.45957 0.5 0.005
5640.14 4.45925 0.5 0.005
5660.09 4.46008 0.5 0.005
5680.04 4.45984 0.5 0.005
5700.12 4.45954 0.5 0.005
5720.04 4.45982 0.5 0.005
5739.97 4.45985 0.5 0.005
5760.09 4.45981 0.5 0.005
5780.03 4.45922 0.5 0.005
5800.15 4.45971 0.5 0.005
5820.07 4.45972 0.5 0.005
5839.99 4.45988 0.5 0.005
5860.14 4.45959 0.5 0.005
5880.06 4.46024 0.5 0.005
5899.98 4.45962 0.5 0.005
5920.12 4.45989 0.5 0.005
5940.02 4.45973 0.5 0.005
5960.14 4.45966 0.5 0.005
5980.13 4.45962 0.5 0.005
6000.04 4.46019 0.5 0.005
6020.11 4.45951 0.5 0.005
6040.11 4.46014 0.5 0.005
6060.01 4.46001 0.5 0.005
6080.11 4.45943 0.5 0.005
6099.99 4.45937 0.5 0.005
6119.96 4.45956 0.5 0.005
6140.06 4.45997 0.5 0.005
6160.03 4.45976 0.5 0.005
6180.11 4.45968 0.5 0.005
6200.04 4.45964 0.5 0.005
6219.98 4.45932 0.5 0.005
6240.11 4.45951 0.5 0.005
6260.05 4.45959 0.5 0.005
6279.98 4.45971 0.5 0.005
6300.08 4.4593 0.5 0.005
6320.01 4.45979 0.5 0.005
6340.14 4.45965 0.5 0.005
6360.08 4.45931 0.5 0.005
6379.98 4.45927 0.5 0.005
6400.11 4.45957 0.5 0.005
6420.04 4.45959 0.5 0.005
6439.97 4.45931 0.5 0.005
6460.08 4.45947 0.5 0.005
6480 4.45942 0.5 0.005
6500.15 4.4592 0.5 0.005
6520.05 4.45955 0.5 0.005
6539.99 4.45971 0.5 0.005
6560.13 4.45867 0.5 0.005
6580.01 4.45924 0.5 0.005
6599.97 4.45935 0.5 0.005
6640.08 4.45956 0.5 0.005
6660.15 4.45949 0.5 0.005
6680.07 4.45941 0.5 0.005
6700.04 4.4594 0.5 0.005
6720.08 4.45898 0.5 0.005
6740.05 4.4593 0.5 0.005
6759.94 4.45929 0.5 0.005
6780.09 4.45905 0.5 0.005
6800.04 4.45903 0.5 0.005
6820.15 4.45901 0.5 0.005
6840.07 4.45895 0.5 0.005
6859.99 4.45908 0.5 0.005
6880.09 4.45928 0.5 0.005
6900.04 4.45913 0.5 0.005
6919.99 4.45887 0.5 0.005
6940.1 4.45877 0.5 0.005
6960.02 4.45922 0.5 0.005
6980.16 4.4588 0.5 0.005
7000.09 4.45854 0.5 0.005
7020.02 4.45888 0.5 0.005
7040.14 4.45852 0.5 0.005
7060.05 4.45888 0.5 0.005
7079.97 4.45914 0.5 0.005
7100.08 4.45867 0.5 0.005
7120.09 4.45896 0.5 0.005
7140.13 4.45908 0.5 0.005
7160.07 4.45896 0.5 0.005
7180.01 4.45916 0.5 0.005
7200.13 4.459 0.5 0.005
7220.07 4.45891 0.5 0.005
7239.99 4.45878 0.5 0.005
7260.1 4.45842 0.5 0.005
7280.03 4.45866 0.5 0.005
7300.16 4.45867 0.5 0.005
7320.1 4.45874 0.5 0.005
7340 4.4586 0.5 0.005
7360.1 4.45856 0.5 0.005
7380.07 4.45847 0.5 0.005
7399.99 4.45879 0.5 0.005
7420.07 4.45831 0.5 0.005
7440.06 4.45855 0.5 0.005
7460.12 4.45859 0.5 0.005
7480.07 4.45868 0.5 0.005
7500 4.45884 0.5 0.005
7520.14 4.45865 0.5 0.005
7540.1 4.45855 0.5 0.005
7560 4.4585 0.5 0.005
7580.11 4.45865 0.5 0.005
7600.02 4.45837 0.5 0.005
7620.16 4.45866 0.5 0.005
7640.08 4.45869 0.5 0.005
7660.01 4.45844 0.5 0.005
7680.14 4.45852 0.5 0.005
7700.07 4.45865 0.5 0.005
7719.98 4.45827 0.5 0.005
7740.09 4.45831 0.5 0.005
7760.04 4.45847 0.5 0.005
7780.17 4.45845 0.5 0.005
7800.1 4.45787 0.5 0.005
7820.05 4.45818 0.5 0.005
7840.1 4.45853 0.5 0.005
7860.09 4.45826 0.5 0.005
7880 4.45831 0.5 0.005
7900.1 4.458 0.5 0.005
7920.03 4.45828 0.5 0.005
7940.15 4.45824 0.5 0.005
7960.09 4.45826 0.5 0.005
7980.05 4.45814 0.5 0.005
8000.16 4.45811 0.5 0.005
8020.13 4.4584 0.5 0.005
8039.98 4.45796 0.5 0.005
8060.13 4.45826 0.5 0.005
8080.02 4.4576 0.5 0.005
8100.17 4.45775 0.5 0.005
8120.1 4.45778 0.5 0.005
8140.04 4.45789 0.5 0.005
8160.11 4.45798 0.5 0.005
8180.07 4.4582 0.5 0.005
8200.01 4.45835 0.5 0.005
8220.13 4.45792 0.5 0.005
8240.07 4.45794 0.5 0.005
8260.16 4.45781 0.5 0.005
8280.1 4.45757 0.5 0.005
8300.02 4.45799 0.5 0.005
8320.16 4.45834 0.5 0.005
8340.1 4.45784 0.5 0.005
8360 4.4581 0.5 0.005
8380.1 4.45815 0.5 0.005
8400.06 4.45779 0.5 0.005
8420.18 4.45821 0.5 0.005
8440.13 4.45785 0.5 0.005
8460.03 4.45798 0.5 0.005
8480.13 4.45799 0.5 0.005
8500.04 4.45792 0.5 0.005
8519.98 4.45797 0.5 0.005
8540.13 4.45784 0.5 0.005
8560.01 4.45791 0.5 0.005
8580.17 4.45777 0.5 0.005
8600.09 4.45785 0.5 0.005
8620.06 4.45765 0.5 0.005
8640.14 4.45741 0.5 0.005
8660.09 4.4578 0.5 0.005
8680.05 4.45749 0.5 0.005
8700.16 4.45747 0.5 0.005
8720.12 4.45726 0.5 0.005
8740.17 4.45749 0.5 0.005
8760.09 4.45716 0.5 0.005
8780.02 4.45728 0.5 0.005
8800.14 4.4576 0.5 0.005
8820.04 4.45756 0.5 0.005
8840.01 4.45764 0.5 0.005
8860.14 4.45768 0.5 0.005
8880.05 4.45702 0.5 0.005
8900.15 4.45747 0.5 0.005
8920.1 4.45737 0.5 0.005
8940 4.45719 0.5 0.005
8960.18 4.45707 0.5 0.005
8980.05 4.45729 0.5 0.005
9000.01 4.45706 0.5 0.005
9020.16 4.45725 0.5 0.005
9040.02 4.45742 0.5 0.005
9060.19 4.45703 0.5 0.005
9080.11 4.45692 0.5 0.005
9100.06 4.45758 0.5 0.005
9120.18 4.45708 0.5 0.005
9140.06 4.45713 0.5 0.005
9159.98 4.45708 0.5 0.005
9180.16 4.45701 0.5 0.005
9200.09 4.45689 0.5 0.005
9220 4.45706 0.5 0.005
9240.11 4.45687 0.5 0.005
9260.04 4.45692 0.5 0.005
9280.16 4.45684 0.5 0.005
9300.1 4.45702 0.5 0.005
9320 4.45681 0.5 0.005
9340.14 4.45691 0.5 0.005
9360.08 4.45696 0.5 0.005
9379.97 4.45689 0.5 0.005
9400.08 4.45657 0.5 0.005
9420.05 4.45658 0.5 0.005
9440.16 4.45655 0.5 0.005
9460.11 4.45692 0.5 0.005
9480.03 4.45662 0.5 0.005
9500.12 4.45653 0.5 0.005
9520.09 4.457 0.5 0.005
9540.01 4.45654 0.5 0.005
9560.1 4.45646 0.5 0.005
9580.07 4.45669 0.5 0.005
9600.15 4.45633 0.5 0.005
9620.1 4.45662 0.5 0.005
9640.04 4.45656 0.5 0.005
9660.15 4.45678 0.5 0.005
9680.07 4.45672 0.5 0.005
9700 4.45675 0.5 0.005
9720.12 4.45639 0.5 0.005
9740.07 4.45602 0.5 0.005
9760.14 4.45657 0.5 0.005
9780.1 4.45623 0.5 0.005
9800.03 4.4565 0.5 0.005
9820.14 4.45616 0.5 0.005
9840.08 4.45614 0.5 0.005
9860.04 4.45609 0.5 0.005
9880.12 4.45641 0.5 0.005
9900.05 4.45618 0.5 0.005
9920.18 4.4563 0.5 0.005
9940.08 4.45632 0.5 0.005
9960.05 4.45615 0.5 0.005
9980.15 4.45619 0.5 0.005
10000.1 4.45596 0.5 0.005
10020 4.4562 0.5 0.005
10040.1 4.4562 0.5 0.005
10060 4.45588 0.5 0.005
10080.2 4.45611 0.5 0.005
10100.1 4.45573 0.5 0.005
10120 4.45587 0.5 0.005
10140.2 4.45613 0.5 0.005
10160.1 4.45593 0.5 0.005
10180 4.45587 0.5 0.005
10200.1 4.45603 0.5 0.005
10220.1 4.4557 0.5 0.005
10240.2 4.45557 0.5 0.005
10260.1 4.45581 0.5 0.005
10280.1 4.45594 0.5 0.005
10300.1 4.45584 0.5 0.005
10320.1 4.45571 0.5 0.005
10340 4.45563 0.5 0.005
10360.1 4.45566 0.5 0.005
10380 4.45559 0.5 0.005
10400.2 4.4552 0.5 0.005
10420.1 4.45563 0.5 0.005
10440 4.45576 0.5 0.005
10460.1 4.45522 0.5 0.005
10480.1 4.45544 0.5 0.005
10500 4.45563 0.5 0.005
10520.2 4.45547 0.5 0.005
10540.1 4.4554 0.5 0.005
10560.2 4.45584 0.5 0.005
10580.1 4.45534 0.5 0.005
10600 4.45565 0.5 0.005
10620.2 4.4554 0.5 0.005
10640.1 4.45582 0.5 0.005
10660 4.45545 0.5 0.005
10680.2 4.45506 0.5 0.005
10700.1 4.45515 0.5 0.005
10720.2 4.45538 0.5 0.005
10740.1 4.4551 0.5 0.005
10760 4.45519 0.5 0.005
10780.2 4.45509 0.5 0.005
10800.1 4.45534 0.5 0.005
10820 4.45505 0.5 0.005
10840.1 4.45497 0.5 0.005
10860.1 4.45521 0.5 0.005
10880.2 4.45492 0.5 0.005
10900.1 4.455 0.5 0.005
10920 4.45505 0.5 0.005
10940.2 4.45497 0.5 0.005
10960.1 4.45512 0.5 0.005
10980 4.45525 0.5 0.005
11000.1 4.45525 0.5 0.005
11020.1 4.45501 0.5 0.005
11040.2 4.45506 0.5 0.005
11060.1 4.45526 0.5 0.005
11080 4.45511 0.5 0.005
11100.2 4.45515 0.5 0.005
11120.1 4.45484 0.5 0.005
11140 4.4545 0.5 0.005
11160.1 4.45511 0.5 0.005
11180.1 4.45483 0.5 0.005
11200.2 4.4548 0.5 0.005
11220.1 4.45472 0.5 0.005
11240 4.45475 0.5 0.005
11260.2 4.45449 0.5 0.005
11280.1 4.45455 0.5 0.005
11300 4.45462 0.5 0.005
11320.1 4.4545 0.5 0.005
11340.1 4.45463 0.5 0.005
11360.2 4.45453 0.5 0.005
11380.1 4.45487 0.5 0.005
11400.1 4.45457 0.5 0.005
11420.2 4.45453 0.5 0.005
11440.1 4.45455 0.5 0.005
11460.1 4.45417 0.5 0.005
11480.2 4.45459 0.5 0.005
11500.1 4.45452 0.5 0.005
11520.2 4.4544 0.5 0.005
11540.1 4.45435 0.5 0.005
11560.1 4.45459 0.5 0.005
11580.2 4.45456 0.5 0.005
11600.1 4.45427 0.5 0.005
11620.1 4.45441 0.5 0.005
11640.2 4.45433 0.5 0.005
11660.1 4.45424 0.5 0.005
11680.2 4.45403 0.5 0.005
11700.1 4.45396 0.5 0.005
11720.1 4.45399 0.5 0.005
11740.1 4.45432 0.5 0.005
11760.1 4.45359 0.5 0.005
11780 4.4544 0.5 0.005
11800.2 4.4539 0.5 0.005
11820.1 4.45389 0.5 0.005
11840.2 4.4537 0.5 0.005
11860.1 4.4538 0.5 0.005
11880.1 4.45387 0.5 0.005
11900.2 4.45395 0.5 0.005
11920.1 4.45378 0.5 0.005
11940 4.45404 0.5 0.005
11960.2 4.45348 0.5 0.005
11980.1 4.45388 0.5 0.005
12000.2 4.45435 0.5 0.005
12020.1 4.45376 0.5 0.005
12040.1 4.45372 0.5 0.005
12060.2 4.45343 0.5 0.005
12080.1 4.45349 0.5 0.005
12100 4.45366 0.5 0.005
12120.1 4.45347 0.5 0.005
12140.1 4.45347 0.5 0.005
12160.2 4.4538 0.5 0.005
12180.1 4.45348 0.5 0.005
12200 4.4531 0.5 0.005
12220.2 4.45339 0.5 0.005
12240.1 4.45337 0.5 0.005
12260.1 4.4535 0.5 0.005
12280.2 4.45307 0.5 0.005
12300.1 4.45365 0.5 0.005
12320 4.45322 0.5 0.005
12340.2 4.45325 0.5 0.005
12360.1 4.45324 0.5 0.005
12380.2 4.45292 0.5 0.005
12400.1 4.45316 0.5 0.005
12420.1 4.45324 0.5 0.005
12440.2 4.45279 0.5 0.005
12460.1 4.45298 0.5 0.005
12480 4.45298 0.5 0.005
12500.1 4.45331 0.5 0.005
12520.1 4.45304 0.5 0.005
12540.2 4.45311 0.5 0.005
12560.1 4.45285 0.5 0.005
12580 4.45322 0.5 0.005
12600.2 4.45309 0.5 0.005
12620.1 4.45299 0.5 0.005
12640 4.45286 0.5 0.005
12660.2 4.45285 0.5 0.005
12680.1 4.45265 0.5 0.005
12700.2 4.45288 0.5 0.005
12720.1 4.45251 0.5 0.005
12740.1 4.45256 0.5 0.005
12760.2 4.45261 0.5 0.005
12780.1 4.45238 0.5 0.005
12800 4.45276 0.5 0.005
12820.1 4.45251 0.5 0.005
12840.1 4.45215 0.5 0.005
12860.2 4.45212 0.5 0.005
12880.1 4.45255 0.5 0.005
12900.1 4.45258 0.5 0.005
12920.2 4.45229 0.5 0.005
12940.1 4.45204 0.5 0.005
12960 4.45223 0.5 0.005
12980.2 4.45216 0.5 0.005
13000.1 4.4523 0.5 0.005
13020.2 4.45214 0.5 0.005
13040.1 4.45196 0.5 0.005
13060.1 4.45179 0.5 0.005
13080.2 4.45232 0.5 0.005
13100.1 4.4519 0.5 0.005
13120.1 4.45211 0.5 0.005
13140.2 4.45194 0.5 0.005
13160.1 4.45177 0.5 0.005
13180.2 4.45184 0.5 0.005
13200.1 4.45132 0.5 0.005
13220.1 4.45158 0.5 0.005
13240.2 4.45135 0.5 0.005
13260.1 4.45137 0.5 0.005
13280 4.4515 0.5 0.005
13300.2 4.45106 0.5 0.005
13320.1 4.45127 0.5 0.005
13340.2 4.45125 0.5 0.005
13360.1 4.45113 0.5 0.005
13380.1 4.45148 0.5 0.005
13400.2 4.45123 0.5 0.005
13420.1 4.45108 0.5 0.005
13440 4.45116 0.5 0.005
13460.2 4.45102 0.5 0.005
13480.1 4.45133 0.5 0.005
13500.2 4.45102 0.5 0.005
13520.2 4.45071 0.5 0.005
13540.1 4.45092 0.5 0.005
13560.2 4.45051 0.5 0.005
13580.1 4.45098 0.5 0.005
13600 4.45071 0.5 0.005
13620.1 4.45013 0.5 0.005
13640.1 4.4507 0.5 0.005
13660.2 4.45025 0.5 0.005
13680.2 4.45056 0.5 0.005
13700.1 4.45052 0.5 0.005
13720.2 4.45041 0.5 0.005
13740.1 4.45027 0.5 0.005
13760 4.45048 0.5 0.005
13780.2 4.45005 0.5 0.005
13800.1 4.44987 0.5 0.005
13820.2 4.45013 0.5 0.005
13840.2 4.44956 0.5 0.005
13860.1 4.44979 0.5 0.005
13880.2 4.44966 0.5 0.005
13900.1 4.44952 0.5 0.005
13920 4.44953 0.5 0.005
13940.1 4.44987 0.5 0.005
13960.1 4.44969 0.5 0.005
13980.2 4.44987 0.5 0.005
14000.1 4.44903 0.5 0.005
14020.1 4.44929 0.5 0.005
14040.2 4.4489 0.5 0.005
14060.1 4.44871 0.5 0.005
14080 4.44923 0.5 0.005
14100.2 4.4492 0.5 0.005
14120.1 4.44923 0.5 0.005
14140.3 4.44919 0.5 0.005
14160.1 4.44879 0.5 0.005
14180.1 4.44844 0.5 0.005
14200.2 4.44883 0.5 0.005
14220.1 4.44834 0.5 0.005
14240 4.44864 0.5 0.005
14260.2 4.4481 0.5 0.005
14280.1 4.44809 0.5 0.005
14300.2 4.44841 0.5 0.005
14320.2 4.44808 0.5 0.005
14340.1 4.44825 0.5 0.005
14360.2 4.44806 0.5 0.005
14380.1 4.44772 0.5 0.005
14400.1 4.44782 0.5 0.005
14420.2 4.44783 0.5 0.005
14440.1 4.44754 0.5 0.005
14460.2 4.44762 0.5 0.005
14480.2 4.44751 0.5 0.005
14500.1 4.44753 0.5 0.005
14520.2 4.44756 0.5 0.005
14540.1 4.44716 0.5 0.005
14560.1 4.44707 0.5 0.005
14580.2 4.44689 0.5 0.005
14600.1 4.44694 0.5 0.005
14620.2 4.44689 0.5 0.005
14640.2 4.44685 0.5 0.005
14660.1 4.4471 0.5 0.005
14680.2 4.44664 0.5 0.005
14700.2 4.44639 0.5 0.005
14720.1 4.44657 0.5 0.005
14740.2 4.4464 0.5 0.005
14760.1 4.44629 0.5 0.005
14780.2 4.44616 0.5 0.005
14800.1 4.44537 0.5 0.005
14820.1 4.44611 0.5 0.005
14840.2 4.44564 0.5 0.005
14860.1 4.44532 0.5 0.005
14880.1 4.44558 0.5 0.005
14900.2 4.44515 0.5 0.005
14920.1 4.44501 0.5 0.005
14940.2 4.44491 0.5 0.005
14960.2 4.44476 0.5 0.005
14980.1 4.44486 0.5 0.005
15000.2 4.44458 0.5 0.005
15020.1 4.44487 0.5 0.005
15060.2 4.44409 0.5 0.005
15080.1 4.44372 0.5 0.005
15100.2 4.44365 0.5 0.005
15120.2 4.4438 0.5 0.005
15140.1 4.4435 0.5 0.005
15160.2 4.44369 0.5 0.005
15180.1 4.44354 0.5 0.005
15200.1 4.44302 0.5 0.005
15220.2 4.44293 0.5 0.005
15240.1 4.44278 0.5 0.005
15260.2 4.44276 0.5 0.005
15280.2 4.44255 0.5 0.005
15300.1 4.44225 0.5 0.005
15320.2 4.44184 0.5 0.005
15340.1 4.44182 0.5 0.005
15360.1 4.44199 0.5 0.005
15380.2 4.44163 0.5 0.005
15400.2 4.44122 0.5 0.005
15420 4.44106 0.5 0.005
15440.2 4.44123 0.5 0.005
15460.1 4.44082 0.5 0.005
15480.2 4.4404 0.5 0.005
15500.1 4.44057 0.5 0.005
15520.1 4.44005 0.5 0.005
15540.2 4.4399 0.5 0.005
15560.1 4.44003 0.5 0.005
15580.1 4.43985 0.5 0.005
15600.2 4.43948 0.5 0.005
15620.1 4.43925 0.5 0.005
15640.2 4.43881 0.5 0.005
15660.2 4.43903 0.5 0.005
15680.1 4.43819 0.5 0.005
15700.2 4.4383 0.5 0.005
15720.1 4.43803 0.5 0.005
15740.1 4.43736 0.5 0.005
15760.2 4.43742 0.5 0.005
15780.1 4.4371 0.5 0.005
15800.2 4.43696 0.5 0.005
15820.2 4.43704 0.5 0.005
15840.1 4.43623 0.5 0.005
15860.2 4.43581 0.5 0.005
15880.1 4.43601 0.5 0.005
15900.1 4.43512 0.5 0.005
15920.2 4.43514 0.5 0.005
15940.1 4.4349 0.5 0.005
15960.2 4.43451 0.5 0.005
15980.2 4.43401 0.5 0.005
16000.1 4.4333 0.5 0.005
16020.2 4.43355 0.5 0.005
16040.1 4.43305 0.5 0.005
16060 4.43317 0.5 0.005
16080.2 4.43225 0.5 0.005
16100.1 4.43201 0.5 0.005
16120.3 4.43184 0.5 0.005
16140.1 4.4316 0.5 0.005
16160.1 4.43085 0.5 0.005
16180.2 4.43047 0.5 0.005
16200.1 4.43031 0.5 0.005
16220.1 4.42959 0.5 0.005
16240.2 4.42914 0.5 0.005
16260.1 4.42857 0.5 0.005
16280.2 4.42845 0.5 0.005
16300.2 4.42785 0.5 0.005
16320.1 4.42736 0.5 0.005
16340.2 4.427 0.5 0.005
16360.2 4.42644 0.5 0.005
16380.1 4.42591 0.5 0.005
16400.2 4.42569 0.5 0.005
16420.1 4.42485 0.5 0.005
16440.2 4.42455 0.5 0.005
16460.2 4.42382 0.5 0.005
16480.1 4.4229 0.5 0.005
16500.2 4.42268 0.5 0.005
16520.1 4.42201 0.5 0.005
16540.1 4.42154 0.5 0.005
16560.2 4.42091 0.5 0.005
16580.1 4.42016 0.5 0.005
16600.2 4.41946 0.5 0.005
16620.1 4.41888 0.5 0.005
16640.1 4.41752 0.5 0.005
16660.2 4.417 0.5 0.005
16680.1 4.4169 0.5 0.005
16700.1 4.41578 0.5 0.005
16720.3 4.41509 0.5 0.005
16740.2 4.41441 0.5 0.005
16760.2 4.41294 0.5 0.005
16780.2 4.41272 0.5 0.005
16800.1 4.41225 0.5 0.005
16820.2 4.41043 0.5 0.005
16840.1 4.40965 0.5 0.005
16860.1 4.40893 0.5 0.005
16880.2 4.40781 0.5 0.005
16900.1 4.40696 0.5 0.005
16920.2 4.40627 0.5 0.005
16940.2 4.40514 0.5 0.005
16960.1 4.40414 0.5 0.005
16980.2 4.40262 0.5 0.005
17000.1 4.40178 0.5 0.005
17020.1 4.40036 0.5 0.005
17040.2 4.39901 0.5 0.005
17060.1 4.39807 0.5 0.005
17080.3 4.39657 0.5 0.005
17100.2 4.3954 0.5 0.005
17120.1 4.39438 0.5 0.005
17140.2 4.39223 0.5 0.005
17160.2 4.39112 0.5 0.005
17180.1 4.38984 0.5 0.005
17200.2 4.38817 0.5 0.005
17220.2 4.38652 0.5 0.005
17240.3 4.38482 0.5 0.005
17260.2 4.38272 0.5 0.005
17280.1 4.38135 0.5 0.005
17300.2 4.37934 0.5 0.005
17320.2 4.37791 0.5 0.005
17340.1 4.3756 0.5 0.005
17360.2 4.37381 0.5 0.005
17380.1 4.37172 0.5 0.005
17400.2 4.36991 0.5 0.005
17420.2 4.36747 0.5 0.005
17440.1 4.36512 0.5 0.005
17460.2 4.36295 0.5 0.005
17480.2 4.3606 0.5 0.005
17500.1 4.35824 0.5 0.005
17520.2 4.35554 0.5 0.005
17540.1 4.35319 0.5 0.005
17560.2 4.34987 0.5 0.005
17580.2 4.34743 0.5 0.005
17600.1 4.34453 0.5 0.005
17620.2 4.34128 0.5 0.005
17660.1 4.33493 0.5 0.005
17680.2 4.33169 0.5 0.005
17700.1 4.32859 0.5 0.005
17720.3 4.32499 0.5 0.005
17740.2 4.3213 0.5 0.005
17760.1 4.31807 0.5 0.005
17780.2 4.31426 0.5 0.005
17800.2 4.31027 0.5 0.005
17820.1 4.30613 0.5 0.005
17840.2 4.30269 0.5 0.005
17860.1 4.29804 0.5 0.005
17880.2 4.29359 0.5 0.005
17900.2 4.28942 0.5 0.005
17920.1 4.28527 0.5 0.005
17940.2 4.28063 0.5 0.005
17960.1 4.27593 0.5 0.005
17980.1 4.27151 0.5 0.005
18000.2 4.26662 0.5 0.005
18020.2 4.26185 0.5 0.005
18040.3 4.25713 0.5 0.005
18060.2 4.25254 0.5 0.005
18080.1 4.24763 0.5 0.005
18100.2 4.24258 0.5 0.005
18120.2 4.23761 0.5 0.005
18140.1 4.23265 0.5 0.005
18160.2 4.22842 0.5 0.005
18180.1 4.22337 0.5 0.005
18200.3 4.21861 0.5 0.005
18220.2 4.21436 0.5 0.005
18240.1 4.20966 0.5 0.005
18260.2 4.20536 0.5 0.005
18280.2 4.20125 0.5 0.005
18300.1 4.19716 0.5 0.005
18320.2 4.19363 0.5 0.005
18340.2 4.19025 0.5 0.005
18360.1 4.18689 0.5 0.005
18380.2 4.18429 0.5 0.005
18400.1 4.18193 0.5 0.005
18420.3 4.17964 0.5 0.005
18440.2 4.17738 0.5 0.005
18460.1 4.17589 0.5 0.005
18480.3 4.17429 0.5 0.005
18500.1 4.1738 0.5 0.005
18520.1 4.17302 0.5 0.005
18540.3 4.17286 0.5 0.005
18560.1 4.17326 0.5 0.005
18580.3 4.17354 0.5 0.005
18600.2 4.17455 0.5 0.005
18620.1 4.176 0.5 0.005
18640.2 4.17723 0.5 0.005
18660.2 4.1792 0.5 0.005
18680.1 4.18114 0.5 0.005
18700.2 4.18369 0.5 0.005
18720.2 4.18698 0.5 0.005
18740.2 4.18901 0.5 0.005
18760.2 4.19275 0.5 0.005
18780.1 4.1959 0.5 0.005
18800.2 4.19992 0.5 0.005
18820.2 4.20335 0.5 0.005
18840.1 4.20749 0.5 0.005
18860.2 4.21139 0.5 0.005
18880.1 4.21534 0.5 0.005
18900.2 4.21961 0.5 0.005
18920.2 4.22422 0.5 0.005
18940.1 4.22838 0.5 0.005
18960.2 4.23256 0.5 0.005
18980.2 4.23685 0.5 0.005
19000.1 4.24099 0.5 0.005
19020.2 4.2455 0.5 0.005
19040.1 4.24955 0.5 0.005
19060.3 4.25393 0.5 0.005
19080.2 4.25862 0.5 0.005
19100.1 4.26267 0.5 0.005
19120.3 4.26676 0.5 0.005
19140.2 4.27092 0.5 0.005
19160.1 4.27507 0.5 0.005
19180.2 4.27952 0.5 0.005
19200.1 4.28323 0.5 0.005
19220.3 4.28747 0.5 0.005
19240.2 4.2908 0.5 0.005
19260.1 4.29451 0.5 0.005
19280.2 4.29827 0.5 0.005
19300.2 4.30208 0.5 0.005
19320.1 4.30544 0.5 0.005
19340.2 4.30895 0.5 0.005
19360.1 4.31204 0.5 0.005
19380.3 4.31508 0.5 0.005
19400.2 4.31852 0.5 0.005
19420.1 4.32121 0.5 0.005
19440.2 4.32482 0.5 0.005
19460.2 4.3277 0.5 0.005
19480.1 4.33038 0.5 0.005
19500.2 4.33361 0.5 0.005
19520.1 4.3363 0.5 0.005
19540.3 4.33879 0.5 0.005
19560.2 4.34166 0.5 0.005
19580.1 4.34366 0.5 0.005
19600.2 4.34627 0.5 0.005
19620.1 4.34864 0.5 0.005
19640.1 4.35112 0.5 0.005
19660.2 4.35351 0.5 0.005
19680.2 4.35559 0.5 0.005
19700.3 4.35767 0.5 0.005
19720.2 4.36009 0.5 0.005
19740.1 4.36145 0.5 0.005
19760.2 4.36369 0.5 0.005
19780.2 4.36576 0.5 0.005
19800.1 4.36759 0.5 0.005
19820.2 4.36924 0.5 0.005
19840.1 4.37129 0.5 0.005
19860.3 4.37285 0.5 0.005
19880.2 4.37486 0.5 0.005
19900.2 4.37586 0.5 0.005
19920.2 4.37807 0.5 0.005
19940.1 4.37931 0.5 0.005
19960.1 4.38114 0.5 0.005
19980.2 4.38231 0.5 0.005
20000.2 4.38326 0.5 0.005
20020.2 4.3848 0.5 0.005
20040.2 4.38627 0.5 0.005
20060.2 4.38759 0.5 0.005
20080.3 4.3889 0.5 0.005
20100.2 4.39013 0.5 0.005
20120.1 4.39106 0.5 0.005
20140.2 4.39207 0.5 0.005
20160.2 4.39346 0.5 0.005
20180.3 4.39466 0.5 0.005
20200.2 4.39562 0.5 0.005
20220.1 4.39673 0.5 0.005
20240.3 4.39762 0.5 0.005
20260.2 4.39868 0.5 0.005
20280.1 4.3999 0.5 0.005
20300.2 4.40057 0.5 0.005
20320.2 4.40154 0.5 0.005
20340.3 4.40251 0.5 0.005
20360.2 4.40315 0.5 0.005
20380.1 4.40415 0.5 0.005
20400.3 4.40521 0.5 0.005
20420.2 4.40614 0.5 0.005
20440.1 4.40665 0.5 0.005
20460.3 4.40715 0.5 0.005
20480.2 4.4083 0.5 0.005
20500.3 4.40881 0.5 0.005
20520.2 4.40943 0.5 0.005
20540.1 4.41012 0.5 0.005
20560.2 4.41129 0.5 0.005
20580.2 4.41175 0.5 0.005
20600.1 4.41225 0.5 0.005
20620.2 4.41293 0.5 0.005
20640.1 4.41365 0.5 0.005
20660.3 4.4142 0.5 0.005
20680.2 4.41479 0.5 0.005
20700.2 4.41521 0.5 0.005
20720.3 4.41601 0.5 0.005
20740.2 4.41656 0.5 0.005
20760.1 4.41738 0.5 0.005
20780.3 4.41783 0.5 0.005
20800.2 4.41785 0.5 0.005
20820.3 4.41901 0.5 0.005
20840.2 4.41865 0.5 0.005
20860.1 4.41975 0.5 0.005
20880.3 4.42015 0.5 0.005
20900.2 4.4207 0.5 0.005
20920.1 4.42105 0.5 0.005
20940.3 4.422 0.5 0.005
20960.2 4.42212 0.5 0.005
20980.3 4.42222 0.5 0.005
21000.2 4.42298 0.5 0.005
21020.1 4.42323 0.5 0.005
21040.3 4.42377 0.5 0.005
21060.2 4.42422 0.5 0.005
21080.1 4.42441 0.5 0.005
21100.2 4.42458 0.5 0.005
21120.2 4.42498 0.5 0.005
21140.3 4.42569 0.5 0.005
21160.2 4.42575 0.5 0.005
21180.2 4.42599 0.5 0.005
21200.2 4.42645 0.5 0.005
21220.2 4.42736 0.5 0.005
21240.1 4.4275 0.5 0.005
21260.2 4.42751 0.5 0.005
21280.2 4.42793 0.5 0.005
21300.3 4.42851 0.5 0.005
21320.2 4.42849 0.5 0.005
21340.2 4.42866 0.5 0.005
21360.3 4.42901 0.5 0.005
21380.2 4.4296 0.5 0.005
21400.2 4.42955 0.5 0.005
21420.3 4.43015 0.5 0.005
21440.2 4.43045 0.5 0.005
21460.1 4.43043 0.5 0.005
21480.3 4.43067 0.5 0.005
21500.2 4.43123 0.5 0.005
21520.3 4.43099 0.5 0.005
21540.2 4.4316 0.5 0.005
21560.2 4.43162 0.5 0.005
21580.2 4.43188 0.5 0.005
21600.2 4.43252 0.5 0.005
21620.1 4.43229 0.5 0.005
21640.2 4.43298 0.5 0.005
21660.2 4.43285 0.5 0.005
21680.3 4.43314 0.5 0.005
21700.2 4.43356 0.5 0.005
21720.1 4.43368 0.5 0.005
21740.3 4.43379 0.5 0.005
21760.1 4.43411 0.5 0.005
21780.1 4.43417 0.5 0.005
21800.2 4.43438 0.5 0.005
21820.2 4.43487 0.5 0.005
21840.3 4.43503 0.5 0.005
21860.2 4.43472 0.5 0.005
21880.2 4.43522 0.5 0.005
21900.3 4.43537 0.5 0.005
21920.2 4.43516 0.5 0.005
21940.1 4.4358 0.5 0.005
21960.2 4.43577 0.5 0.005
21980.2 4.43624 0.5 0.005
22000.3 4.43647 0.5 0.005
22020.2 4.4364 0.5 0.005
22040.2 4.43642 0.5 0.005
22060.3 4.4368 0.5 0.005
22080.2 4.43693 0.5 0.005
22100.1 4.43687 0.5 0.005
22120.3 4.43724 0.5 0.005
22140.2 4.4374 0.5 0.005
22160.3 4.43763 0.5 0.005
22180.2 4.43816 0.5 0.005
22200.1 4.43802 0.5 0.005
22220.2 4.43783 0.5 0.005
22240.1 4.43806 0.5 0.005
22260.1 4.43877 0.5 0.005
22280.2 4.43842 0.5 0.005
22300.2 4.43858 0.5 0.005
22320.3 4.43871 0.5 0.005
22340.2 4.43885 0.5 0.005
22360.2 4.4388 0.5 0.005
22380.3 4.43904 0.5 0.005
22400.2 4.43934 0.5 0.005
22420.1 4.43928 0.5 0.005
22440.2 4.43954 0.5 0.005
22460.1 4.43982 0.5 0.005
22480.3 4.43968 0.5 0.005
22500.2 4.44031 0.5 0.005
22520.2 4.43975 0.5 0.005
22540.3 4.44027 0.5 0.005
22560.2 4.44021 0.5 0.005
22580.1 4.44053 0.5 0.005
22600.3 4.4404 0.5 0.005
22640.3 4.44057 0.5 0.005
22660.2 4.44093 0.5 0.005
22680.2 4.44087 0.5 0.005
22700.3 4.44095 0.5 0.005
22720.2 4.44112 0.5 0.005
22740.1 4.44141 0.5 0.005
22760.3 4.44106 0.5 0.005
22780.2 4.44136 0.5 0.005
22800.3 4.44154 0.5 0.005
22820.2 4.44145 0.5 0.005
22840.2 4.4419 0.5 0.005
22860.3 4.44169 0.5 0.005
22880.2 4.4419 0.5 0.005
22900.1 4.44211 0.5 0.005
22920.3 4.44226 0.5 0.005
22940.2 4.44221 0.5 0.005
22960.3 4.442 0.5 0.005
22980.2 4.44218 0.5 0.005
23000.2 4.4424 0.5 0.005
23020.3 4.44248 0.5 0.005
23040.2 4.44213 0.5 0.005
23060.1 4.44261 0.5 0.005
23080.3 4.44256 0.5 0.005
23100.2 4.44294 0.5 0.005
23120.3 4.44295 0.5 0.005
23140.2 4.44311 0.5 0.005
23160.2 4.44302 0.5 0.005
23180.3 4.44309 0.5 0.005
23200.2 4.44317 0.5 0.005
23220.1 4.44326 0.5 0.005
23240.2 4.44298 0.5 0.005
23260.2 4.44334 0.5 0.005
23280.3 4.44357 0.5 0.005
23300.3 4.44349 0.5 0.005
23320.2 4.44368 0.5 0.005
23340.3 4.44352 0.5 0.005
23360.2 4.44378 0.5 0.005
23380.1 4.44381 0.5 0.005
23400.3 4.4437 0.5 0.005
23420.2 4.44396 0.5 0.005
23440.3 4.44458 0.5 0.005
23460.3 4.44372 0.5 0.005
23480.2 4.44408 0.5 0.005
23500.3 4.44411 0.5 0.005
23520.2 4.44425 0.5 0.005
