Frequency - Phase	Phase - Phase
1000.5	68.8197
1000.69	27.9377
1001.57	27.9613
1003.2	151.502
1003.58	27.9799
1005.42	151.618
1005.6	28.0183
1006.43	28.0451
1007.62	28.0087
1008.64	27.9622
1009.61	27.9879
1010.54	27.9147
1011.52	27.9989
1013.36	151.44
1014.3	151.5
1014.63	28.0668
1015.74	27.9209
1017.22	151.375
1017.53	27.9637
1018.63	27.8796
1019.61	28.0224
1021.32	151.593
1022.25	151.618
1022.55	27.9197
1023.55	27.9359
1024.52	27.9839
1025.54	27.9879
1026.46	27.9743
1028.3	151.591
1028.49	27.9493
1029.6	28.0105
1031.39	151.591
1031.58	27.9552
1032.82	27.8667
1034.3	151.497
1034.56	27.8901
1036.18	151.626
1036.5	27.9226
1037.52	27.9594
1038.58	27.9343
1039.41	27.8962
1040.65	27.9489
1042.38	151.624
1042.69	27.8171
1043.72	28.0099
1044.65	27.879
1046.47	151.601
1046.42	27.9231
1048.12	151.606
1049.59	151.611
1049.46	27.9313
1051.61	151.594
1051.63	27.939
1053.38	151.658
1053.6	27.9367
1054.49	27.829
1055.45	27.9441
1056.56	27.9139
1057.51	27.877
1059.49	151.702
1060.59	151.661
1061.5	151.473
1061.71	27.8764
1062.64	27.8713
1064.55	151.63
1064.68	27.8803
1065.57	27.8423
1066.52	27.8241
1067.73	27.9746
1068.64	27.8301
1069.7	27.897
1070.47	27.8698
1072.38	151.777
1072.87	27.8464
1073.46	27.828
1074.52	27.8815
1076.52	151.657
1077.4	151.668
1078.52	151.73
1078.7	27.7968
1079.58	27.8238
1080.65	27.8109
1081.68	27.8962
1082.54	27.7798
1083.61	27.8356
1084.68	27.8558
1085.66	27.8685
1086.75	27.83
1088.5	151.714
1088.8	27.8294
1089.73	27.8037
1091.5	151.556
1091.82	27.7846
1092.68	27.8291
1093.49	27.7767
1095.61	151.665
1096.54	151.662
1097.48	151.702
1097.66	27.7702
1099.44	151.725
1099.72	27.7932
1100.68	27.7567
1101.72	27.732
1102.88	27.8286
1103.76	27.7272
1104.59	27.7555
1106.54	-208.282
1106.64	27.7505
1107.74	27.7502
1108.88	27.8003
1109.77	27.7006
1110.72	27.759
1111.65	27.7569
1113.5	-208.233
1114.39	-208.323
1114.74	27.6718
1115.75	27.7241
1117.48	-208.217
1117.69	27.7596
1118.95	27.7011
1120.34	-208.262
1120.9	27.7712
1122.53	-208.193
1122.95	27.6922
1123.74	27.71
1124.95	27.7201
1126.41	-208.193
1127.5	-208.213
1127.84	27.6865
1129.23	-208.165
1129.84	27.6196
1130.86	27.7002
1132.29	-208.118
1133.41	-208.224
1134.43	-208.247
1134.75	27.6676
1135.93	27.6619
1136.76	27.611
1137.95	27.6415
1138.94	27.6766
1139.91	27.6235
1141.04	27.6125
1141.94	27.6688
1142.7	27.6519
1143.99	27.6188
1144.83	27.6596
1146.22	27.643
1146.83	27.6322
1147.97	27.662
1148.88	27.6177
1149.93	27.6112
1150.98	27.6486
1152.42	-208.081
1152.91	27.6246
1153.84	27.6397
1155.32	-208.089
1155.97	27.5294
1157.06	27.565
1157.88	27.5321
1159.34	-208.236
1159.98	27.6183
1160.94	27.633
1162.03	27.5736
1163.04	27.5782
1163.95	27.5777
1165.23	-208.149
1165.85	27.6288
1167.22	-208.071
1168.01	27.5516
1169.25	-208.012
1170.27	-208.001
1171.13	27.49
1172.01	27.5523
1172.95	27.5082
1174.17	27.4786
1174.93	27.5858
1176.16	27.5032
1177.3	-207.937
1178.19	-208.072
1178.97	27.4634
1180.17	-207.934
1180.92	27.5009
1182.29	-208.018
1183.29	-207.986
1184.09	27.5076
1184.86	27.5202
1186.23	-207.935
1187.21	27.4438
1188.01	27.4523
1188.96	27.4946
1190.2	-207.967
1190.92	27.4609
1191.99	27.4849
1193.04	27.526
1194.16	-207.897
1195.37	-207.897
1196.24	-207.927
1196.93	27.4965
1198.04	27.3955
1198.98	27.3976
1200.06	-208.029
1200.97	27.457
1201.94	27.4769
1203.1	27.4429
1204.14	-207.83
1204.98	27.505
1206.11	27.4679
1206.99	27.4606
1206.89	27.4369
1209.2	27.3956
1210.05	27.4268
1211.27	-207.87
1212.14	-207.842
1212.89	27.4565
1214.1	27.5256
1215.03	27.4787
1215.92	27.4813
1217.05	27.4248
1218.14	-207.768
1217.95	27.4622
1220.05	27.5014
1220.92	27.381
1222.1	27.4269
1223.01	27.4075
1223.99	27.3731
1225.19	27.4991
1226.09	27.4625
1226.86	27.394
1228.19	-207.75
1229.06	27.4767
1230.18	27.3791
1231.06	27.427
1232	27.4032
1233.17	27.4411
1234.02	27.3932
1235.1	-207.708
1236.1	27.419
1237.24	-207.699
1237.89	27.3241
1239.11	27.4003
1239.99	27.3982
1241.06	27.3948
1242.01	27.403
1242.91	27.4191
1244.03	27.4362
1245.08	27.4094
1246.05	-207.647
1247.22	27.3914
1247.95	27.4842
1249.08	27.3994
1250.17	-207.817
1251.02	27.4748
1252.15	-207.705
1253.05	27.3134
1255.26	-207.652
1256.06	-207.612
1256.85	27.4192
1258.28	-207.792
1259.05	-207.577
1260.1	27.3715
1260.96	27.4875
1262.05	-207.491
1263.23	-207.45
1264.03	-207.591
1264.99	27.4654
1266	27.3491
1266.96	27.3656
1268.22	-207.552
1269.08	-207.574
1269.85	27.2971
1271.14	-207.497
1271.99	27.3361
1272.97	27.413
1274	27.3746
1274.98	27.3704
1275.84	27.3495
1277.14	-207.521
1278.05	-207.497
1279.14	-207.521
1280.04	27.3771
1280.92	27.3647
1282.1	27.3802
1282.98	27.3841
1284.02	-207.501
1284.98	27.341
1285.94	27.3934
1287.12	-207.466
1288.16	27.3827
1289.12	-207.468
1290.21	-207.44
1291.05	27.3617
1291.99	27.3439
1293.17	-207.456
1293.94	27.3402
1295.04	-207.635
1295.98	27.3219
1297	27.3686
1298.07	27.374
1299.05	27.4248
1299.89	27.3786
1301.14	27.3709
1302.04	-207.39
1302.93	27.3635
1304.09	27.2912
1304.99	27.3479
1306.04	27.3935
1307.19	-207.443
1307.98	-207.332
1309.14	27.2473
1309.99	-207.452
1310.91	27.3638
1312.05	27.3518
1313	27.4058
1313.92	27.4189
1315.12	-207.335
1315.91	27.4075
1317.25	-207.5
1317.98	27.461
1318.99	-207.534
1320.14	27.3504
1321.07	27.3921
1321.97	-207.362
1323.18	27.4222
1323.99	-207.359
1325.09	27.3004
1326.06	27.3603
1326.92	27.3548
1328.12	27.3168
1328.95	27.3735
1329.96	27.3591
1331.05	27.3975
1331.94	27.3663
1332.84	27.3021
1334.13	28.2456
1334.99	28.3161
1336.04	28.204
1337.18	28.193
1337.92	28.2444
1339.19	151.873
1340.01	28.2699
1340.93	28.3291
1342.11	151.882
1342.96	28.1615
1344.16	151.694
1345.03	28.2243
1346.02	28.2405
1347.16	151.863
1348.07	28.1802
1348.94	28.2598
1350.06	151.971
1351.16	151.786
1352.02	28.145
1353.1	28.2545
1354.02	28.2191
1355.21	151.818
1356.03	28.216
1356.88	28.2443
1358.16	151.788
1359.1	151.807
1359.94	28.2886
1361.07	28.22
1362.13	151.708
1363.08	28.3186
1364.01	28.174
1365.05	28.2217
1366.13	28.305
1367.12	151.713
1367.98	151.809
1369.09	28.3191
1370.08	28.1993
1371.19	28.2394
1371.97	28.1953
1373.06	28.2226
1374.07	28.2975
1375.06	28.2088
1375.99	28.2627
1377.08	28.2261
1378.01	28.1501
1378.91	28.2115
1380.13	28.2342
1381	28.2977
1382.12	28.2411
1383.02	28.2037
1384.06	28.2233
1385.08	28.2101
1386.04	28.3248
1386.93	28.2716
1388.14	28.1615
1389.05	28.1802
1390.1	151.777
1391.07	28.2186
1391.97	151.892
1393.04	28.2016
1394.02	28.2025
1394.93	28.2373
1396.07	28.197
1397.09	151.872
1397.89	28.2536
1399	28.2433
1399.98	28.2316
1401.21	28.2422
1402.08	28.2651
1402.92	28.3027
1404.15	28.243
1404.89	151.776
1407.07	151.855
1408.06	28.1516
1409.08	151.892
1410.01	151.921
1411.02	28.2703
1412.1	28.2317
1412.95	151.96
1413.96	28.2493
1415.11	28.1367
1415.98	28.1537
1416.99	28.2105
1418.09	28.2217
1419.05	28.1788
1420.18	151.815
1421.04	28.2401
1421.94	151.889
1423.04	28.208
1424.03	28.168
1424.97	28.2246
1426.01	151.851
1427	28.2637
1428.11	28.2567
1429.07	151.89
1430.05	28.2911
1431.05	28.272
1432.01	28.1761
1433.03	28.1758
1434.02	28.2205
1434.97	151.981
1435.96	28.2283
1437.13	28.3311
1437.97	151.891
1439.08	151.894
1440.02	151.943
1440.03	28.2765
1440.95	28.2592
1442.08	28.228
1443.1	28.2906
1443.99	151.765
1445.06	28.2021
1446.02	28.2525
1447.11	28.2014
1448.09	28.1951
1449	28.2628
1450.15	28.1902
1451.01	28.2512
1451.91	28.2214
1453.1	151.72
1454	28.1668
1454.86	151.853
1455.97	28.2581
1457.03	28.2628
1458.09	28.215
1459.07	28.2569
1459.94	28.1711
1461.1	151.844
1461.98	151.882
1462.83	151.881
1464.11	28.2852
1464.96	28.1767
1466.05	28.23
1467.08	28.2448
1467.94	28.2599
1469.08	28.2586
1470.07	28.2335
1470.92	28.2303
1472.1	28.2359
1472.97	28.2546
1473.92	28.2359
1475.08	151.897
1475.94	151.88
1477.1	28.2318
1478.01	28.2552
1478.97	28.2548
1480.1	28.2485
1480.98	28.251
1481.88	151.909
1483.05	151.873
1483.95	28.2211
1485.09	28.2729
1486.05	28.2478
1486.94	28.168
1488.03	28.1744
1489	28.2882
1489.91	28.3072
1491.22	28.3523
1491.91	28.2563
1492.9	28.271
1494.03	151.866
1495.04	28.2616
1496.12	151.904
1496.96	28.2755
1497.96	28.2475
1499.09	28.1931
1500.01	28.2706
1500.98	28.2918
1502.05	28.2354
1503.02	28.2485
1504.12	28.285
1504.97	28.1644
1506.01	151.8
1507.07	28.2803
1507.97	151.878
1508.89	28.3175
1510.05	151.917
1511.02	28.2578
1511.89	151.864
1513.03	28.2578
1513.95	28.2189
1515.06	28.2422
1515.99	151.886
1516.92	28.3089
1518.11	28.1662
1519.01	151.883
1519.82	28.2645
1521.01	151.853
1521.91	151.888
1523.17	28.2417
1524.08	28.2345
1524.96	28.2666
1526.04	28.1823
1527	28.2631
1527.93	151.892
1529.08	151.876
1530.04	28.2855
1530.95	28.3022
1532.01	28.2256
1532.98	28.263
1534.07	28.2053
1535.03	28.2288
1535.92	28.2448
1536.99	151.881
1538.02	28.3619
1538.95	28.279
1540.02	151.926
1540.96	28.2277
1542.12	28.2676
1543.05	28.2535
1543.96	28.2632
1545.08	28.1593
1546.02	151.871
1546.99	28.1745
1548.01	28.2565
1549.01	151.854
1549.93	28.2802
1551	28.2998
1551.97	151.886
1553.11	28.2676
1554.08	28.2591
1554.96	28.1697
1556.08	28.288
1557.02	28.2936
1557.89	28.2763
1559.1	151.92
1560	28.2647
1561.05	28.3283
1562.01	151.891
1562.95	28.2855
1564.09	28.2862
1564.99	28.265
1565.92	28.2747
1567.05	28.2124
1567.95	28.3091
1569.07	28.2391
1569.99	151.908
1571.03	28.2155
1572.04	28.2526
1572.99	28.3047
1574.01	28.2879
1575.07	28.2394
1575.95	28.2459
1576.88	28.3013
1578.09	28.2227
1578.92	28.2293
1580.1	28.1896
1581.03	28.2394
1581.95	28.3293
1583.04	151.775
1584	151.911
1584.9	28.2528
1586.06	28.2349
1587.03	28.2815
1588.1	151.842
1589.07	151.905
1589.97	151.99
1591.01	28.2653
1592.02	28.264
1592.97	151.871
1594.06	28.3233
1595	28.2591
1595.95	151.973
1597.12	28.223
1598.01	28.2215
1599.13	28.2881
1600.02	28.2721
1600.96	28.2905
1602.13	151.823
1603.03	28.2638
1603.89	28.248
1605.05	28.2584
1605.95	28.2466
1607.12	28.2286
1608.03	28.2644
1608.89	28.3186
1610.12	151.807
1610.95	28.2661
1611.92	28.2105
1613.08	28.2733
1614.06	28.2602
1614.97	151.861
1616.02	28.2774
1616.93	28.2069
1618.12	28.2291
1619.02	151.863
1619.97	151.891
1621.13	28.2388
1622.03	28.2412
1622.95	28.2535
1624.06	28.22
1625	28.2846
1626.13	28.2727
1627	28.3444
1627.92	28.2309
1629.07	28.2718
1630.05	28.2528
1630.96	28.248
1632.03	28.2537
1633.03	28.2594
1633.9	28.2494
1635.08	28.2266
1636.06	28.3048
1637.14	28.2601
1638.05	28.2242
1638.95	28.2607
1640.04	28.2952
1641	28.2321
1641.92	151.884
1643.05	151.841
1643.98	151.852
1645.09	151.912
1646.04	28.2511
1646.96	28.3625
1648.13	28.2803
1649.01	28.2575
1649.99	151.897
1651.07	28.2622
1652.01	28.2622
1652.92	151.865
1654.05	28.2421
1654.99	28.2117
1656.14	28.2818
1657.04	151.995
1657.93	151.773
1659.07	28.2777
1659.96	28.2376
1660.96	28.2872
1662.06	28.2546
1662.98	28.267
1664.12	28.3061
1665.06	151.912
1665.97	28.2488
1667.12	28.2311
1668.03	28.243
1668.96	151.887
1670.09	28.2452
1670.97	28.2597
1671.96	151.853
1673.06	28.1706
1673.98	28.2513
1675.16	28.1809
1676.1	28.2289
1677.02	28.2415
1678.08	28.2685
1678.99	28.2599
1679.93	28.3324
1681.1	28.3009
1682.01	151.872
1683.09	28.2372
1684.04	151.796
1684.94	28.2376
1686.13	28.3272
1687.07	28.2528
1688	28.2669
1689.08	151.877
1690.1	151.892
1690.89	28.181
1692.01	28.2873
1692.98	151.895
1694.13	28.2398
1695.01	28.2927
1696	28.2581
1697.01	28.3919
1697.95	28.2759
1698.83	28.286
1700.13	28.2329
1701.05	28.1892
1702.12	28.2899
1703.01	28.2133
1704.03	151.921
1705.13	28.2252
1706.04	28.2515
1706.97	28.2557
1708.11	28.1983
1709.01	28.2318
1709.93	28.2486
1711.03	28.2095
1711.97	28.2517
1713.09	28.2819
1714.01	28.2519
1714.99	28.2864
1716.09	151.858
1716.96	28.2898
1718.02	28.3114
1719.06	151.89
1720.01	28.246
1721.11	151.934
1722.03	28.3176
1722.98	28.2457
1724.09	28.291
1725.07	28.2835
1725.93	28.2561
1727.08	28.2341
1727.98	28.2551
1728.9	28.298
1729.97	28.3233
1730.99	28.2363
1732.11	28.2797
1733.04	28.3184
1733.97	28.2733
1735.13	151.781
1736.01	28.2531
1736.97	28.2747
1738.04	28.2106
1739.03	151.879
1740.04	28.2191
1741.1	151.908
1741.94	28.2887
1743.07	28.237
1744.03	28.2803
1744.98	28.2061
1746.11	151.769
1747.08	28.2565
1748.12	151.902
1749.03	151.863
1749.96	28.2606
1751.08	28.2715
1752.05	151.906
1752.92	28.2546
1754.16	151.894
1754.96	28.262
1755.96	151.953
1757.09	28.265
1757.96	28.2681
1759.09	28.2951
1760.02	28.2327
1760.97	28.2876
1762.04	28.2874
1763.1	151.959
1763.97	28.3096
1765.05	28.2976
1766	28.2818
1767.08	28.2273
1768.01	28.3039
1769.01	151.884
1770.09	28.2545
1771.04	28.1795
1771.95	28.2913
1773.06	28.2538
1773.97	28.2414
1774.91	28.312
1776.06	-208.041
1776.97	28.261
1778.05	28.3192
1779.01	-208.11
1780.03	28.2203
1781.07	28.2285
1782.02	28.2914
1782.93	28.2323
1784.14	28.2379
1784.95	28.3027
1786.17	28.255
1787.06	28.2399
1787.91	28.2313
1789.08	-208.108
1790.08	28.2635
1791	28.2294
1792.11	28.3668
1793.01	28.2563
1793.97	-208.155
1795.05	28.276
1796	28.41
1797.13	28.2579
1798.02	28.26
1798.96	28.2453
1800.13	28.2027
1801.1	28.2874
1801.96	28.2827
1803.06	28.2509
1804.02	-208.238
1805.18	-208.17
1806.09	-208.137
1806.95	28.2151
1808.12	28.3254
1809.02	28.2679
1809.97	28.2784
1811.08	28.2861
1812	28.2711
1812.98	28.239
1814.1	28.3371
1815.03	28.2476
1816.13	28.2806
1817.08	28.2276
1817.97	28.3304
1819.12	28.2459
1820.03	28.2733
1820.94	-208.087
1822.07	28.2364
1822.93	-208.038
1824.14	28.3624
1825.05	28.2192
1826.05	28.2568
1827.09	28.3075
1828.12	28.2441
1828.92	-208.146
1830.12	28.2631
1831.03	28.2593
1831.89	28.2194
1833.06	-208.103
1833.97	28.2386
1835.16	28.313
1836.1	-208.061
1837.03	28.2481
1838.11	28.2206
1839.06	28.2693
1839.95	28.1848
1841.04	-208.114
1842.02	28.2936
1843.04	28.2779
1844.1	28.3848
1844.94	28.3315
1846.06	28.2439
1847.04	-208.073
1847.96	28.2483
1849.13	28.3759
1850.02	28.2373
1850.91	28.2551
1852.07	28.2535
1853.04	28.2868
1854.08	-208.127
1855.05	-208.236
1856.04	-208.105
1857.11	28.2557
1858.03	28.2302
1858.97	28.3496
1860.08	28.3273
1861.02	28.2707
1862.13	28.2199
1863.05	28.2547
1863.99	-208.255
1865.08	28.2965
1865.98	-208.044
1866.95	28.2456
1868.14	-208.079
1869	-208.1
1869.96	28.3848
1871.1	28.2148
1871.96	-208.055
1873.08	-208.06
1874.05	28.2811
1874.98	28.2611
1876.12	-208.016
1877.07	28.2839
1877.95	28.2473
1879.01	-208.102
1879.98	28.2545
1881.17	28.2169
1882.02	28.2736
1882.97	28.2629
1884.07	28.294
1885.05	28.196
1885.94	-208.087
1887.06	28.2652
1888.03	28.2334
1888.91	28.225
1890.08	28.319
1890.95	28.2386
1892.09	28.328
1893.1	28.268
1894.03	-208.122
1895.08	28.297
1896.09	28.3328
1896.99	28.2398
1898.03	28.2422
1898.94	28.3016
1900.05	-208.07
1901.06	28.2275
1901.98	28.2335
1903.08	-208.026
1903.92	28.3307
1906.01	28.2934
1907.01	28.4109
1907.97	28.3443
1909.1	28.3471
1910.05	28.4134
1911.08	28.2765
1912.12	28.2496
1912.93	28.3032
1914.04	28.2333
1915.02	28.3215
1916	28.2295
1917.08	-208.165
1918.04	28.2564
1919.14	-208.052
1920.04	-208.141
1920.99	28.24
1922.06	28.2394
1923.02	28.3203
1923.92	28.2784
1925.02	-208.271
1926	28.2912
1927.08	28.288
1928.08	28.297
1928.99	-208.158
1930.09	28.2611
1931.03	-208.097
1931.92	-208.069
1933.13	-208.095
1934.01	28.2971
1935.02	28.2667
1936.08	28.2774
1937.03	28.217
1938.1	28.2713
1939.06	28.2578
1939.91	-208.078
1941.06	28.2224
1942.04	28.3594
1942.98	28.298
1944.06	-208.113
1944.96	28.2232
1946.1	-208.088
1947.06	28.3403
1948.07	28.2501
1949.09	28.2711
1949.95	28.267
1950.98	-208.025
1952.22	28.3734
1953.03	-208.082
1953.87	-208.115
1954.97	28.2962
1955.94	28.2714
1957.09	28.2976
1957.96	-208.11
1958.95	28.3573
1960.02	-208.147
1961.03	28.2867
1961.88	28.2997
1963.07	28.2752
1964.07	-208.241
1965.12	28.229
1966.1	28.3094
1966.96	28.2825
1968.05	-208.16
1969.07	-208.073
1969.91	28.2924
1971.1	28.2813
1971.98	28.2427
1972.94	28.2703
1974.08	28.3164
1975.05	-208.056
1976.11	28.2546
1976.97	28.3464
1978.02	28.2667
1979.14	28.2621
1980.03	28.3591
1980.99	-208.226
1982.05	28.2709
1983	-208.133
1984.1	28.2281
1984.97	28.2923
1985.98	28.4032
1987.05	28.2435
1988.01	28.223
1988.96	28.3288
1990.1	28.2863
1991.04	28.2331
1991.97	28.3163
1993.12	28.2022
1994	28.3085
1995.15	-208.175
1996.03	28.2602
1996.94	28.1504
1998.06	28.2653
1998.93	28.2954
1999.9	28.262
2001	28.3186
2002.02	28.2806
2003.09	28.4178
2004.03	28.3626
2005.08	28.2428
2006.04	28.217
2007.02	28.3003
2007.98	28.3067
2009.07	28.2354
2010	28.2329
2010.89	28.353
2012.06	28.263
2013.03	28.2358
2014.08	151.943
2015.05	28.3516
2015.98	28.434
2017.1	28.4214
2018.03	28.3587
2018.84	28.2921
2020.15	151.852
2020.96	28.2747
2022.14	151.786
2023.07	28.415
2023.92	28.3265
2025.08	28.2899
2026.04	28.2651
2027.05	28.4021
2028	28.3372
2029	28.2448
2029.88	28.3145
2031.04	28.3425
2031.98	152.022
2033.03	28.2679
2034.05	28.2285
2035	28.3527
2036.17	28.2823
2037.01	28.2845
2037.9	28.2194
2039.06	28.2739
2040.02	28.3796
2041.1	151.93
2042.06	28.3134
2043.02	28.3382
2044.05	28.2419
2045.04	151.909
2045.98	151.875
2047.08	28.2436
2048.03	151.916
2048.9	28.3311
2050.06	151.941
2050.99	151.896
2052.13	151.913
2053	151.952
2053.95	28.2564
2055.16	28.3019
2056.04	151.928
2057	28.4181
2058.05	151.935
2059	28.321
2060.09	28.2698
2060.98	28.3182
2061.95	151.782
2063.1	28.4399
2064.05	28.2987
2064.89	28.35
2066.09	28.2985
2066.96	151.965
2067.94	28.3744
2069.03	151.906
2069.93	28.2715
2071.09	28.3464
2072	28.3842
2073.01	28.2426
2074.03	28.3515
2074.97	151.93
2075.91	28.2851
2077.05	28.2046
2077.91	151.888
2079.09	28.2703
2080.11	28.241
2081.04	28.3788
2082.09	151.905
2083.07	151.885
2083.95	28.316
2085.08	28.3669
2085.95	28.2109
2086.99	28.3592
2087.99	28.4314
2089.06	28.3142
2090.1	28.2704
2090.98	28.2941
2091.97	152.009
2093.08	28.3214
2093.99	28.3021
2094.98	28.2507
2096.09	28.2641
2096.97	28.3077
2098.98	28.3722
2099.94	28.336
2101.1	28.2724
2102.05	28.2589
2102.91	28.3467
2104.04	28.4103
2105.01	28.2883
2106.08	28.4358
2107	28.2647
2107.93	28.3288
2109.07	151.937
2110.05	28.3635
2111	28.2772
2112.06	151.964
2113.09	28.3077
2113.9	28.2401
2115.08	28.245
2115.96	28.373
2117.11	28.442
2118.01	28.3668
2118.96	28.3081
2120.07	28.2459
2121.06	28.3459
2121.93	28.3422
2123.14	28.28
2124.01	28.4098
2125.04	151.899
2126.07	28.2933
2126.95	151.927
2128.06	28.3551
2129.05	28.3252
2129.95	28.2842
2131.08	151.933
2132.04	28.3029
2132.92	28.3336
2134.09	151.956
2135	28.3046
2136.14	28.2632
2137.05	28.4534
2138.02	28.2986
2139.04	28.3339
2140.05	28.2856
2140.94	28.2995
2142.08	28.2717
2143.01	151.866
2144.16	28.435
2145.04	28.2741
2145.94	151.957
2147.08	28.2785
2148.05	28.3461
2148.93	28.3434
2150.06	28.3037
2151.04	28.3527
2151.94	28.2609
2153.09	28.2333
2153.96	28.3156
2155.13	28.3182
2156.06	28.2918
2157.02	28.271
2158.13	151.916
2159.03	28.2882
2159.93	151.918
2161.09	151.898
2162	28.4587
2163.06	28.2562
2164.02	28.3314
2164.94	151.93
2166.08	151.835
2166.96	28.4156
2168.04	28.3778
2169.1	152.056
2170.01	28.3413
2170.98	28.3281
2172.05	28.2971
2172.94	28.4402
2174.11	28.3036
2175.03	28.2426
2175.98	151.901
2177.12	28.2405
2177.97	28.2347
2178.92	28.4082
2180.14	151.927
2180.93	28.2986
2182.12	151.807
2183.11	28.2915
2183.93	151.948
2185.13	28.453
2186.04	28.3079
2186.9	28.2865
2188.06	28.2823
2189	28.2856
2189.9	28.3063
2190.98	28.2725
2191.98	28.3667
2193.1	28.2968
2194.01	152.01
2194.97	28.1948
2196.12	28.3472
2197.08	28.2835
2197.97	28.2819
2199.03	28.3994
2199.99	28.2641
2201.1	28.2936
2201.97	28.2832
2202.95	151.868
2204.07	28.3264
2205.05	28.2615
2205.94	28.2715
2207.07	28.3332
2207.96	28.2456
2208.9	28.3502
2210.08	28.284
2210.98	28.3031
2212.09	151.888
2213.09	28.3125
2213.98	28.2159
2215.1	28.3296
2216	28.3288
2216.96	28.4733
2218.1	28.2335
2218.93	28.3209
2220.15	28.2809
2221.07	28.3496
2221.95	28.4149
2223.07	28.321
2224	28.2455
2224.93	28.213
2226.1	28.4232
2227	28.4341
2227.94	28.4083
2229.08	28.2939
2229.98	28.326
2231.05	28.3276
2232.04	28.348
2232.94	28.3854
2234.13	28.2955
2234.98	28.3269
2235.98	28.2683
2237.07	28.3407
2238.03	28.3112
2239.08	151.977
2240.04	28.2541
2240.91	28.4338
2242.09	28.3907
2242.98	28.456
2244	28.3224
2245.05	28.2438
2246.03	28.3388
2246.91	28.3251
2248.02	28.316
2249.01	28.3026
2250.1	28.347
2251.1	28.3732
2251.94	28.295
2253.05	28.3745
2254.02	28.3733
2254.86	28.3734
2255.99	28.3648
2257	28.3844
2258.09	151.943
2258.99	28.2942
2259.94	28.2797
2261.12	28.3068
2262.05	28.3146
2262.94	151.854
2264.13	28.3839
2265.03	28.3312
2265.89	28.3171
2267.11	28.3988
2267.93	28.3047
2269.12	151.793
2270.01	28.4032
2270.99	28.3806
2272.01	151.931
2273.01	28.307
2273.98	28.3851
2275.08	28.3011
2275.99	28.3293
2277.08	151.932
2278.06	151.918
2279.02	28.3929
2280.05	28.2923
2281.02	28.277
2281.93	28.4424
2283.14	28.2975
2283.97	28.3007
2285.12	151.982
2286.05	151.955
2286.94	28.3653
2288.08	28.3059
2289.06	151.959
2289.96	28.3835
2291.09	28.2914
2292.09	28.3015
2293	28.3153
2294.06	28.2767
2294.99	28.3164
2296.15	28.2873
2297.05	151.9
2297.96	151.942
2300.02	28.2979
2300.97	28.2563
2302.12	28.3621
2302.97	28.2879
2304.14	28.2466
2305	28.294
2305.97	28.3
2307.09	151.911
2308.04	28.2374
2308.93	28.3737
2310.06	28.3492
2310.91	28.3631
2311.94	28.3714
2313.08	28.3689
2314	28.3447
2315.13	28.2923
2316.06	151.982
2316.93	152.026
2318.11	28.4695
2318.98	28.4453
2319.95	151.793
2321.06	28.3187
2322.02	28.2037
2323.09	151.992
2324.03	28.4646
2325.04	151.932
2326.12	28.2597
2327.93	28.3007
2329.06	28.2878
2330.04	28.3107
2330.94	28.3551
2332.07	28.2591
2332.94	28.3832
2334.15	28.4231
2335.02	28.4387
2335.97	28.3232
2337.1	151.954
2337.98	28.2489
2338.97	28.3029
2340.05	28.4436
2340.99	28.3159
2342.08	28.2614
2343.02	28.2904
2344.01	151.927
2345.09	28.3094
2345.98	28.3006
2346.94	28.3601
2348.09	151.922
2349.01	28.3253
2349.95	28.2893
2351.09	151.939
2353.14	28.3098
2354.01	151.96
2354.99	151.95
2356.09	151.813
2357.03	28.4425
2357.94	151.93
2359	28.387
2359.97	28.4173
2361.11	28.3675
2362.02	152.047
2363	28.2558
2364.06	28.397
2365.06	28.3669
2365.96	152.006
2367.08	28.2614
2367.99	28.3017
2368.93	28.2665
2370.01	28.47
2371.01	28.3528
2372.12	28.2979
2373.01	28.2709
2374	28.3371
2375.03	28.3962
2376.01	28.2504
2376.99	28.3523
2378.04	28.4016
2379	28.3933
2380.2	28.3713
2381.06	28.2983
2381.97	28.3191
2383.09	28.3192
2384.03	28.2958
2384.98	28.3321
2386.09	28.3523
2386.96	28.3742
2387.96	28.3425
2389.07	151.895
2390.03	28.2797
2391.13	28.3266
2392.06	28.2759
2393.02	28.2959
2394.06	28.2943
2395.02	28.4298
2395.85	28.3156
2397.05	28.3325
2397.99	28.2519
2399.05	28.3074
2400.07	151.974
2400.96	28.2964
2402.04	151.959
2403.04	28.355
2404	28.4822
2405.1	28.2884
2405.99	28.3177
2406.92	152.02
2408.05	28.3789
2408.98	28.3084
2410.14	28.3051
2411.01	28.3793
2411.96	28.3464
2413.07	28.3671
2414	28.2925
2414.9	28.3041
2416.07	151.978
2416.98	28.27
2418.15	152.014
2419.03	28.2867
2420.05	28.4048
2421.12	28.3447
2422.04	28.466
2422.9	28.3102
2424.11	28.3462
2424.99	28.2986
2425.88	28.3835
2427.05	28.4495
2427.94	28.3099
2429.07	28.3314
2430.04	28.3099
2430.97	28.3156
2432.08	28.4426
2432.98	28.2827
2433.91	28.2817
2435.06	28.31
2436.02	151.977
2437.08	28.4137
2438	28.3393
2438.98	28.2748
2440.1	28.3001
2441.01	28.4049
2441.94	28.399
2443.07	28.3371
2443.96	-208.029
2444.93	28.2715
2446.05	28.314
2447.04	-208.039
2448.16	28.4118
2448.97	28.3496
2450	28.3321
2451.04	28.4759
2452.07	28.431
2452.94	28.2919
2454.06	28.3166
2454.98	28.297
2456.05	28.3173
2457.06	-208.154
2458.02	-208.044
2459.08	28.2596
2459.99	28.4319
2460.99	28.434
2462.03	28.2263
2463.02	28.2956
2463.97	28.3144
2465.07	28.466
2465.96	28.3807
2467.08	28.2979
2468.01	28.4452
2468.96	28.2997
2470.04	28.4148
2471	28.3286
2471.93	28.4356
2473.1	28.3397
2473.99	28.4004
2475.14	28.3436
2476.04	28.3375
2476.98	28.2532
2478.15	28.3254
2479	-208.085
2479.9	28.2714
2481.05	28.3352
2481.98	28.4502
2483.09	28.327
2484.1	28.4242
2484.99	28.301
2486.13	28.3593
2487.03	28.3961
2487.93	28.416
2489.13	28.445
2490.01	28.3352
2490.97	28.3031
2492.13	-208.021
2492.93	28.4469
2494.13	28.2714
2494.99	28.3635
2495.93	28.3058
2497.1	28.2724
2498.99	28.2542
2500.03	28.408
2500.99	28.4749
2502.12	28.2615
2503.03	28.3078
2503.95	28.2583
2505.07	28.4073
2506	28.2574
2507	28.2765
2508.05	-208.065
2508.99	28.3631
2509.97	28.3813
2510.98	28.3661
2512.02	28.3095
2513.1	28.3703
2514.04	28.3575
2514.96	28.3265
2516.1	28.4758
2517.02	28.3117
2517.93	28.4402
2519.03	-208.038
2519.95	28.386
2521.06	28.3245
2522.05	28.3655
2522.95	-208.003
2524.08	28.3178
2525.04	28.2635
2525.95	28.3572
2527.01	28.3314
2527.95	28.3418
2528.95	28.3584
2530.05	-208.084
2530.95	28.3278
2532.09	-208.038
2533.01	28.3307
2533.97	28.2855
2535.03	28.5172
2536	28.3404
2537	-208.152
2538.05	28.3211
2538.94	28.3697
2540.08	28.3568
2540.98	28.2999
2541.96	28.3033
2543.17	28.3505
2544.03	28.3943
2544.95	28.3943
2546.08	-208.142
2546.93	28.3716
2547.94	28.3794
2549.07	28.2823
2549.96	28.5022
2551.15	28.3806
2552.07	28.3294
2552.96	28.2829
2554.06	28.2919
2554.97	28.3219
2555.91	28.3182
2557.05	28.4151
2557.96	28.4241
2559.09	28.3096
2560.04	28.4889
2560.94	28.3078
2562.1	28.4498
2563.1	-208.058
2563.93	28.3238
2565.12	28.4217
2566.06	28.4328
2566.96	28.3293
2568.14	28.2547
2569.01	28.4162
2569.96	28.3904
2571.02	28.4667
2571.99	28.4207
2573.07	28.4072
2574	-208.081
2574.9	-208.049
2576.05	28.3854
2576.99	28.3254
2578.09	28.3958
2579.03	28.4063
2579.93	28.4272
2581.13	-208.007
2582.07	28.4136
2582.96	28.3332
2584.05	28.4638
2585.01	28.3604
2585.94	28.5038
2587.07	28.3582
2587.98	28.3467
2589.07	28.3421
2590.07	28.2897
2590.97	28.2619
2592.04	28.2578
2593.04	28.3266
2593.95	28.2818
2595.11	28.2542
2596	28.2806
2597.14	28.4357
2598.02	28.4446
2598.97	28.2621
2600.13	28.4209
2601.07	28.3798
2601.97	28.465
2603.07	28.3945
2604.01	28.3794
2604.98	28.3775
2606.08	28.3188
2606.96	28.3521
2608.08	28.4093
2609.04	28.3181
2609.98	28.3116
2611.04	28.4202
2611.95	28.292
2612.95	28.3851
2614.08	28.3851
2615.03	28.3493
2616.1	28.2938
2617.04	28.3367
2618.01	28.3238
2619.11	28.5035
2620.06	28.3353
2620.88	28.3961
2622.13	28.4404
2622.96	28.4425
2623.95	28.2189
2625.02	28.366
2626.02	28.2671
2627.08	-208.015
2628.08	28.3751
2628.9	28.3325
2630.07	28.3674
2630.96	28.3388
2631.87	28.3003
2633.12	28.4439
2633.97	28.4751
2635.1	28.3684
2636.08	28.2881
2636.92	-208.103
2638.02	28.3837
2639	-208.171
2640	28.3593
2641.07	28.3376
2641.99	28.319
2642.99	28.3103
2644.08	28.3746
2644.95	28.326
2646.11	28.3355
2647.06	28.3787
2647.89	28.3401
2649.15	28.3339
2650.1	28.2818
2650.97	28.3862
2652.15	28.3375
2652.99	-207.99
2654.09	28.3638
2654.98	28.4075
2655.89	28.5359
2657.07	28.4607
2658.01	28.3787
2659.02	-208.012
2659.98	28.3853
2661.02	28.3302
2662.16	28.4041
2663.09	-208.224
2664.07	28.3036
2665.19	28.3297
2665.97	28.2805
2666.95	28.359
2668.11	28.3032
2669.07	28.329
2669.99	152.009
2671.1	151.958
2672	151.987
2673.01	28.3753
2673.99	28.4416
2675.02	28.3093
2676.09	28.2834
2677	28.3958
2678	28.2962
2679.12	28.3617
2680.08	28.4207
2681.3	28.3265
2682.15	28.2793
2683.01	28.3372
2684.15	28.3405
2685.03	152.006
2685.99	28.3568
2687.17	28.3845
2687.99	28.3533
2688.96	151.959
2690.07	28.3687
2691.06	28.335
2692.07	28.3542
2693.04	28.3634
2694.05	28.4061
2695.13	28.3222
2696.98	28.4004
2698.08	28.2977
2699.01	28.4282
2700.06	28.4159
2701.13	151.923
2702	28.3365
2703.13	28.4725
2704.05	28.4708
2704.93	28.4419
2706.1	28.3448
2707.06	28.3057
2708.03	28.3732
2709.11	28.3988
2710.04	28.4334
2711.09	28.3073
2711.98	28.403
2712.99	28.3654
2714.14	28.361
2714.93	28.3735
2715.96	28.2912
2717.15	151.917
2718.08	28.3998
2719.12	28.3515
2720.05	28.3493
2720.98	28.3057
2722.06	28.3893
2723.1	28.4187
2724.01	28.3637
2725.09	28.3431
2726.08	28.3269
2726.97	151.83
2728.07	28.3411
2729.05	151.877
2730.17	151.811
2731.15	28.3377
2732.04	28.3783
2733.08	28.469
2734.06	28.3758
2734.95	28.3655
2736.08	28.301
2737.11	28.2834
2738.17	28.2936
2739.11	28.3602
2739.98	28.4266
2741.14	28.4636
2742.17	28.524
2743.02	151.859
2744.19	28.3218
2745.09	151.999
2746.04	28.353
2747.14	28.3126
2748.05	28.4725
2749.13	151.932
2750.11	28.2942
2751.01	28.4425
2752.21	28.2795
2753.08	28.2901
2753.98	28.4647
2755.13	152.015
2756.03	28.3787
2757.13	28.3558
2758.1	28.3438
2759.01	28.3714
2760.17	28.3272
2761.05	28.4146
2762.07	28.4129
2763.16	28.3248
2764.08	28.3261
2765.03	28.339
2766.17	151.819
2767.06	28.3838
2768.2	28.3912
2769.18	28.3772
2770.14	28.4135
2771.11	28.3016
2772.16	28.3142
2773	28.3525
2774.12	28.4216
2775.08	28.3348
2776.14	152.009
2777.1	28.3238
2778.08	28.358
2779.13	28.3305
2780.11	28.3664
2781.12	28.3293
2782.2	28.3942
2783.07	151.83
2784.07	28.3012
2785.19	151.889
2786.17	28.3459
2787.17	28.3633
2788.23	28.4236
2789.03	28.4635
2790.17	28.4588
2791.17	28.3141
2792.09	28.329
2793.17	28.3562
2794.15	28.3999
2795.23	28.3085
2796.16	28.3573
2797.18	28.315
2798.23	28.3414
2799.21	28.5014
2800.05	28.3745
2801.25	28.3459
2802.1	28.3967
2803.11	28.4227
2804.22	28.3438
2805.11	28.4159
2806.26	151.864
2807.2	28.3351
2808.2	28.3558
2809.2	28.4102
2810.13	28.3632
2811.15	28.3771
2812.21	28.3494
2813.14	28.4114
2814.3	28.3547
2815.26	151.972
2816.15	28.3538
2817.29	28.3657
2818.25	28.325
2819.14	28.373
2820.26	151.959
2821.19	28.3334
2822.12	28.3316
2823.22	28.3738
2824.17	28.3687
2825.31	151.931
2826.18	28.3491
2827.21	28.3979
2828.23	28.4233
2829.24	28.3801
2830.19	28.3985
2831.25	28.4672
2832.19	152.046
2833.36	28.3893
2834.27	28.3865
2835.18	28.3927
2836.29	28.3744
2837.31	28.2828
2838.17	152.04
2839.28	28.31
2840.28	151.87
2841.4	28.3653
2842.35	28.3818
2843.24	28.2297
2844.36	28.3861
2845.32	28.4003
2846.22	28.3895
2847.35	152.018
2848.29	28.2666
2849.22	28.3787
2850.31	28.36
2851.29	28.3584
2852.46	28.3297
2853.42	152.071
2854.25	28.3652
2855.46	28.4027
2856.34	28.395
2857.33	28.3726
2858.37	28.3247
2859.3	28.3136
2861.42	28.3864
2862.33	28.3596
2863.45	28.4361
2864.38	152.022
2865.35	28.4061
2866.53	28.3474
2867.44	28.3275
2868.33	28.3696
2869.49	28.3291
2870.41	28.3342
2871.47	151.899
2872.45	28.3789
2873.42	28.324
2874.54	28.337
2875.53	28.3031
2876.37	28.3355
2877.53	28.3489
2878.49	28.352
2879.57	28.3827
2880.45	28.3675
2881.49	28.3281
2882.54	28.3536
2883.54	28.2769
2884.46	28.3872
2885.5	28.4361
2886.49	152.026
2887.34	28.3374
2888.5	28.3176
2889.47	28.3151
2890.52	28.2259
2891.6	28.3571
2892.38	28.3941
2893.5	28.3465
2894.44	28.3824
2895.27	28.3389
2896.48	28.3101
2897.35	28.3181
2898.38	28.2927
2899.38	28.3164
2900.35	28.2852
2901.32	28.4075
2902.17	28.2449
2903.21	28.3264
2904.16	28.3392
2905.11	28.2927
2905.98	28.315
2907.13	28.271
2908.03	28.2921
2909.19	28.3826
2910.04	28.298
2910.89	28.3957
2911.98	28.3657
2912.94	28.2793
2913.83	28.4162
2914.92	28.3931
2915.71	28.3755
2916.9	28.3469
2917.91	28.356
2918.68	28.3758
2919.74	28.2859
2920.69	28.2827
2921.59	28.282
2922.6	28.3881
2923.55	28.2677
2924.45	28.2531
2925.59	28.3396
2926.45	28.2974
2927.62	151.999
2928.42	28.3427
2929.32	28.3703
2930.45	28.4145
2931.32	28.2666
2932.37	28.3232
2933.39	28.3107
2934.34	28.2585
2935.48	28.3056
2936.35	28.3229
2937.34	28.2939
2938.4	28.2936
2939.35	152.017
2940.26	28.3594
2941.38	28.3873
2942.23	152.01
2943.18	28.4322
2944.32	28.3002
2945.18	28.3728
2946.27	28.2515
2948.22	28.4408
2949.29	28.2796
2950.22	28.4171
2951.15	28.331
2952.26	28.4052
2953.21	28.3987
2954.32	28.356
2955.23	152.082
2956.16	28.4302
2957.31	28.4123
2958.23	28.3922
2959.18	152.041
2960.29	28.4103
2961.11	28.3681
2962.17	28.3822
2963.2	28.3082
2964.13	28.4006
2965.29	28.311
2966.22	28.3563
2967.21	28.3807
2968.24	28.4568
2969.17	28.3783
2970.16	28.345
2971.25	28.39
2972.11	28.4378
2973.35	28.2894
2974.19	28.3108
2975.12	28.4024
2976.27	28.3767
2977.26	28.2828
2978.18	28.453
2979.34	28.3383
2980.2	28.3795
2981.16	28.3188
2982.29	28.3866
2983.2	28.4273
2984.33	28.3876
2985.25	28.3606
2986.21	28.4076
2987.36	152.125
2988.21	28.4499
2989.15	28.4891
2990.23	28.3287
2991.22	28.4006
2992.39	28.2804
2993.35	28.3668
2994.23	28.4314
2995.37	28.3261
2996.31	152.05
2997.21	28.439
2998.34	28.3358
2999.32	28.2694
3000.14	28.4259
3001.32	28.3964
3002.32	28.4324
3003.34	28.3852
3004.31	152.005
3005.26	28.2694
3006.41	28.2728
3007.25	28.4205
3008.28	28.3961
3009.37	28.2274
3010.31	151.957
3011.46	152.045
3012.41	28.4606
3013.26	28.4045
3014.34	28.4143
3015.37	28.3288
3016.3	151.943
3017.45	28.438
3018.36	28.3996
3019.38	28.3872
3020.37	28.3978
3021.35	28.4905
3022.46	152.128
3023.41	28.2808
3024.35	28.3878
3025.41	28.4705
3026.31	28.366
3027.28	28.5016
3028.42	28.4032
3029.29	28.4478
3030.46	28.2777
3031.37	28.3557
3032.37	28.4317
3033.49	28.4046
3034.45	28.4266
3035.29	28.3194
3036.47	28.3283
3037.31	28.4535
3038.58	28.3221
3039.38	28.3696
3040.42	28.3813
3041.5	28.3321
3042.44	28.4445
3043.42	151.987
3044.51	28.4152
3045.44	28.5044
3046.38	28.3567
3047.51	28.3477
3048.37	28.3059
3049.57	28.361
3050.52	28.3358
3051.37	28.426
3052.55	28.4494
3053.47	28.3249
3054.42	28.4055
3055.51	28.3899
3056.5	28.4037
3057.61	28.4205
3058.51	28.3663
3059.46	152.01
3060.57	28.486
3061.49	151.937
3062.47	28.4792
3063.55	28.3522
3064.51	152.104
3065.45	28.4501
3066.55	28.37
3067.5	28.4566
3068.59	28.4022
3069.6	28.3376
3070.46	28.4874
3071.58	28.4506
3072.49	28.4201
3073.47	28.5018
3074.63	28.4319
3075.52	28.3441
3076.68	28.2667
3077.51	28.2555
3078.52	28.4398
3079.64	151.969
3080.6	152.023
3081.49	151.957
3082.59	28.4522
3084.48	28.3642
3085.63	28.3993
3086.57	28.3403
3087.68	28.3982
3088.67	28.4399
3089.53	28.3547
3090.66	28.3651
3091.6	28.4521
3092.57	28.51
3093.62	28.4252
3094.57	28.4233
3095.67	28.3163
3096.64	28.4534
3097.53	28.3329
3098.67	28.455
3099.66	28.4887
3100.48	28.4425
3101.64	28.4854
3102.57	28.383
3103.55	28.3705
3104.68	28.4365
3105.62	-207.951
3106.7	28.3523
3107.63	28.5117
3109.69	28.3609
3110.64	28.4613
3111.61	28.4766
3112.68	28.4762
3113.67	28.4796
3114.7	28.4974
3115.63	28.4584
3116.59	28.5164
3117.75	28.4203
3118.67	28.3819
3119.53	28.4794
3120.69	28.5179
3121.62	28.4095
3122.58	28.4409
3123.74	28.4475
3124.66	28.4461
3125.74	28.3739
3126.64	28.472
3127.69	28.5339
3128.75	28.3665
3129.64	28.503
3130.62	28.4187
3131.68	28.426
3132.61	28.4258
3133.76	28.432
3134.7	28.5129
3135.63	28.3094
3136.78	28.4908
3137.7	28.4298
3138.65	28.4993
3139.74	28.3732
3140.72	28.4138
3141.63	28.4629
3142.75	28.5021
3143.69	28.4554
3144.78	28.3624
3145.71	28.4253
3146.63	-207.948
3147.79	28.4523
3148.73	28.3942
3149.64	28.4449
3150.71	28.3107
3151.69	28.3995
3152.76	28.409
3153.75	28.456
3154.67	28.5076
3155.78	28.4744
3156.78	28.4617
3157.7	28.4592
3158.73	28.4352
3159.73	-208.049
3160.66	28.4283
3161.78	28.3572
3162.66	28.4179
3163.83	28.4351
3164.78	28.476
3165.73	28.4508
3166.88	-207.795
3167.75	28.5428
3168.63	28.4293
3169.73	28.3687
3170.73	28.4667
3171.84	28.432
3172.74	28.459
3173.73	28.386
3174.8	28.4514
3175.68	28.4534
3176.71	28.3252
3177.84	28.4867
3178.78	28.4385
3179.7	28.503
3180.79	28.4099
3181.76	-207.926
3182.91	28.4862
3183.84	-207.966
3184.74	28.3183
3185.83	28.4781
3186.79	28.4076
3187.69	28.3936
3188.78	28.4618
3189.75	28.3169
3190.89	28.4046
3191.86	28.3376
3192.69	28.3793
3193.92	28.4179
3194.73	28.4486
3195.75	-208.016
3196.86	28.4792
3197.82	28.4643
3198.93	28.4628
3200.79	28.4307
3201.87	28.3949
3202.75	28.4039
3203.78	28.4557
3204.88	28.5029
3205.82	28.4535
3206.76	28.4684
3207.83	28.4242
3208.78	28.4795
3209.96	28.4568
3210.75	28.5455
3211.76	28.4335
3212.83	28.4988
3213.82	28.4789
3214.73	28.4943
3215.83	28.3275
3216.8	28.5046
3217.92	28.3791
3218.85	28.3196
3219.78	28.5091
3220.98	28.3634
3221.83	28.2618
3222.81	28.3728
3223.9	28.4536
3224.84	28.5937
3225.79	28.3193
3226.89	28.4207
3227.81	28.264
3228.95	28.3889
3229.9	28.3247
3230.88	28.4244
3231.94	28.4638
3232.86	28.4423
3233.83	28.4589
3234.89	28.3841
3235.82	28.3745
3236.92	28.499
3237.97	28.409
3238.78	28.3135
3239.99	28.379
3240.85	28.4879
3241.88	28.3256
3242.98	28.4326
3243.77	28.4635
3244.81	28.4585
3245.97	28.3876
3246.81	28.4687
3247.95	28.3761
3248.94	28.4032
3249.8	28.4528
3250.93	28.2906
3251.88	28.3628
3252.85	28.4106
3253.88	28.4533
3254.87	28.4039
3256.02	-207.994
3256.9	28.4251
3257.84	28.4923
3259.01	28.3873
3259.95	-207.968
3260.79	28.4923
3261.98	28.514
3262.92	28.4778
3263.82	28.4323
3264.95	28.4572
3265.86	-207.983
3267.02	28.5141
3267.96	28.4248
3268.92	28.5161
3269.97	28.5099
3270.9	28.477
3271.88	28.3464
3272.96	28.3224
3273.85	28.4636
3274.97	28.4001
3275.92	28.4107
3276.92	28.514
3278.05	28.5234
3278.99	-208.156
3279.87	28.501
3281.01	28.4564
3281.93	28.3464
3282.81	28.4677
3283.95	28.3638
3284.91	28.4425
3285.95	28.441
3287.01	-207.948
3287.83	28.3762
3288.97	28.4587
3290.02	28.5027
3290.89	28.3751
3291.98	28.51
3292.9	28.4393
3294.01	28.3739
3294.92	28.3799
3295.85	28.4512
3296.99	28.4779
3297.96	28.4569
3298.81	28.3895
3299.97	-208.053
3300.91	28.4646
3301.86	28.3469
3302.9	28.493
3303.97	28.4003
3305	28.3743
3306.05	28.489
3306.89	28.5423
3308.03	28.4097
3308.96	28.5537
3309.84	28.4348
3310.92	28.418
3311.92	28.388
3313	28.4599
3313.98	28.503
3314.98	28.3399
3316.1	28.5019
3317	28.456
3317.89	-207.837
3319.05	28.4968
3319.96	28.4686
3320.88	28.4653
3322.02	28.4304
3322.94	28.4784
3324.06	28.4533
3324.98	28.4893
3325.94	28.4668
3327.12	-207.907
3327.97	28.3923
3328.95	28.448
3330.06	28.3225
3330.89	28.3522
3332.06	28.3566
3332.98	28.4659
3334.01	28.3752
3335.15	28.5081
3336.07	28.3986
3336.98	28.3901
3337.91	28.4414
3338.9	28.4997
3339.89	28.4467
3341.04	28.464
3342.05	28.4318
3343.1	28.5322
3344	28.508
3344.95	28.4834
3346	28.4446
3346.93	28.4519
3347.99	28.3906
3348.98	28.4884
3349.99	28.5357
3351.13	28.3975
3351.99	28.4423
3352.98	28.518
3354.09	28.4403
3354.98	28.321
3355.93	28.4053
3357.07	28.4369
3358	28.3525
3358.88	28.4124
3360.07	151.955
3360.86	28.4255
3362	28.4704
3363.04	152.079
3363.95	28.5248
3365.05	28.3609
3366.03	28.5235
3367	28.4451
3368.06	28.54
3368.93	28.472
3370.07	28.4393
3371.02	28.4691
3371.95	28.4189
3373.1	28.5114
3374.03	28.4148
3374.94	28.4686
3376.07	152.085
3377.05	28.3997
3377.9	28.4611
3379.01	28.3968
3379.98	151.944
3381.11	28.4497
3382.07	28.3331
3382.98	28.3513
3384.17	28.4419
3385.05	28.4103
3385.99	152.011
3387.12	28.3764
3387.98	152.052
3389.18	28.4436
3390.01	28.5121
3390.96	28.4122
3392.07	28.4181
3393.1	28.5717
3393.99	28.5235
3395.1	28.2803
3396	28.3718
3397.12	28.409
3398.03	28.3415
3398.98	28.5241
3400.08	28.4931
3401	28.419
3401.98	152.03
3403.08	28.509
3404.03	28.4357
3404.93	28.3517
3406.06	28.4852
3407.01	28.4444
3408.14	28.3777
3409.07	28.5294
3409.97	28.5032
3411.15	28.4104
3412.01	28.4429
3412.89	28.4431
3414.12	152.083
3415.07	28.4524
3416.17	28.3047
3417.09	28.4744
3417.96	28.5188
3419.05	28.4541
3420.08	28.4585
3421.01	28.4554
3422.09	28.449
3423.09	28.4733
3424.03	28.3531
3425.12	28.4051
3425.95	28.4491
3427.14	28.365
3428.13	28.4349
3428.96	28.3974
3430.12	28.4592
3431.07	28.4036
3431.98	28.4121
3433.1	28.4991
3434.07	28.4692
3435.17	28.4673
3436.12	28.512
3437.01	28.3761
3438.15	28.3395
3439.02	28.4729
3439.97	28.5105
3441.12	28.3895
3442.05	28.5307
3442.92	28.4408
3444.09	28.2425
3445.05	28.4068
3446.09	28.3617
3447.11	28.4086
3448.03	28.524
3449.16	28.4012
3450.07	28.4703
3451	28.6081
3452.07	28.4188
3453.1	28.5608
3454.28	28.5144
3455.13	28.4601
3456.04	28.5243
3457.14	28.4385
3458.1	28.4865
3459.03	28.452
3460.13	28.4362
3461.08	28.4293
3462.04	28.3609
3463.12	28.4873
3464.06	28.4424
3465.22	28.3677
3466.13	151.948
3466.99	28.4504
3468.12	28.4257
3469.03	28.5314
3469.98	28.3569
3471.18	28.4839
3472.03	28.5688
3473.22	28.3507
3474.12	28.3193
3475.07	28.3635
3476.16	28.4239
3477.12	28.3678
3478.03	28.4154
3479.13	28.4872
3480.09	28.4516
3481	28.4759
3482.16	28.4949
3483.12	28.4463
3484.23	28.5202
3485.06	28.5183
3486.05	28.4387
3487.21	152.054
3488	28.5821
3489.03	28.5572
3490.19	28.5688
3491.07	28.5058
3492.2	28.4528
3493.07	28.3477
3493.97	28.4199
3495.15	28.5213
3496.06	28.5306
3497.05	28.4964
3498.11	28.4135
3499.08	28.4307
3500	28.5739
3501.15	28.4984
3502.07	28.4835
3503.17	28.4768
3504.14	152.029
3505.05	28.4881
3506.18	28.3911
3507.13	28.5452
3508.1	28.4873
3509.15	28.481
3510.06	28.3541
3511.23	28.452
3512.06	28.4741
3513.15	151.966
3514.2	28.4237
3515.11	28.4707
3516.08	28.5496
3517.14	28.5327
3518.12	28.5104
3519.03	28.3115
3520.09	28.4924
3521.09	28.4376
3522.17	28.3893
3523.16	28.5064
3524.06	28.4587
3525.12	28.4455
3526.15	28.422
3527.05	28.4482
3528.1	28.528
3529.08	28.4673
3530.12	28.5263
3531.08	28.5263
3532.04	28.5114
3533.2	28.4796
3534.12	28.5075
3535.05	28.3303
3536.17	28.4637
3537.11	28.4135
3538	28.4408
3539.15	28.439
3540.05	28.533
3541.14	28.4916
3542.07	28.3013
3543.07	28.3932
3544.18	28.4388
3545.12	28.4574
3546.05	28.4287
3547.19	28.472
3548.1	28.451
3549.2	28.4547
3550.19	28.514
3551.04	28.5671
3552.21	28.3881
3553.09	28.5244
3554.09	28.4842
3555.13	28.5292
3556.12	28.4169
3557.01	28.5028
3558.13	28.5666
3559.07	28.4764
3560.13	28.4527
3561.13	28.4785
3562.02	28.443
3563.17	28.4853
3564.06	28.4765
3565.08	28.5435
3566.17	28.3844
3567.09	28.4345
3568.22	28.3567
3569.08	28.4627
3570.07	28.3817
3571.18	28.5101
3572.11	28.5211
3573.11	28.5167
3574.18	152.042
3575.05	28.3997
3576.19	28.5313
3577.17	28.494
3578.05	28.4003
3579.21	28.518
3580.11	28.5082
3581.07	28.432
3582.17	28.467
3583.14	28.4169
3584.05	28.3595
3585.21	28.3255
3586.07	28.4722
3587.22	28.3734
3588.16	28.495
3589.1	28.478
3590.19	28.4698
3591.08	28.3654
3592.12	28.5352
3593.16	28.5595
3594.08	28.4243
3595.22	28.5707
3596.13	28.483
3597.11	28.5369
3598.19	28.5892
3599.16	28.5364
3600.02	28.4683
3601.15	28.3193
3602.16	28.4624
3603.06	28.3759
3604.19	28.4774
3605.13	28.5097
3606.19	28.3721
3607.14	28.4662
3608.06	28.5259
3609.16	28.4285
3610.12	28.4971
3610.98	28.4756
3612.17	28.4226
3613.09	28.5908
3614.22	28.4402
3615.14	28.5147
3616.09	28.418
3617.24	28.5485
3618.14	152.005
3619.09	28.4452
3620.18	28.3982
3621.1	28.5984
3622.04	28.464
3623.18	151.975
3624.11	28.424
3625.23	28.5433
3626.15	152.057
3627.09	28.4325
3628.21	28.5583
3629.11	151.978
3630.07	28.4686
3631.22	28.4048
3632.14	28.4869
3633.25	28.4528
3634.12	28.4613
3635.15	28.5265
3636.27	28.4611
3637.13	28.5717
3638.09	28.5245
3639.24	28.4931
3640.15	28.4535
3641.05	28.4898
3642.14	28.516
3643.12	28.4257
3644.27	28.4703
3645.16	28.5378
3646.08	28.4902
3647.14	28.4787
3648.18	28.515
3649.1	28.5083
3650.14	28.4646
3651.07	28.3888
3652.21	28.4474
3653.19	28.5771
3654.16	28.4468
3655.19	28.5377
3656.09	28.5394
3657.08	28.4053
3658.2	28.525
3659.15	28.4755
3660.02	28.4882
3661.18	28.5492
3662.14	28.412
3663.24	28.4084
3664.17	28.4404
3665.06	28.4132
3666.2	28.4111
3667.15	28.4028
3667.97	28.4209
3669.23	28.3344
3670.09	28.4791
3671.22	28.4083
3672.17	152.007
3673.05	28.4764
3674.23	28.479
3675.09	28.4937
3676.09	28.4271
3677.2	28.5071
3678.03	28.4135
3679.11	28.5168
3680.25	28.5609
3681.12	28.4402
3682.22	28.4801
3683.14	28.3728
3684.08	28.4654
3685.2	28.5198
3686.14	28.5422
3687.06	28.5632
3688.19	28.4922
3689.14	28.4877
3690.2	28.461
3691.11	28.457
3692.13	28.4898
3693.26	28.5099
3694.11	28.4722
3695.03	28.4919
3696.21	28.4099
3697.13	28.4364
3698.1	28.4382
3699.18	28.427
3700.1	28.5403
3701.24	28.4476
3702.19	28.4617
3703.09	28.3925
3704.21	28.4904
3705.12	28.3922
3706.03	28.3939
3707.24	28.375
3708.09	28.443
3709.26	28.5323
3710.11	28.537
3711.08	28.4635
3712.24	151.986
3713.15	28.3814
3714.11	28.519
3715.12	28.3761
3716.14	28.4339
3717.05	28.5498
3718.16	28.4301
3719.1	28.3237
3720.27	28.4762
3721.15	28.3975
3722.1	28.472
3723.23	28.4374
3724.19	28.4496
3725.02	28.4781
3726.2	28.4638
3727.1	28.4762
3728.25	28.4184
3729.19	28.542
3730.1	28.4183
3731.25	28.3733
3732.17	28.5543
3733.14	28.3901
3734.16	28.5061
3735.12	28.4087
3736.08	28.5218
3737.22	28.5117
3738.09	28.418
3739.2	28.4783
3740.09	28.4755
3741.1	28.5432
3742.21	28.4516
3743.16	28.475
3744.04	28.4585
3745.19	28.4706
3746.1	28.5663
3747.25	28.5724
3748.17	28.4986
3749.08	28.5061
3750.22	28.559
3751.16	28.4856
3752.11	28.4133
3753.2	28.2828
3754.11	28.4283
3755.3	28.4468
3756.21	28.5355
3757.08	28.4918
3758.22	28.4499
3759.13	151.945
3760.04	28.4979
3761.26	28.4455
3762.12	28.6098
3763.05	28.4313
3764.18	28.4918
3765.1	28.5342
3766.23	28.4929
3767.15	28.5398
3768.11	28.5036
3769.15	28.4068
3770.2	28.3774
3771.06	28.546
3772.2	28.4754
3773.04	-207.921
3774.26	28.5143
3775.18	28.5423
3776.09	28.4275
3777.19	28.4849
3778.16	28.5402
3779.04	28.5395
3780.21	28.5324
3781.14	28.5915
3782.04	28.5555
3783.19	28.5293
3784.14	28.5582
3785.26	28.5087
3786.16	28.4756
3787.04	28.4418
3788.21	28.634
3789.1	28.4244
3790.04	28.4038
3791.21	28.5155
3792.1	28.4728
3793.23	28.4923
3794.13	28.4824
3795.08	28.4082
3796.22	28.4541
3797.16	28.5385
3798.07	28.5028
3799.2	28.56
3800.08	28.4622
3801.04	28.4016
3802.14	28.555
3803.1	28.5647
3804.18	28.4689
3805.21	28.4274
3806.06	28.5102
3807.16	28.4547
3808.08	28.5167
3809.06	28.4404
3810.18	28.5054
3811.11	28.3433
3812.26	28.4366
3813.19	28.4213
3814.09	28.4116
3815.21	28.5369
3816.19	28.5806
3817.06	28.5371
3818.23	28.5099
3819.12	28.5598
3820.06	28.5124
3821.13	28.4585
3822.13	28.5402
3823.17	-208.021
3824.16	28.4019
3825.07	28.4568
3826.25	28.4339
3827.11	28.4897
3828	28.5899
3829.19	28.4732
3830.15	28.4818
3831.22	28.5597
3832.13	28.5383
3833.05	28.4962
3834.18	28.4876
3835.1	28.4783
3835.98	28.5382
3837.17	28.5378
3838.07	28.4597
3839.02	28.4847
3840.13	28.577
3841.1	28.5245
3842.17	28.5694
3843.15	28.4657
3844.06	28.3293
3845.18	28.5043
3846.12	28.485
3847.02	28.4935
3848.15	28.4703
3849.09	28.5446
3850.24	28.4661
3851.22	28.5414
3852.09	28.4738
3853.18	28.3541
3854.06	28.544
3855.03	28.5241
3856.16	28.5438
3857.13	28.4879
3858.08	28.5311
3859.11	28.4666
3860.07	28.3789
3861.22	28.5359
3862.11	28.5273
3862.99	28.5207
3864.17	28.3701
3865.07	28.4426
3866.03	28.4017
3867.15	28.5639
3868.03	28.474
3869.22	-208.042
3870.16	28.4099
3871.03	28.4246
3872.25	28.4697
3873.17	28.5032
3874	28.5948
3875.16	28.489
3876.15	28.4804
3876.98	28.5596
3878.12	28.4486
3879.08	28.5071
3880.2	28.5599
3881.1	28.4097
3881.99	28.4244
3883.2	28.4957
3884.12	28.4755
3885.07	28.3787
3886.13	28.537
3887.11	28.5297
3888.19	28.5379
3889.09	28.5005
3890.09	28.4904
3891.21	28.4969
3892.09	28.5216
3893.06	28.5058
3894.14	28.3975
3895.09	28.4091
3896.04	28.513
3897.17	28.4925
3898.13	28.471
3899.17	28.3642
3900.07	28.4357
3901.05	28.3439
3902.2	28.4773
3903.12	28.4276
3904.05	28.4629
3905.17	28.5804
3906.06	28.4236
3907.23	28.558
3908.12	28.4181
3909.06	28.4315
3910.12	28.567
3911.1	28.5732
3912.05	28.4608
3913.15	28.4122
3914.1	28.5926
3915.04	28.4941
3916.1	28.4432
3917.1	28.4623
3918.15	28.3422
3919.2	28.5644
3920.01	28.5224
3921.26	28.5169
3922.1	28.3166
3923.02	28.4544
3924.16	28.4482
3925.01	-208.012
3926.19	28.5456
3927.09	-207.891
3928.08	28.5049
3929.15	28.3765
3930.09	28.4626
3930.96	28.4492
3932.12	28.5384
3933.02	28.5393
3934.17	28.4829
3935.16	28.5516
3936.1	28.4887
3937.18	28.5341
3938.09	28.5969
3938.95	28.6267
3940.12	28.4911
3941.17	28.4626
3942.05	28.544
3943.14	28.4023
3944.1	28.5569
3945.18	-207.929
3946.17	28.5013
3947.04	28.531
3948.12	28.4998
3949.09	28.4888
3950.03	28.681
3951.14	28.452
3952.02	28.5475
3953.13	28.5726
3954.09	28.4379
3954.99	-207.791
3956.11	-208.046
3957.06	28.5691
3958.06	28.4202
3959.23	28.5387
3960.08	28.4244
3961.02	28.4476
3962.07	28.5089
3963.06	28.5161
3964.2	28.5902
3965.11	28.4564
3967.18	28.4992
3968.08	28.5254
3968.98	28.4327
3970.16	28.5333
3970.99	28.5304
3972.26	28.3807
3973.1	28.4563
3974.14	28.4833
3975.12	28.567
3976.06	28.4282
3976.95	28.5009
3978.08	28.3994
3979.07	28.445
3980.02	28.5129
3981.14	28.5021
3982.08	28.4729
3983.17	28.6619
3984.06	28.4496
3984.97	28.6233
3986.17	28.3524
3987.17	28.6023
3988.09	28.4604
3989.09	28.4315
3989.98	28.4911
3991.2	28.5657
3992.08	28.5754
3992.97	28.4688
3994.06	28.5796
3995.01	28.5336
3996.09	28.5322
3997.1	28.3494
3998.09	-208.011
3999.02	28.4635
4000.05	28.4554
4001.03	28.4276
4002.11	28.5399
4003.01	28.4146
4003.91	28.4914
4005.1	28.4966
4006.05	28.4634
4006.96	28.5666
4008.02	28.4487
4009.07	28.344
4010.11	28.5835
4011.09	28.488
4011.99	28.5639
4013.11	28.4582
4014.07	28.5351
4014.97	28.5003
4016.03	28.5334
4017.02	28.4207
4017.97	28.4432
4019.04	28.3931
4020.03	28.433
4021.11	28.3841
4022	28.4549
4023.05	28.5282
4024.14	28.565
4025.11	28.5346
4025.94	28.3118
4027.13	28.4644
4028	28.4571
4029.11	28.37
4030.03	28.4417
4030.93	28.4839
4032.04	28.565
4033.01	28.5686
4033.96	28.4481
4035.12	28.502
4036.01	28.4125
4036.89	28.4762
4038.06	28.5268
4038.99	28.5446
4040.2	28.5132
4041.06	28.6017
4041.95	28.3918
4043.03	28.5314
4044.04	28.5243
4045.05	152.082
4046.05	28.4212
4047.06	28.539
4048.15	28.4862
4049.11	28.4995
4049.95	28.5873
4051.09	28.5005
4052.08	28.5227
4052.98	28.4528
4054.07	28.466
4055.06	28.5824
4055.93	28.4632
4057.15	28.4548
4057.99	28.503
4059.06	28.5028
4060.08	28.5271
4060.99	28.5069
4062.05	28.5628
4062.93	28.5065
4064	28.4647
4065.1	28.575
4066	28.4683
4067.11	28.4424
4068.05	28.6194
4069.04	28.4385
4070.12	28.4469
4071.12	28.384
4071.89	151.991
4073.14	28.5617
4074.02	28.5484
4074.92	28.4982
4076	28.6001
4077.02	28.4058
4078.06	28.4104
4079.02	28.4775
4079.89	28.5103
4081.08	28.5043
4082	28.3543
4082.92	28.5189
4084.08	28.3103
4084.99	28.5501
4086.09	28.5715
4087.04	28.5375
4088.01	28.5674
4089.11	28.5257
4090.04	28.3955
4090.95	28.5829
4092.03	28.4613
4092.98	28.4751
4093.96	28.5654
4095.04	28.5268
4096.02	28.4913
4097.13	28.4587
4098.06	28.4246
4098.96	28.5736
4100.07	28.4578
4100.99	28.5885
4101.97	152.065
4103.16	28.5052
4104.06	28.5066
4105.12	28.4882
4106.04	28.5155
4107	28.4887
4108.06	28.3519
4109.02	28.5216
4109.99	28.5597
4111.13	28.5027
4112.02	28.5047
4113.08	28.6351
4114.14	28.5482
4115	28.5341
4116.1	152.04
4117.02	28.4336
4117.96	28.5876
4119.08	28.5732
4120	28.6429
4120.92	28.5211
4122.08	28.5475
4123	28.5499
4124.11	28.4745
4125.07	28.4038
4125.97	28.5185
4127.09	28.5399
