Frequency - Phase	Phase - Phase
1000.5	69.1336
1000.69	28.4262
1001.57	28.5045
1003.2	152.035
1003.58	28.4854
1005.42	152.094
1005.6	28.5131
1006.43	28.5498
1007.62	28.5264
1008.64	28.4606
1009.61	28.4628
1010.54	28.4407
1011.52	28.5548
1013.36	151.953
1014.3	152.042
1014.63	28.516
1015.74	28.4862
1017.22	151.953
1017.53	28.4722
1018.63	28.4107
1019.61	28.4895
1021.32	152.109
1022.25	152.167
1022.55	28.4677
1023.55	28.5234
1024.52	28.5393
1025.54	28.487
1026.46	28.529
1028.3	152.15
1028.49	28.4817
1029.6	28.5374
1031.39	152.066
1031.58	28.5328
1032.82	28.3577
1034.3	152.036
1034.56	28.4944
1036.18	152.204
1036.5	28.4724
1037.52	28.4836
1038.58	28.4078
1039.41	28.4768
1040.65	28.4687
1042.38	152.134
1042.69	28.388
1043.72	28.4506
1044.65	28.3743
1046.47	152.143
1046.42	28.4964
1048.12	152.203
1049.59	152.139
1049.46	28.4649
1051.61	152.069
1051.63	28.4544
1053.38	152.19
1053.6	28.4674
1054.49	28.4105
1055.45	28.4391
1056.56	28.4872
1057.51	28.4824
1059.49	152.191
1060.59	152.174
1061.5	152.046
1061.71	28.4276
1062.64	28.37
1064.55	152.148
1064.68	28.4351
1065.57	28.3904
1066.52	28.4029
1067.73	28.4745
1068.64	28.3356
1069.7	28.4147
1070.47	28.4808
1072.38	152.304
1072.87	28.3529
1073.46	28.4235
1074.52	28.4185
1076.52	152.184
1077.4	152.229
1078.52	152.254
1078.7	28.3532
1079.58	28.4047
1080.65	28.3734
1081.68	28.3969
1082.54	28.3435
1083.61	28.4325
1084.68	28.3773
1085.66	28.38
1086.75	28.3714
1088.5	152.264
1088.8	28.3838
1089.73	28.3673
1091.5	152.091
1091.82	28.3562
1092.68	28.4076
1093.49	28.3798
1095.61	152.207
1096.54	152.223
1097.48	152.228
1097.66	28.3029
1099.44	152.282
1099.72	28.3655
1100.68	28.315
1101.72	28.3509
1102.88	28.3288
1103.76	28.2612
1104.59	28.379
1106.54	-207.713
1106.64	28.3066
1107.74	28.344
1108.88	28.289
1109.77	28.2384
1110.72	28.333
1111.65	28.3447
1113.5	-207.689
1114.39	-207.735
1114.74	28.2626
1115.75	28.2785
1117.48	-207.685
1117.69	28.3267
1118.95	28.2485
1120.34	-207.65
1120.9	28.2747
1122.53	-207.654
1122.95	28.2092
1123.74	28.2747
1124.95	28.2476
1126.41	-207.638
1127.5	-207.611
1127.84	28.2662
1129.23	-207.554
1129.84	28.2153
1130.86	28.2579
1132.29	-207.578
1133.41	-207.635
1134.43	-207.672
1134.75	28.2486
1135.93	28.2344
1136.76	28.1931
1137.95	28.2247
1138.94	28.2452
1139.91	28.1646
1141.04	28.1944
1141.94	28.2364
1142.7	28.2566
1143.99	28.1376
1144.83	28.2213
1146.22	28.1543
1146.83	28.2356
1147.97	28.2512
1148.88	28.217
1149.93	28.1942
1150.98	28.2106
1152.42	-207.506
1152.91	28.1972
1153.84	28.2032
1155.32	-207.546
1155.97	28.1378
1157.06	28.1613
1157.88	28.148
1159.34	-207.676
1159.98	28.1913
1160.94	28.1934
1162.03	28.1121
1163.04	28.1374
1163.95	28.1531
1165.23	-207.543
1165.85	28.2055
1167.22	-207.458
1168.01	28.1351
1169.25	-207.442
1170.27	-207.43
1171.13	28.0375
1172.01	28.1186
1172.95	28.1229
1174.17	28.0364
1174.93	28.1595
1176.16	28.0758
1177.3	-207.367
1178.19	-207.488
1178.97	28.1111
1180.17	-207.367
1180.92	28.1248
1182.29	-207.403
1183.29	-207.413
1184.09	28.093
1184.86	28.1584
1186.23	-207.339
1187.21	27.9963
1188.01	28.0408
1188.96	28.106
1190.2	-207.354
1190.92	28.045
1191.99	28.1295
1193.04	28.1095
1194.16	-207.337
1195.37	-207.319
1196.24	-207.329
1196.93	28.0774
1198.04	28.042
1198.98	28.0096
1200.06	-207.423
1200.97	28.1042
1201.94	28.0872
1203.1	28.0427
1204.14	-207.237
1204.98	28.0858
1206.11	28.0473
1206.99	28.0744
1206.89	28.0691
1209.2	27.9815
1210.05	28.0037
1211.27	-207.278
1212.14	-207.203
1212.89	28.0711
1214.1	28.0776
1215.03	28.0471
1215.92	28.0843
1217.05	28.0637
1218.14	-207.165
1217.95	28.0776
1220.05	28.0982
1220.92	27.9999
1222.1	28.0076
1223.01	27.9952
1223.99	27.9496
1225.19	28.0684
1226.09	28.0395
1226.86	28.0008
1228.19	-207.163
1229.06	28.0723
1230.18	27.9873
1231.06	28.0437
1232	28.0133
1233.17	28.0319
1234.02	27.9859
1235.1	-207.093
1236.1	28.0344
1237.24	-207.095
1237.89	27.9618
1239.11	28.0064
1239.99	27.9984
1241.06	28.0283
1242.01	28.0471
1242.91	28.0282
1244.03	28.0535
1245.08	28.0174
1246.05	-207.026
1247.22	27.9528
1247.95	28.1017
1249.08	28.026
1250.17	-207.216
1251.02	28.0467
1252.15	-207.097
1253.05	27.9264
1255.26	-207.048
1256.06	-207.001
1256.85	28.0441
1258.28	-207.197
1259.05	-206.948
1260.1	28.003
1260.96	28.1191
1262.05	-206.872
1263.23	-206.828
1264.03	-206.927
1264.99	28.0223
1266	27.9993
1266.96	28.0056
1268.22	-206.918
1269.08	-206.921
1269.85	27.958
1271.14	-206.861
1271.99	27.9678
1272.97	28.0379
1274	28.0494
1274.98	27.9758
1275.84	27.9808
1277.14	-206.888
1278.05	-206.869
1279.14	-206.88
1280.04	27.993
1280.92	28.0234
1282.1	28.0005
1282.98	28.0054
1284.02	-206.879
1284.98	27.9746
1285.94	28.0334
1287.12	-206.822
1288.16	27.9636
1289.12	-206.868
1290.21	-206.853
1291.05	28
1291.99	28.0021
1293.17	-206.85
1293.94	27.996
1295.04	-206.997
1295.98	27.9825
1297	27.983
1298.07	27.9918
1299.05	28.0402
1299.89	27.9983
1301.14	27.9992
1302.04	-206.707
1302.93	27.9928
1304.09	27.9169
1304.99	28.0063
1306.04	28.0332
1307.19	-206.836
1307.98	-206.695
1309.14	27.8839
1309.99	-206.79
1310.91	28.0195
1312.05	27.9954
1313	28.0615
1313.92	28.0734
1315.12	-206.704
1315.91	28.049
1317.25	-206.88
1317.98	28.1003
1318.99	-206.897
1320.14	27.9697
1321.07	28.0128
1321.97	-206.718
1323.18	28.0102
1323.99	-206.697
1325.09	27.9449
1326.06	28.0099
1326.92	28.0409
1328.12	27.9366
1328.95	28.0393
1329.96	27.9809
1331.05	28.0648
1331.94	28.0062
1332.84	27.9669
1334.13	28.8486
1334.99	28.9358
1336.04	28.8662
1337.18	28.8098
1337.92	28.9007
1339.19	152.493
1340.01	28.928
1340.93	28.9801
1342.11	152.526
1342.96	28.808
1344.16	152.331
1345.03	28.8966
1346.02	28.8729
1347.16	152.481
1348.07	28.79
1348.94	28.902
1350.06	152.617
1351.16	152.402
1352.02	28.7509
1353.1	28.8654
1354.02	28.8296
1355.21	152.419
1356.03	28.8796
1356.88	28.8909
1358.16	152.415
1359.1	152.431
1359.94	28.9187
1361.07	28.8705
1362.13	152.309
1363.08	28.943
1364.01	28.8214
1365.05	28.8368
1366.13	28.9349
1367.12	152.312
1367.98	152.476
1369.09	28.9509
1370.08	28.8424
1371.19	28.8732
1371.97	28.881
1373.06	28.8369
1374.07	28.9628
1375.06	28.8482
1375.99	28.9063
1377.08	28.8902
1378.01	28.7853
1378.91	28.8797
1380.13	28.8752
1381	28.9347
1382.12	28.9065
1383.02	28.8596
1384.06	28.849
1385.08	28.8586
1386.04	28.9268
1386.93	28.9044
1388.14	28.7783
1389.05	28.8245
1390.1	152.43
1391.07	28.8691
1391.97	152.539
1393.04	28.891
1394.02	28.8379
1394.93	28.9134
1396.07	28.8551
1397.09	152.496
1397.89	28.9211
1399	28.9138
1399.98	28.878
1401.21	28.8501
1402.08	28.8911
1402.92	28.9705
1404.15	28.8847
1404.89	152.455
1407.07	152.515
1408.06	28.8056
1409.08	152.554
1410.01	152.587
1411.02	28.9113
1412.1	28.8705
1412.95	152.616
1413.96	28.9135
1415.11	28.7907
1415.98	28.835
1416.99	28.8693
1418.09	28.8767
1419.05	28.8179
1420.18	152.458
1421.04	28.8946
1421.94	152.556
1423.04	28.88
1424.03	28.8565
1424.97	28.863
1426.01	152.509
1427	28.9154
1428.11	28.8796
1429.07	152.526
1430.05	28.9148
1431.05	28.9348
1432.01	28.8637
1433.03	28.8394
1434.02	28.9118
1434.97	152.639
1435.96	28.8799
1437.13	28.9823
1437.97	152.555
1439.08	152.556
1440.02	152.597
1440.03	28.903
1440.95	28.9316
1442.08	28.9137
1443.1	28.9084
1443.99	152.406
1445.06	28.8715
1446.02	28.9004
1447.11	28.8828
1448.09	28.8496
1449	28.9174
1450.15	28.8383
1451.01	28.9089
1451.91	28.9029
1453.1	152.375
1454	28.8534
1454.86	152.539
1455.97	28.9345
1457.03	28.9043
1458.09	28.9014
1459.07	28.9202
1459.94	28.8521
1461.1	152.512
1461.98	152.544
1462.83	152.566
1464.11	28.9177
1464.96	28.8695
1466.05	28.9323
1467.08	28.8694
1467.94	28.9333
1469.08	28.9512
1470.07	28.8987
1470.92	28.9192
1472.1	28.8905
1472.97	28.9234
1473.92	28.8863
1475.08	152.551
1475.94	152.557
1477.1	28.8966
1478.01	28.9504
1478.97	28.9333
1480.1	28.8901
1480.98	28.9219
1481.88	152.573
1483.05	152.524
1483.95	28.8951
1485.09	28.9355
1486.05	28.898
1486.94	28.8485
1488.03	28.8746
1489	28.963
1489.91	28.9904
1491.22	29.0021
1491.91	28.9629
1492.9	28.9564
1494.03	152.534
1495.04	28.8984
1496.12	152.549
1496.96	28.964
1497.96	28.9287
1499.09	28.8527
1500.01	28.9324
1500.98	28.9494
1502.05	28.9037
1503.02	28.9168
1504.12	28.9648
1504.97	28.8503
1506.01	152.452
1507.07	28.9438
1507.97	152.549
1508.89	28.9937
1510.05	152.591
1511.02	28.9184
1511.89	152.544
1513.03	28.9424
1513.95	28.8886
1515.06	28.9255
1515.99	152.562
1516.92	28.9979
1518.11	28.8452
1519.01	152.539
1519.82	28.9538
1521.01	152.552
1521.91	152.573
1523.17	28.893
1524.08	28.8934
1524.96	28.9522
1526.04	28.8732
1527	28.9397
1527.93	152.561
1529.08	152.55
1530.04	28.9377
1530.95	28.9743
1532.01	28.9202
1532.98	28.9421
1534.07	28.8872
1535.03	28.8984
1535.92	28.9195
1536.99	152.589
1538.02	29.0508
1538.95	28.9328
1540.02	152.605
1540.96	28.9023
1542.12	28.9399
1543.05	28.9358
1543.96	28.9444
1545.08	28.8307
1546.02	152.555
1546.99	28.8343
1548.01	28.9475
1549.01	152.523
1549.93	28.9577
1551	28.9802
1551.97	152.584
1553.11	28.9281
1554.08	28.9243
1554.96	28.8341
1556.08	28.9627
1557.02	28.9535
1557.89	28.9442
1559.1	152.581
1560	28.9283
1561.05	29.0229
1562.01	152.576
1562.95	28.9745
1564.09	28.9582
1564.99	28.9474
1565.92	28.9632
1567.05	28.9032
1567.95	28.9934
1569.07	28.9211
1569.99	152.601
1571.03	28.8812
1572.04	28.9451
1572.99	28.9951
1574.01	28.9422
1575.07	28.9293
1575.95	28.9531
1576.88	29.0014
1578.09	28.9056
1578.92	28.9307
1580.1	28.8857
1581.03	28.9088
1581.95	29.0093
1583.04	152.477
1584	152.584
1584.9	28.9446
1586.06	28.909
1587.03	28.9581
1588.1	152.539
1589.07	152.583
1589.97	152.663
1591.01	28.9666
1592.02	28.9388
1592.97	152.558
1594.06	29.0011
1595	28.923
1595.95	152.639
1597.12	28.8862
1598.01	28.8853
1599.13	28.952
1600.02	28.9559
1600.96	28.9867
1602.13	152.507
1603.03	28.9555
1603.89	28.9369
1605.05	28.9341
1605.95	28.9301
1607.12	28.9116
1608.03	28.937
1608.89	29.0225
1610.12	152.481
1610.95	28.9922
1611.92	28.9166
1613.08	28.9571
1614.06	28.9439
1614.97	152.537
1616.02	28.9681
1616.93	28.9258
1618.12	28.9008
1619.02	152.567
1619.97	152.592
1621.13	28.919
1622.03	28.9194
1622.95	28.9289
1624.06	28.915
1625	28.9705
1626.13	28.9541
1627	29.0379
1627.92	28.9239
1629.07	28.9457
1630.05	28.9114
1630.96	28.9267
1632.03	28.9562
1633.03	28.9333
1633.9	28.9378
1635.08	28.9231
1636.06	28.9631
1637.14	28.9383
1638.05	28.9132
1638.95	28.934
1640.04	28.9728
1641	28.9137
1641.92	152.581
1643.05	152.52
1643.98	152.563
1645.09	152.614
1646.04	28.9435
1646.96	29.0442
1648.13	28.9443
1649.01	28.9232
1649.99	152.567
1651.07	28.9545
1652.01	28.9527
1652.92	152.566
1654.05	28.9291
1654.99	28.8952
1656.14	28.9513
1657.04	152.669
1657.93	152.46
1659.07	28.9654
1659.96	28.9467
1660.96	28.9574
1662.06	28.9559
1662.98	28.9602
1664.12	28.9877
1665.06	152.574
1665.97	28.9267
1667.12	28.9222
1668.03	28.938
1668.96	152.566
1670.09	28.9152
1670.97	28.964
1671.96	152.526
1673.06	28.8406
1673.98	28.9527
1675.16	28.86
1676.1	28.8954
1677.02	28.9168
1678.08	28.9405
1678.99	28.9639
1679.93	29.0067
1681.1	28.9641
1682.01	152.559
1683.09	28.9307
1684.04	152.486
1684.94	28.908
1686.13	29.0066
1687.07	28.9064
1688	28.9342
1689.08	152.564
1690.1	152.537
1690.89	28.8863
1692.01	28.9912
1692.98	152.571
1694.13	28.9251
1695.01	28.9735
1696	28.9414
1697.01	29.0798
1697.95	28.9574
1698.83	29.007
1700.13	28.9043
1701.05	28.8615
1702.12	28.9698
1703.01	28.8987
1704.03	152.602
1705.13	28.8933
1706.04	28.9327
1706.97	28.9472
1708.11	28.8748
1709.01	28.9119
1709.93	28.9243
1711.03	28.8893
1711.97	28.9611
1713.09	28.9588
1714.01	28.9309
1714.99	28.9794
1716.09	152.541
1716.96	28.9614
1718.02	28.9716
1719.06	152.573
1720.01	28.9084
1721.11	152.603
1722.03	29.0201
1722.98	28.9165
1724.09	28.9805
1725.07	28.9577
1725.93	28.9419
1727.08	28.9431
1727.98	28.9287
1728.9	28.9822
1729.97	29.0071
1730.99	28.9282
1732.11	28.951
1733.04	28.9822
1733.97	28.9659
1735.13	152.457
1736.01	28.9444
1736.97	28.9596
1738.04	28.897
1739.03	152.554
1740.04	28.912
1741.1	152.591
1741.94	28.9654
1743.07	28.9397
1744.03	28.967
1744.98	28.8889
1746.11	152.446
1747.08	28.9036
1748.12	152.591
1749.03	152.538
1749.96	28.9564
1751.08	28.9647
1752.05	152.597
1752.92	28.9596
1754.16	152.559
1754.96	28.9386
1755.96	152.623
1757.09	28.9531
1757.96	28.9495
1759.09	28.9629
1760.02	28.9339
1760.97	28.9696
1762.04	28.9756
1763.1	152.626
1763.97	28.9995
1765.05	28.968
1766	28.9655
1767.08	28.9093
1768.01	28.994
1769.01	-207.449
1770.09	28.9226
1771.04	28.8533
1771.95	28.9655
1773.06	28.923
1773.97	28.9256
1774.91	28.9729
1776.06	-207.373
1776.97	28.943
1778.05	29.0138
1779.01	-207.428
1780.03	28.8844
1781.07	28.9154
1782.02	28.9646
1782.93	28.9205
1784.14	28.898
1784.95	28.9628
1786.17	28.9127
1787.06	28.9194
1787.91	28.9175
1789.08	-207.426
1790.08	28.9191
1791	28.9158
1792.11	29.0339
1793.01	28.9295
1793.97	-207.47
1795.05	28.9456
1796	29.0762
1797.13	28.9057
1798.02	28.9363
1798.96	28.9378
1800.13	28.8578
1801.1	28.94
1801.96	28.9523
1803.06	28.9306
1804.02	-207.581
1805.18	-207.475
1806.09	-207.449
1806.95	28.9054
1808.12	28.9856
1809.02	28.9375
1809.97	28.9469
1811.08	28.931
1812	28.9503
1812.98	28.9068
1814.1	28.9669
1815.03	28.9136
1816.13	28.9382
1817.08	28.9006
1817.97	28.9859
1819.12	28.9077
1820.03	28.9487
1820.94	-207.43
1822.07	28.9062
1822.93	-207.356
1824.14	29.0371
1825.05	28.895
1826.05	28.9252
1827.09	28.9807
1828.12	28.8901
1828.92	-207.45
1830.12	28.9146
1831.03	28.9399
1831.89	28.9185
1833.06	-207.439
1833.97	28.891
1835.16	28.9597
1836.1	-207.426
1837.03	28.9097
1838.11	28.8876
1839.06	28.9478
1839.95	28.8669
1841.04	-207.432
1842.02	28.9512
1843.04	28.9727
1844.1	29.0416
1844.94	29.0174
1846.06	28.9113
1847.04	-207.41
1847.96	28.8986
1849.13	29.0272
1850.02	28.9023
1850.91	28.9171
1852.07	28.8977
1853.04	28.9424
1854.08	-207.444
1855.05	-207.565
1856.04	-207.445
1857.11	28.9154
1858.03	28.8946
1858.97	28.9786
1860.08	28.9764
1861.02	28.928
1862.13	28.8702
1863.05	28.9191
1863.99	-207.595
1865.08	28.9478
1865.98	-207.401
1866.95	28.9096
1868.14	-207.446
1869	-207.454
1869.96	29.0617
1871.1	28.8753
1871.96	-207.405
1873.08	-207.401
1874.05	28.9287
1874.98	28.8893
1876.12	-207.367
1877.07	28.9036
1877.95	28.8773
1879.01	-207.435
1879.98	28.9163
1881.17	28.8705
1882.02	28.9308
1882.97	28.9181
1884.07	28.9509
1885.05	28.8805
1885.94	-207.434
1887.06	28.9162
1888.03	28.8815
1888.91	28.904
1890.08	28.9446
1890.95	28.892
1892.09	28.937
1893.1	28.9074
1894.03	-207.467
1895.08	28.9389
1896.09	28.9322
1896.99	28.8841
1898.03	28.9089
1898.94	28.9612
1900.05	-207.408
1901.06	28.8655
1901.98	28.8855
1903.08	-207.392
1903.92	28.9786
1906.01	28.9341
1907.01	29.0503
1907.97	28.9591
1909.1	28.9905
1910.05	29.067
1911.08	28.908
1912.12	28.8593
1912.93	28.9355
1914.04	28.8768
1915.02	28.9384
1916	28.8536
1917.08	-207.521
1918.04	28.8962
1919.14	-207.446
1920.04	-207.489
1920.99	28.9057
1922.06	28.886
1923.02	28.9617
1923.92	28.9212
1925.02	-207.656
1926	28.9465
1927.08	28.921
1928.08	28.9172
1928.99	-207.532
1930.09	28.903
1931.03	-207.479
1931.92	-207.436
1933.13	-207.459
1934.01	28.9491
1935.02	28.8628
1936.08	28.9017
1937.03	28.8362
1938.1	28.9071
1939.06	28.8693
1939.91	-207.451
1941.06	28.8533
1942.04	28.9773
1942.98	28.8967
1944.06	-207.483
1944.96	28.8666
1946.1	-207.452
1947.06	28.9323
1948.07	28.8362
1949.09	28.9041
1949.95	28.9271
1950.98	-207.41
1952.22	28.9362
1953.03	-207.466
1953.87	-207.47
1954.97	28.936
1955.94	28.9001
1957.09	28.8997
1957.96	-207.464
1958.95	28.9767
1960.02	-207.489
1961.03	28.8983
1961.88	28.9326
1963.07	28.8767
1964.07	-207.645
1965.12	28.8714
1966.1	28.926
1966.96	28.8948
1968.05	-207.54
1969.07	-207.466
1969.91	28.9182
1971.1	28.8821
1971.98	28.8616
1972.94	28.91
1974.08	28.9162
1975.05	-207.434
1976.11	28.8474
1976.97	28.9978
1978.02	28.8557
1979.14	28.8543
1980.03	28.9763
1980.99	-207.621
1982.05	28.8846
1983	-207.515
1984.1	28.8333
1984.97	28.9143
1985.98	29.0149
1987.05	28.8725
1988.01	28.842
1988.96	28.9358
1990.1	28.8734
1991.04	28.8363
1991.97	28.9028
1993.12	28.8074
1994	28.8836
1995.15	-207.589
1996.03	28.8362
1996.94	28.77
1998.06	28.8858
1998.93	28.9191
1999.9	28.8836
2001	28.9135
2002.02	28.8447
2003.09	29.008
2004.03	28.9792
2005.08	28.8125
2006.04	28.8076
2007.02	28.9021
2007.98	28.8862
2009.07	28.8408
2010	28.8178
2010.89	28.9826
2012.06	28.856
2013.03	28.8315
2014.08	152.534
2015.05	28.9166
2015.98	29.024
2017.1	28.9862
2018.03	28.9291
2018.84	28.9112
2020.15	152.403
2020.96	28.8735
2022.14	152.342
2023.07	28.9979
2023.92	28.9207
2025.08	28.8855
2026.04	28.8499
2027.05	28.9479
2028	28.9438
2029	28.8533
2029.88	28.9032
2031.04	28.9413
2031.98	152.578
2033.03	28.8789
2034.05	28.8058
2035	28.9149
2036.17	28.8549
2037.01	28.8403
2037.9	28.7994
2039.06	28.8356
2040.02	28.9321
2041.1	152.501
2042.06	28.8488
2043.02	28.9012
2044.05	28.8484
2045.04	152.467
2045.98	152.426
2047.08	28.7898
2048.03	152.452
2048.9	28.9131
2050.06	152.494
2050.99	152.457
2052.13	152.461
2053	152.54
2053.95	28.8274
2055.16	28.8473
2056.04	152.471
2057	28.96
2058.05	152.509
2059	28.8849
2060.09	28.846
2060.98	28.8753
2061.95	152.346
2063.1	28.9746
2064.05	28.8596
2064.89	28.9141
2066.09	28.8558
2066.96	152.503
2067.94	28.9238
2069.03	152.441
2069.93	28.8309
2071.09	28.9037
2072	28.9393
2073.01	28.7796
2074.03	28.8968
2074.97	152.482
2075.91	28.8572
2077.05	28.7539
2077.91	152.444
2079.09	28.8089
2080.11	28.7633
2081.04	28.8748
2082.09	152.435
2083.07	152.404
2083.95	28.8521
2085.08	28.8851
2085.95	28.7624
2086.99	28.8585
2087.99	28.9475
2089.06	28.8343
2090.1	28.798
2090.98	28.8249
2091.97	152.523
2093.08	28.8332
2093.99	28.8221
2094.98	28.762
2096.09	28.8051
2096.97	28.8524
2098.98	28.9213
2099.94	28.8763
2101.1	28.7828
2102.05	28.7748
2102.91	28.8619
2104.04	28.9367
2105.01	28.7917
2106.08	28.9568
2107	28.7991
2107.93	28.8253
2109.07	152.454
2110.05	28.8828
2111	28.7693
2112.06	152.474
2113.09	28.7825
2113.9	28.7624
2115.08	28.7466
2115.96	28.8681
2117.11	28.9376
2118.01	28.8749
2118.96	28.8132
2120.07	28.7439
2121.06	28.832
2121.93	28.8425
2123.14	28.7738
2124.01	28.8928
2125.04	152.415
2126.07	28.7708
2126.95	152.421
2128.06	28.8282
2129.05	28.8007
2129.95	28.7646
2131.08	152.432
2132.04	28.785
2132.92	28.8177
2134.09	152.423
2135	28.7801
2136.14	28.7571
2137.05	28.9105
2138.02	28.7415
2139.04	28.8374
2140.05	28.7653
2140.94	28.7821
2142.08	28.7276
2143.01	152.332
2144.16	28.8962
2145.04	28.7381
2145.94	152.456
2147.08	28.7675
2148.05	28.7957
2148.93	28.8308
2150.06	28.7814
2151.04	28.7951
2151.94	28.6962
2153.09	28.6942
2153.96	28.8007
2155.13	28.7945
2156.06	28.7322
2157.02	28.7169
2158.13	152.364
2159.03	28.7449
2159.93	152.374
2161.09	152.337
2162	28.89
2163.06	28.7232
2164.02	28.7738
2164.94	152.395
2166.08	152.276
2166.96	28.8776
2168.04	28.8095
2169.1	152.486
2170.01	28.7776
2170.98	28.7931
2172.05	28.7405
2172.94	28.9005
2174.11	28.7426
2175.03	28.6789
2175.98	152.329
2177.12	28.6657
2177.97	28.6922
2178.92	28.8425
2180.14	152.334
2180.93	28.735
2182.12	152.228
2183.11	28.6957
2183.93	152.384
2185.13	28.8711
2186.04	28.7298
2186.9	28.7277
2188.06	28.7102
2189	28.7183
2189.9	28.7253
2190.98	28.7065
2191.98	28.7661
2193.1	28.7067
2194.01	152.411
2194.97	28.5976
2196.12	28.7486
2197.08	28.6832
2197.97	28.6955
2199.03	28.8233
2199.99	28.6688
2201.1	28.7083
2201.97	28.6927
2202.95	152.274
2204.07	28.7235
2205.05	28.6393
2205.94	28.6782
2207.07	28.7404
2207.96	28.6517
2208.9	28.757
2210.08	28.667
2210.98	28.707
2212.09	152.279
2213.09	28.679
2213.98	28.5842
2215.1	28.7178
2216	28.7104
2216.96	28.8239
2218.1	28.6108
2218.93	28.7134
2220.15	28.6371
2221.07	28.7259
2221.95	28.8066
2223.07	28.692
2224	28.6055
2224.93	28.5916
2226.1	28.7936
2227	28.7898
2227.94	28.7658
2229.08	28.6472
2229.98	28.6685
2231.05	28.6965
2232.04	28.7208
2232.94	28.7363
2234.13	28.6499
2234.98	28.7094
2235.98	28.6123
2237.07	28.6994
2238.03	28.6614
2239.08	152.321
2240.04	28.6132
2240.91	28.7969
2242.09	28.7251
2242.98	28.8082
2244	28.6473
2245.05	28.5873
2246.03	28.6639
2246.91	28.6725
2248.02	28.6374
2249.01	28.6408
2250.1	28.663
2251.1	28.6967
2251.94	28.6345
2253.05	28.7107
2254.02	28.6864
2254.86	28.7115
2255.99	28.6865
2257	28.7112
2258.09	152.244
2258.99	28.6204
2259.94	28.5874
2261.12	28.596
2262.05	28.6319
2262.94	152.168
2264.13	28.6706
2265.03	28.6241
2265.89	28.6129
2267.11	28.6852
2267.93	28.6047
2269.12	152.095
2270.01	28.6846
2270.99	28.6602
2272.01	152.237
2273.01	28.5863
2273.98	28.6496
2275.08	28.5647
2275.99	28.6052
2277.08	152.223
2278.06	152.187
2279.02	28.6529
2280.05	28.5779
2281.02	28.554
2281.93	28.707
2283.14	28.5547
2283.97	28.5747
2285.12	152.229
2286.05	152.202
2286.94	28.6439
2288.08	28.5856
2289.06	152.183
2289.96	28.6304
2291.09	28.5211
2292.09	28.5287
2293	28.5368
2294.06	28.5172
2294.99	28.5527
2296.15	28.5192
2297.05	152.136
2297.96	152.172
2300.02	28.5386
2300.97	28.4916
2302.12	28.5639
2302.97	28.5291
2304.14	28.468
2305	28.5097
2305.97	28.5338
2307.09	152.137
2308.04	28.451
2308.93	28.5892
2310.06	28.5747
2310.91	28.5836
2311.94	28.5542
2313.08	28.5591
2314	28.5436
2315.13	28.487
2316.06	152.176
2316.93	152.228
2318.11	28.6469
2318.98	28.6476
2319.95	151.981
2321.06	28.5033
2322.02	28.3951
2323.09	152.197
2324.03	28.6363
2325.04	152.117
2326.12	28.4348
2327.93	28.4751
2329.06	28.4694
2330.04	28.4607
2330.94	28.5111
2332.07	28.4229
2332.94	28.5522
2334.15	28.5768
2335.02	28.6055
2335.97	28.4558
2337.1	152.09
2337.98	28.4032
2338.97	28.4273
2340.05	28.5841
2340.99	28.4518
2342.08	28.4088
2343.02	28.429
2344.01	152.054
2345.09	28.4361
2345.98	28.41
2346.94	28.4712
2348.09	152.029
2349.01	28.4388
2349.95	28.3974
2351.09	152.047
2353.14	28.4094
2354.01	152.071
2354.99	152.068
2356.09	151.907
2357.03	28.5415
2357.94	152.045
2359	28.4957
2359.97	28.5078
2361.11	28.4506
2362.02	152.142
2363	28.3313
2364.06	28.482
2365.06	28.4267
2365.96	152.063
2367.08	28.3323
2367.99	28.3659
2368.93	28.3451
2370.01	28.549
2371.01	28.426
2372.12	28.3526
2373.01	28.3386
2374	28.3941
2375.03	28.4443
2376.01	28.2989
2376.99	28.3853
2378.04	28.4424
2379	28.4607
2380.2	28.39
2381.06	28.3053
2381.97	28.3334
2383.09	28.3554
2384.03	28.3163
2384.98	28.3451
2386.09	28.3647
2386.96	28.3838
2387.96	28.3296
2389.07	151.893
2390.03	28.2672
2391.13	28.3244
2392.06	28.2719
2393.02	28.2654
2394.06	28.297
2395.02	28.4001
2395.85	28.3352
2397.05	28.3202
2397.99	28.2625
2399.05	28.2926
2400.07	151.927
2400.96	28.2912
2402.04	151.926
2403.04	28.3072
2404	28.4193
2405.1	28.2325
2405.99	28.25
2406.92	151.968
2408.05	28.3156
2408.98	28.2494
2410.14	28.2411
2411.01	28.3151
2411.96	28.268
2413.07	28.2785
2414	28.196
2414.9	28.2628
2416.07	151.897
2416.98	28.2025
2418.15	151.916
2419.03	28.2046
2420.05	28.3086
2421.12	28.2302
2422.04	28.357
2422.9	28.2274
2424.11	28.2487
2424.99	28.1983
2425.88	28.2722
2427.05	28.326
2427.94	28.2086
2429.07	28.2352
2430.04	28.1861
2430.97	28.1983
2432.08	28.3058
2432.98	28.158
2433.91	28.1647
2435.06	28.1659
2436.02	151.831
2437.08	28.2738
2438	28.1969
2438.98	28.1182
2440.1	28.1404
2441.01	28.2385
2441.94	28.2194
2443.07	28.1616
2443.96	-208.215
2444.93	28.0856
2446.05	28.125
2447.04	-208.234
2448.16	28.2006
2448.97	28.1603
2450	28.1125
2451.04	28.2718
2452.07	28.1907
2452.94	28.0866
2454.06	28.1065
2454.98	28.0752
2456.05	28.096
2457.06	-208.412
2458.02	-208.296
2459.08	28.0017
2459.99	28.1716
2460.99	28.1933
2462.03	27.9964
2463.02	28.0611
2463.97	28.0587
2465.07	28.1882
2465.96	28.1163
2467.08	28.0455
2468.01	28.1835
2468.96	28.0254
2470.04	28.1398
2471	28.0435
2471.93	28.1415
2473.1	28.0308
2473.99	28.1103
2475.14	28.031
2476.04	28.0315
2476.98	27.9686
2478.15	28.0001
2479	-208.404
2479.9	27.9578
2481.05	28.0179
2481.98	28.1047
2483.09	27.9968
2484.1	28.0789
2484.99	27.951
2486.13	27.9758
2487.03	28.0271
2487.93	28.0612
2489.13	28.0468
2490.01	27.9702
2490.97	27.9135
2492.13	-208.414
2492.93	28.059
2494.13	27.8774
2494.99	27.9693
2495.93	27.9319
2497.1	27.8814
2498.99	27.8339
2500.03	28.006
2500.99	28.0277
2502.12	27.8405
2503.03	27.871
2503.95	27.8197
2505.07	27.9501
2506	27.8063
2507	27.8341
2508.05	-208.51
2508.99	27.8973
2509.97	27.9119
2510.98	27.8945
2512.02	27.8244
2513.1	27.8762
2514.04	27.8492
2514.96	27.8386
2516.1	27.9932
2517.02	27.8047
2517.93	27.9506
2519.03	-208.551
2519.95	27.8726
2521.06	27.8105
2522.05	27.8086
2522.95	-208.551
2524.08	27.7925
2525.04	27.7268
2525.95	27.7869
2527.01	27.7959
2527.95	27.8039
2528.95	27.7788
2530.05	-208.642
2530.95	27.751
2532.09	-208.634
2533.01	27.7391
2533.97	27.6908
2535.03	27.9246
2536	27.7227
2537	-208.799
2538.05	27.7086
2538.94	27.7747
2540.08	27.7292
2540.98	27.6873
2541.96	27.65
2543.17	27.6849
2544.03	27.7397
2544.95	27.7274
2546.08	-208.828
2546.93	27.734
2547.94	27.6999
2549.07	27.5953
2549.96	27.8081
2551.15	27.6745
2552.07	27.6199
2552.96	27.5785
2554.06	27.5671
2554.97	27.5792
2555.91	27.5952
2557.05	27.684
2557.96	27.6877
2559.09	27.5627
2560.04	27.7357
2560.94	27.5493
2562.1	27.6805
2563.1	-208.863
2563.93	27.5504
2565.12	27.6055
2566.06	27.602
2566.96	27.5217
2568.14	27.4404
2569.01	27.597
2569.96	27.5932
2571.02	27.6457
2571.99	27.5608
2573.07	27.5585
2574	-208.939
2574.9	-208.892
2576.05	27.5183
2576.99	27.4767
2578.09	27.5402
2579.03	27.5067
2579.93	27.562
2581.13	-208.925
2582.07	27.4983
2582.96	27.4109
2584.05	27.53
2585.01	27.4097
2585.94	27.5594
2587.07	27.4115
2587.98	27.3925
2589.07	27.3799
2590.07	27.321
2590.97	27.2837
2592.04	27.2879
2593.04	27.3268
2593.95	27.2874
2595.11	27.2327
2596	27.2819
2597.14	27.4209
2598.02	27.4435
2598.97	27.2086
2600.13	27.3786
2601.07	27.288
2601.97	27.3663
2603.07	27.3192
2604.01	27.2988
2604.98	27.2732
2606.08	27.2128
2606.96	27.2596
2608.08	27.299
2609.04	27.1698
2609.98	27.1957
2611.04	27.2918
2611.95	27.1631
2612.95	27.225
2614.08	27.1989
2615.03	27.1618
2616.1	27.1426
2617.04	27.1322
2618.01	27.1068
2619.11	27.3009
2620.06	27.0982
2620.88	27.2032
2622.13	27.1975
2622.96	27.2309
2623.95	26.9975
2625.02	27.086
2626.02	26.9841
2627.08	-209.329
2628.08	27.0693
2628.9	27.0099
2630.07	27.0533
2630.96	27.0066
2631.87	26.968
2633.12	27.0742
2633.97	27.1385
2635.1	27.0189
2636.08	26.8934
2636.92	-209.457
2638.02	26.9904
2639	-209.562
2640	26.9226
2641.07	26.9042
2641.99	26.8919
2642.99	26.8056
2644.08	26.9028
2644.95	26.8529
2646.11	26.845
2647.06	26.8973
2647.89	26.8567
2649.15	26.8075
2650.1	26.7239
2650.97	26.8586
2652.15	26.7662
2652.99	-209.564
2654.09	26.7959
2654.98	26.8542
2655.89	26.9527
2657.07	26.8718
2658.01	26.7785
2659.02	-209.647
2659.98	26.7779
2661.02	26.6629
2662.16	26.7429
2663.09	-209.948
2664.07	26.6066
2665.19	26.6073
2665.97	26.5901
2666.95	26.6456
2668.11	26.5711
2669.07	26.579
2669.99	150.236
2671.1	150.183
2672	150.196
2673.01	26.6085
2673.99	26.6511
2675.02	26.5087
2676.09	26.4558
2677	26.5468
2678	26.4513
2679.12	26.4495
2680.08	26.5236
2681.3	26.3856
2682.15	26.3385
2683.01	26.4227
2684.15	26.3899
2685.03	150.042
2685.99	26.3707
2687.17	26.3706
2687.99	26.3728
2688.96	149.934
2690.07	26.3346
2691.06	26.282
2692.07	26.3016
2693.04	26.2712
2694.05	26.3083
2695.13	26.2278
2696.98	26.265
2698.08	26.1338
2699.01	26.2519
2700.06	26.2538
2701.13	149.7
2702	26.1324
2703.13	26.1956
2704.05	26.2279
2704.93	26.1831
2706.1	26.0621
2707.06	26.013
2708.03	26.025
2709.11	26.0555
2710.04	26.0915
2711.09	25.955
2711.98	26.0451
2712.99	25.9812
2714.14	25.9313
2714.93	25.9718
2715.96	25.851
2717.15	149.441
2718.08	25.8806
2719.12	25.8536
2720.05	25.8101
2720.98	25.7557
2722.06	25.829
2723.1	25.8093
2724.01	25.7607
2725.09	25.7248
2726.08	25.6713
2726.97	149.178
2728.07	25.658
2729.05	149.147
2730.17	149.076
2731.15	25.5787
2732.04	25.5916
2733.08	25.6918
2734.06	25.5417
2734.95	25.51
2736.08	25.4472
2737.11	25.3955
2738.17	25.3854
2739.11	25.423
2739.98	25.4787
2741.14	25.4801
2742.17	25.4853
2743.02	148.849
2744.19	25.2831
2745.09	148.934
2746.04	25.2487
2747.14	25.1844
2748.05	25.3271
2749.13	148.77
2750.11	25.0831
2751.01	25.2304
2752.21	25.0313
2753.08	25.0114
2753.98	25.1656
2755.13	148.673
2756.03	25.049
2757.13	24.9849
2758.1	24.9584
2759.01	24.9554
2760.17	24.8538
2761.05	24.9524
2762.07	24.8969
2763.16	24.7816
2764.08	24.7669
2765.03	24.7513
2766.17	148.184
2767.06	24.7421
2768.2	24.6928
2769.18	24.6393
2770.14	24.635
2771.11	24.5342
2772.16	24.4769
2773	24.4885
2774.12	24.5621
2775.08	24.4296
2776.14	148.089
2777.1	24.3723
2778.08	24.3393
2779.13	24.2885
2780.11	24.2823
2781.12	24.1945
2782.2	24.2385
2783.07	147.662
2784.07	24.0906
2785.19	147.606
2786.17	24.04
2787.17	24.0391
2788.23	24.0082
2789.03	24.0754
2790.17	24.0138
2791.17	23.8368
2792.09	23.7833
2793.17	23.7853
2794.15	23.7855
2795.23	23.6482
2796.16	23.6542
2797.18	23.5675
2798.23	23.5553
2799.21	23.6511
2800.05	23.516
2801.25	23.4243
2802.1	23.4459
2803.11	23.4066
2804.22	23.2737
2805.11	23.3404
2806.26	146.716
2807.2	23.1352
2808.2	23.0918
2809.2	23.1186
2810.13	23.0283
2811.15	22.9792
2812.21	22.9249
2813.14	22.9
2814.3	22.7971
2815.26	146.331
2816.15	22.7004
2817.29	22.6491
2818.25	22.5539
2819.14	22.5513
2820.26	146.069
2821.19	22.3837
2822.12	22.3341
2823.22	22.3237
2824.17	22.2407
2825.31	145.722
2826.18	22.0911
2827.21	22.0569
2828.23	22.0179
2829.24	21.8792
2830.19	21.8437
2831.25	21.8455
2832.19	145.332
2833.36	21.6132
2834.27	21.5333
2835.18	21.4735
2836.29	21.3526
2837.31	21.2022
2838.17	144.879
2839.28	21.0683
2840.28	144.533
2841.4	20.9314
2842.35	20.864
2843.24	20.6467
2844.36	20.6848
2845.32	20.6043
2846.22	20.5177
2847.35	144.035
2848.29	20.1964
2849.22	20.2283
2850.31	20.0909
2851.29	19.9789
2852.46	19.8203
2853.42	143.464
2854.25	19.6764
2855.46	19.5586
2856.34	19.4667
2857.33	19.3192
2858.37	19.1618
2859.3	19.0366
2861.42	18.8823
2862.33	18.7085
2863.45	18.6814
2864.38	142.117
2865.35	18.3629
2866.53	18.1745
2867.44	18.0147
2868.33	17.9698
2869.49	17.7682
2870.41	17.6589
2871.47	141.082
2872.45	17.456
2873.42	17.2812
2874.54	17.1684
2875.53	17.0329
2876.37	16.9872
2877.53	16.9085
2878.49	16.8188
2879.57	16.8045
2880.45	16.775
2881.49	16.6847
2882.54	16.7254
2883.54	16.6461
2884.46	16.8067
2885.5	16.9492
2886.49	140.599
2887.34	17.0774
2888.5	17.2099
2889.47	17.3564
2890.52	17.5194
2891.6	17.8337
2892.38	18.1537
2893.5	18.4458
2894.44	18.7387
2895.27	19.0538
2896.48	19.3876
2897.35	19.7826
2898.38	20.2375
2899.38	20.635
2900.35	21.0175
2901.32	21.6911
2902.17	22.0018
2903.21	22.5013
2904.16	23.1414
2905.11	23.5958
2905.98	24.0914
2907.13	24.67
2908.03	25.1728
2909.19	25.8159
2910.04	26.2962
2910.89	26.8951
2911.98	27.4592
2912.94	27.8442
2913.83	28.4739
2914.92	29.0491
2915.71	29.5282
2916.9	30.0428
2917.91	30.5067
2918.68	31.0018
2919.74	31.5059
2920.69	31.9379
2921.59	32.3916
2922.6	33.0232
2923.55	33.3474
2924.45	33.7401
2925.59	34.2969
2926.45	34.6953
2927.62	158.825
2928.42	35.5717
2929.32	35.959
2930.45	36.421
2931.32	36.631
2932.37	36.9867
2933.39	37.405
2934.34	37.6581
2935.48	38.0648
2936.35	38.384
2937.34	38.6374
2938.4	38.963
2939.35	162.944
2940.26	39.5653
2941.38	39.8776
2942.23	163.759
2943.18	40.4002
2944.32	40.5416
2945.18	40.8189
2946.27	40.9547
2948.22	41.4998
2949.29	41.5569
2950.22	41.8893
2951.15	41.9594
2952.26	42.2319
2953.21	42.3677
2954.32	42.5131
2955.23	166.388
2956.16	42.8606
2957.31	42.9783
2958.23	43.0962
2959.18	166.873
2960.29	43.3977
2961.11	43.4641
2962.17	43.5399
2963.2	43.6152
2964.13	43.7854
2965.29	43.799
2966.22	43.9062
2967.21	44.0024
2968.24	44.2027
2969.17	44.1863
2970.16	44.1894
2971.25	44.366
2972.11	44.4627
2973.35	44.3613
2974.19	44.4257
2975.12	44.5754
2976.27	44.6056
2977.26	44.5401
2978.18	44.7458
2979.34	44.6725
2980.2	44.7649
2981.16	44.7245
2982.29	44.8306
2983.2	44.8722
2984.33	44.857
2985.25	44.8541
2986.21	44.9267
2987.36	168.621
2988.21	45.003
2989.15	45.0326
2990.23	44.8983
2991.22	44.9716
2992.39	44.8255
2993.35	44.9359
2994.23	45.001
2995.37	44.899
2996.31	168.622
2997.21	44.9942
2998.34	44.8836
2999.32	44.8055
3000.14	44.9898
3001.32	44.927
3002.32	44.9473
3003.34	44.8981
3004.31	168.489
3005.26	44.7237
3006.41	44.7174
3007.25	44.8465
3008.28	44.8018
3009.37	44.6318
3010.31	168.308
3011.46	168.334
3012.41	44.7356
3013.26	44.6857
3014.34	44.6931
3015.37	44.5425
3016.3	168.134
3017.45	44.5931
3018.36	44.5287
3019.38	44.5198
3020.37	44.4844
3021.35	44.5536
3022.46	168.131
3023.41	44.2612
3024.35	44.3376
3025.41	44.3996
3026.31	44.2869
3027.28	44.3563
3028.42	44.2122
3029.29	44.2425
3030.46	44.0328
3031.37	44.0772
3032.37	44.1047
3033.49	44.012
3034.45	44.004
3035.29	43.9011
3036.47	43.8447
3037.31	43.9476
3038.58	43.7401
3039.38	43.7839
3040.42	43.7405
3041.5	43.632
3042.44	43.7325
3043.42	167.216
3044.51	43.5943
3045.44	43.6426
3046.38	43.4696
3047.51	43.4027
3048.37	43.3494
3049.57	43.3364
3050.52	43.2638
3051.37	43.3139
3052.55	43.2801
3053.47	43.1314
3054.42	43.1588
3055.51	43.1011
3056.5	43.0487
3057.61	43.0089
3058.51	42.9348
3059.46	-193.465
3060.57	42.9397
3061.49	-193.618
3062.47	42.8747
3063.55	42.7095
3064.51	-193.606
3065.45	42.7105
3066.55	42.6048
3067.5	42.6171
3068.59	42.535
3069.6	42.4296
3070.46	42.5431
3071.58	42.4627
3072.49	42.4056
3073.47	42.4354
3074.63	42.2969
3075.52	42.1789
3076.68	42.061
3077.51	42.0325
3078.52	42.1525
3079.64	-194.39
3080.6	-194.37
3081.49	-194.463
3082.59	42.0045
3084.48	41.826
3085.63	41.8157
3086.57	41.7033
3087.68	41.7209
3088.67	41.7051
3089.53	41.609
3090.66	41.5837
3091.6	41.6388
3092.57	41.6309
3093.62	41.5268
3094.57	41.4788
3095.67	41.3384
3096.64	41.4216
3097.53	41.2655
3098.67	41.3486
3099.66	41.357
3100.48	41.2845
3101.64	41.2509
3102.57	41.12
3103.55	41.0585
3104.68	41.094
3105.62	-195.333
3106.7	40.9305
3107.63	41.0642
3109.69	40.8303
3110.64	40.8799
3111.61	40.8601
3112.68	40.8311
3113.67	40.7852
3114.7	40.7722
3115.63	40.6993
3116.59	40.7091
3117.75	40.5648
3118.67	40.5287
3119.53	40.5987
3120.69	40.5905
3121.62	40.4697
3122.58	40.4471
3123.74	40.4139
3124.66	40.3771
3125.74	40.273
3126.64	40.3391
3127.69	40.3234
3128.75	40.154
3129.64	40.2658
3130.62	40.1315
3131.68	40.1258
3132.61	40.0606
3133.76	40.0629
3134.7	40.0972
3135.63	39.8621
3136.78	40.0026
3137.7	39.9023
3138.65	39.9223
3139.74	39.771
3140.72	39.7784
3141.63	39.8224
3142.75	39.817
3143.69	39.7246
3144.78	39.5878
3145.71	39.6334
3146.63	-196.766
3147.79	39.5856
3148.73	39.5069
3149.64	39.5418
3150.71	39.3855
3151.69	39.4552
3152.76	39.4134
3153.75	39.394
3154.67	39.4202
3155.78	39.3763
3156.78	39.3453
3157.7	39.3011
3158.73	39.2606
3159.73	-197.263
3160.66	39.1702
3161.78	39.0629
3162.66	39.1358
3163.83	39.0832
3164.78	39.1037
3165.73	39.0417
3166.88	-197.234
3167.75	39.0897
3168.63	38.936
3169.73	38.8825
3170.73	38.9175
3171.84	38.8647
3172.74	38.8753
3173.73	38.7499
3174.8	38.8004
3175.68	38.8191
3176.71	38.6306
3177.84	38.7633
3178.78	38.6956
3179.7	38.7109
3180.79	38.6385
3181.76	-197.749
3182.91	38.5977
3183.84	-197.851
3184.74	38.4204
3185.83	38.5454
3186.79	38.4423
3187.69	38.436
3188.78	38.5059
3189.75	38.3047
3190.89	38.3621
3191.86	38.3099
3192.69	38.3168
3193.92	38.3082
3194.73	38.3483
3195.75	-198.168
3196.86	38.301
3197.82	38.2528
3198.93	38.2331
3200.79	38.1594
3201.87	38.0826
3202.75	38.0913
3203.78	38.1242
3204.88	38.1109
3205.82	38.0551
3206.76	38.0681
3207.83	37.9799
3208.78	38.0244
3209.96	37.956
3210.75	38.081
3211.76	37.9304
3212.83	37.9761
3213.82	37.922
3214.73	37.914
3215.83	37.7674
3216.8	37.8919
3217.92	37.7553
3218.85	37.6735
3219.78	37.8286
3220.98	37.6657
3221.83	37.5531
3222.81	37.6227
3223.9	37.7044
3224.84	37.8135
3225.79	37.5297
3226.89	37.581
3227.81	37.4345
3228.95	37.5308
3229.9	37.453
3230.88	37.5148
3231.94	37.5513
3232.86	37.5191
3233.83	37.5055
3234.89	37.421
3235.82	37.4009
3236.92	37.5045
3237.97	37.3881
3238.78	37.2936
3239.99	37.3206
3240.85	37.4107
3241.88	37.2177
3242.98	37.3022
3243.77	37.3712
3244.81	37.3223
3245.97	37.209
3246.81	37.3124
3247.95	37.1952
3248.94	37.2098
3249.8	37.2335
3250.93	37.0622
3251.88	37.1002
3252.85	37.1311
3253.88	37.1786
3254.87	37.0879
3256.02	-199.319
3256.9	37.0943
3257.84	37.1224
3259.01	37.0056
3259.95	-199.368
3260.79	37.1062
3261.98	37.0939
3262.92	37.0313
3263.82	36.9978
3264.95	36.9792
3265.86	-199.478
3267.02	36.9587
3267.96	36.9124
3268.92	36.9399
3269.97	36.9241
3270.9	36.9211
3271.88	36.7436
3272.96	36.7221
3273.85	36.8696
3274.97	36.7857
3275.92	36.7988
3276.92	36.8536
3278.05	36.8363
3278.99	-199.833
3279.87	36.7933
3281.01	36.7516
3281.93	36.6358
3282.81	36.7678
3283.95	36.5898
3284.91	36.6444
3285.95	36.6826
3287.01	-199.759
3287.83	36.5554
3288.97	36.6448
3290.02	36.6216
3290.89	36.495
3291.98	36.6548
3292.9	36.5687
3294.01	36.4996
3294.92	36.4709
3295.85	36.5321
3296.99	36.5321
3297.96	36.4668
3298.81	36.4429
3299.97	-200.043
3300.91	36.4567
3301.86	36.3447
3302.9	36.5026
3303.97	36.3509
3305	36.324
3306.05	36.4287
3306.89	36.4418
3308.03	36.3061
3308.96	36.4437
3309.84	36.3399
3310.92	36.3171
3311.92	36.2584
3313	36.3363
3313.98	36.3411
3314.98	36.1556
3316.1	36.2981
3317	36.2456
3317.89	-200.047
3319.05	36.247
3319.96	36.2309
3320.88	36.196
3322.02	36.1934
3322.94	36.1905
3324.06	36.1908
3324.98	36.1929
3325.94	36.1809
3327.12	-200.229
3327.97	36.0942
3328.95	36.0957
3330.06	35.9646
3330.89	36.0252
3332.06	35.9787
3332.98	36.0512
3334.01	36.0172
3335.15	36.1104
3336.07	36.0004
3336.98	36.0023
3337.91	36.0808
3338.9	36.086
3339.89	36.024
3341.04	36.0373
3342.05	35.9687
3343.1	36.0978
3344	36.0666
3344.95	36.0154
3346	35.9711
3346.93	35.9872
3347.99	35.8701
3348.98	35.9872
3349.99	35.9858
3351.13	35.8723
3351.99	35.8972
3352.98	35.9604
3354.09	35.8724
3354.98	35.7633
3355.93	35.8392
3357.07	35.8408
3358	35.7502
3358.88	35.8395
3360.07	159.326
3360.86	35.8307
3362	35.8435
3363.04	159.406
3363.95	35.8704
3365.05	35.7171
3366.03	35.8454
3367	35.7377
3368.06	35.8167
3368.93	35.7803
3370.07	35.7484
3371.02	35.7569
3371.95	35.6633
3373.1	35.7728
3374.03	35.6776
3374.94	35.712
3376.07	159.315
3377.05	35.6104
3377.9	35.6556
3379.01	35.5981
3379.98	159.147
3381.11	35.6393
3382.07	35.4876
3382.98	35.4949
3384.17	35.5664
3385.05	35.5675
3385.99	159.134
3387.12	35.5047
3387.98	159.189
3389.18	35.5471
3390.01	35.635
3390.96	35.5166
3392.07	35.5295
3393.1	35.6214
3393.99	35.6067
3395.1	35.3585
3396	35.4341
3397.12	35.4655
3398.03	35.3708
3398.98	35.5662
3400.08	35.5115
3401	35.4583
3401.98	159.031
3403.08	35.5168
3404.03	35.4538
3404.93	35.3635
3406.06	35.4794
3407.01	35.3988
3408.14	35.342
3409.07	35.4837
3409.97	35.4335
3411.15	35.338
3412.01	35.3971
3412.89	35.404
3414.12	158.982
3415.07	35.3625
3416.17	35.2153
3417.09	35.3698
3417.96	35.4267
3419.05	35.3616
3420.08	35.3202
3421.01	35.3207
3422.09	35.304
3423.09	35.3277
3424.03	35.199
3425.12	35.2332
3425.95	35.2986
3427.14	35.1895
3428.13	35.2376
3428.96	35.2251
3430.12	35.2697
3431.07	35.226
3431.98	35.1989
3433.1	35.2939
3434.07	35.232
3435.17	35.252
3436.12	35.2897
3437.01	35.1221
3438.15	35.0822
3439.02	35.2187
3439.97	35.2529
3441.12	35.1014
3442.05	35.242
3442.92	35.1706
3444.09	34.9675
3445.05	35.1064
3446.09	35.073
3447.11	35.0941
3448.03	35.1602
3449.16	35.059
3450.07	35.135
3451	35.2608
3452.07	35.0804
3453.1	35.1924
3454.28	35.1312
3455.13	35.0918
3456.04	35.1369
3457.14	35.0684
3458.1	35.1005
3459.03	35.0385
3460.13	35.0493
3461.08	35.0251
3462.04	34.9439
3463.12	35.0766
3464.06	35.0329
3465.22	34.9275
3466.13	158.522
3466.99	35.0145
3468.12	35.0048
3469.03	35.104
3469.98	34.8969
3471.18	35.0185
3472.03	35.1165
3473.22	34.8874
3474.12	34.8617
3475.07	34.883
3476.16	34.9502
3477.12	34.8712
3478.03	34.9296
3479.13	34.9901
3480.09	34.9409
3481	34.9415
3482.16	34.969
3483.12	34.8908
3484.23	34.972
3485.06	35.005
3486.05	34.8728
3487.21	158.502
3488	35.0526
3489.03	34.9916
3490.19	34.9898
3491.07	34.9329
3492.2	34.8862
3493.07	34.7771
3493.97	34.8658
3495.15	34.9208
3496.06	34.9358
3497.05	34.903
3498.11	34.8073
3499.08	34.8242
3500	34.9414
3501.15	34.8695
3502.07	34.8572
3503.17	34.8364
3504.14	158.381
3505.05	34.8336
3506.18	34.739
3507.13	34.8818
3508.1	34.8145
3509.15	34.81
3510.06	34.6871
3511.23	34.7637
3512.06	34.8019
3513.15	158.262
3514.2	34.7067
3515.11	34.7854
3516.08	34.8487
3517.14	34.8214
3518.12	34.8061
3519.03	34.5942
3520.09	34.7824
3521.09	34.714
3522.17	34.6586
3523.16	34.7519
3524.06	34.7228
3525.12	34.7129
3526.15	34.6733
3527.05	34.6941
3528.1	34.772
3529.08	34.7094
3530.12	34.776
3531.08	34.7731
3532.04	34.7307
3533.2	34.6802
3534.12	34.6905
3535.05	34.5337
3536.17	34.6791
3537.11	34.6153
3538	34.638
3539.15	34.6276
3540.05	34.7314
3541.14	34.69
3542.07	34.5079
3543.07	34.585
3544.18	34.6157
3545.12	34.6153
3546.05	34.6065
3547.19	34.6267
3548.1	34.6263
3549.2	34.6093
3550.19	34.6502
3551.04	34.7166
3552.21	34.5298
3553.09	34.6693
3554.09	34.5992
3555.13	34.6716
3556.12	34.5426
3557.01	34.6194
3558.13	34.6937
3559.07	34.5841
3560.13	34.5858
3561.13	34.5993
3562.02	34.5412
3563.17	34.5845
3564.06	34.5787
3565.08	34.6273
3566.17	34.475
3567.09	34.5175
3568.22	34.4353
3569.08	34.5558
3570.07	34.4596
3571.18	34.5726
3572.11	34.5868
3573.11	34.5564
3574.18	158.108
3575.05	34.4699
3576.19	34.5715
3577.17	34.5555
3578.05	34.4593
3579.21	34.5641
3580.11	34.5559
3581.07	34.4563
3582.17	34.4921
3583.14	34.4199
3584.05	34.3565
3585.21	34.3236
3586.07	34.4753
3587.22	34.4083
3588.16	34.4885
3589.1	34.4844
3590.19	34.4689
3591.08	34.359
3592.12	34.5097
3593.16	34.5533
3594.08	34.4123
3595.22	34.5552
3596.13	34.4522
3597.11	34.5077
3598.19	34.552
3599.16	34.4866
3600.02	34.4431
3601.15	34.2745
3602.16	34.3969
3603.06	34.3088
3604.19	34.4146
3605.13	34.4479
3606.19	34.3141
3607.14	34.4094
3608.06	34.4709
3609.16	34.4009
3610.12	34.4295
3610.98	34.4044
3612.17	34.3408
3613.09	34.5031
3614.22	34.3496
3615.14	34.4204
3616.09	34.3265
3617.24	34.4474
3618.14	157.92
3619.09	34.3438
3620.18	34.3025
3621.1	34.4909
3622.04	34.3649
3623.18	157.853
3624.11	34.31
3625.23	34.428
3626.15	157.969
3627.09	34.3056
3628.21	34.4306
3629.11	157.863
3630.07	34.3286
3631.22	34.2623
3632.14	34.3501
3633.25	34.3152
3634.12	34.3164
3635.15	34.3565
3636.27	34.2773
3637.13	34.4141
3638.09	34.3576
3639.24	34.3295
3640.15	34.2837
3641.05	34.3111
3642.14	34.3591
3643.12	34.2515
3644.27	34.2759
3645.16	34.3667
3646.08	34.3037
3647.14	34.2853
3648.18	34.3167
3649.1	34.3145
3650.14	34.2757
3651.07	34.2031
3652.21	34.2655
3653.19	34.381
3654.16	34.2342
3655.19	34.3507
3656.09	34.3418
3657.08	34.2
3658.2	34.3141
3659.15	34.2526
3660.02	34.2781
3661.18	34.3206
3662.14	34.1831
3663.24	34.1834
3664.17	34.2005
3665.06	34.2021
3666.2	34.1778
3667.15	34.1508
3667.97	34.2001
3669.23	34.096
3670.09	34.2364
3671.22	34.1734
3672.17	157.759
3673.05	34.2337
3674.23	34.2103
3675.09	34.238
3676.09	34.1571
3677.2	34.2352
3678.03	34.1768
3679.11	34.25
3680.25	34.2908
3681.12	34.1686
3682.22	34.2081
3683.14	34.1118
3684.08	34.1885
3685.2	34.2414
3686.14	34.2559
3687.06	34.2789
3688.19	34.1778
3689.14	34.1874
3690.2	34.1813
3691.11	34.1579
3692.13	34.1881
3693.26	34.2029
3694.11	34.1962
3695.03	34.1917
3696.21	34.1135
3697.13	34.1064
3698.1	34.1181
3699.18	34.0982
3700.1	34.2229
3701.24	34.1213
3702.19	34.1308
3703.09	34.0718
3704.21	34.1777
3705.12	34.0677
3706.03	34.0678
3707.24	34.0164
3708.09	34.117
3709.26	34.1727
3710.11	34.2025
3711.08	34.1206
3712.24	157.633
3713.15	34.0392
3714.11	34.1444
3715.12	34.0354
3716.14	34.063
3717.05	34.1718
3718.16	34.0687
3719.1	33.9442
3720.27	34.0986
3721.15	34.0297
3722.1	34.1
3723.23	34.0656
3724.19	34.0675
3725.02	34.1104
3726.2	34.0768
3727.1	34.1056
3728.25	34.0382
3729.19	34.1546
3730.1	34.0273
3731.25	33.9732
3732.17	34.1598
3733.14	34.0019
3734.16	34.1246
3735.12	34.0071
3736.08	34.1218
3737.22	34.1015
3738.09	34.0231
3739.2	34.0806
3740.09	34.0697
3741.1	34.1134
3742.21	34.0559
3743.16	34.067
3744.04	34.0591
3745.19	34.0414
3746.1	34.1617
3747.25	34.144
3748.17	34.0772
3749.08	34.079
3750.22	34.1442
3751.16	34.072
3752.11	33.9989
3753.2	33.8515
3754.11	33.9939
3755.3	34.0128
3756.21	34.095
3757.08	34.0699
3758.22	34.0284
3759.13	-202.475
3760.04	34.0844
3761.26	33.9941
3762.12	34.1904
3763.05	33.9915
3764.18	34.0513
3765.1	34.0862
3766.23	34.0372
3767.15	34.0908
3768.11	34.0544
3769.15	33.9739
3770.2	33.9236
3771.06	34.1002
3772.2	34.0037
3773.04	-202.35
3774.26	34.0427
3775.18	34.0687
3776.09	33.9957
3777.19	34.0104
3778.16	34.0718
3779.04	34.0896
3780.21	34.0595
3781.14	34.1017
3782.04	34.0839
3783.19	34.0364
3784.14	34.0594
3785.26	34.0257
3786.16	33.981
3787.04	33.9886
3788.21	34.137
3789.1	33.9454
3790.04	33.9128
3791.21	34.006
3792.1	33.9741
3793.23	33.9931
3794.13	33.9888
3795.08	33.9272
3796.22	33.9595
3797.16	34.0099
3798.07	34.021
3799.2	34.0291
3800.08	33.9691
3801.04	33.9021
3802.14	34.0403
3803.1	34.0598
3804.18	33.9754
3805.21	33.9046
3806.06	33.9939
3807.16	33.9604
3808.08	33.998
3809.06	33.9042
3810.18	34.0042
3811.11	33.8162
3812.26	33.9137
3813.19	33.889
3814.09	33.893
3815.21	34.0059
3816.19	34.0211
3817.06	34.0054
3818.23	33.9892
3819.12	34.0382
3820.06	33.9776
3821.13	33.9359
3822.13	33.9834
3823.17	-202.525
3824.16	33.8852
3825.07	33.9339
3826.25	33.8746
3827.11	33.9423
3828	34.0674
3829.19	33.9375
3830.15	33.9022
3831.22	33.9881
3832.13	33.988
3833.05	33.9597
3834.18	33.9488
3835.1	33.9378
3835.98	34.0015
3837.17	33.9827
3838.07	33.9337
3839.02	33.9119
3840.13	34.0111
3841.1	33.9745
3842.17	34.0273
3843.15	33.9169
3844.06	33.7941
3845.18	33.9275
3846.12	33.9214
3847.02	33.9473
3848.15	33.9375
3849.09	33.9757
3850.24	33.8802
3851.22	33.9397
3852.09	33.8925
3853.18	33.7923
3854.06	33.9988
3855.03	33.9626
3856.16	33.9696
3857.13	33.9053
3858.08	33.9476
3859.11	33.8936
3860.07	33.8152
3861.22	33.9511
3862.11	33.9395
3862.99	33.9461
3864.17	33.7839
3865.07	33.8449
3866.03	33.8136
3867.15	33.9808
3868.03	33.8883
3869.22	-202.632
3870.16	33.8222
3871.03	33.8375
3872.25	33.8717
3873.17	33.8885
3874	33.9781
3875.16	33.8894
3876.15	33.9043
3876.98	33.98
3878.12	33.8904
3879.08	33.9122
3880.2	33.9654
3881.1	33.817
3881.99	33.8297
3883.2	33.9037
3884.12	33.8502
3885.07	33.765
3886.13	33.9481
3887.11	33.9217
3888.19	33.9322
3889.09	33.8921
3890.09	33.8862
3891.21	33.8783
3892.09	33.9034
3893.06	33.8855
3894.14	33.7949
3895.09	33.7894
3896.04	33.8871
3897.17	33.8737
3898.13	33.8392
3899.17	33.7714
3900.07	33.8343
3901.05	33.7348
3902.2	33.8415
3903.12	33.7895
3904.05	33.8501
3905.17	33.9418
3906.06	33.8014
3907.23	33.9296
3908.12	33.7962
3909.06	33.8287
3910.12	33.9378
3911.1	33.9309
3912.05	33.8424
3913.15	33.7837
3914.1	33.9429
3915.04	33.8781
3916.1	33.817
3917.1	33.8199
3918.15	33.7214
3919.2	33.9051
3920.01	33.9096
3921.26	33.8668
3922.1	33.6772
3923.02	33.8237
3924.16	33.8324
3925.01	-202.638
3926.19	33.9214
3927.09	-202.513
3928.08	33.8419
3929.15	33.7564
3930.09	33.8159
3930.96	33.832
3932.12	33.8987
3933.02	33.9301
3934.17	33.84
3935.16	33.9034
3936.1	33.8364
3937.18	33.8677
3938.09	33.9418
3938.95	33.9603
3940.12	33.8324
3941.17	33.7824
3942.05	33.9038
3943.14	33.7579
3944.1	33.8879
3945.18	-202.604
3946.17	33.8131
3947.04	33.8875
3948.12	33.8452
3949.09	33.8181
3950.03	34.0369
3951.14	33.7985
3952.02	33.9043
3953.13	33.91
3954.09	33.7868
3954.99	-202.448
3956.11	-202.69
3957.06	33.8954
3958.06	33.761
3959.23	33.8521
3960.08	33.772
3961.02	33.7835
3962.07	33.8708
3963.06	33.8574
3964.2	33.9298
3965.11	33.8002
3967.18	33.8326
3968.08	33.8466
3968.98	33.7751
3970.16	33.812
3970.99	33.8692
3972.26	33.7039
3973.1	33.8168
3974.14	33.7912
3975.12	33.9091
3976.06	33.7492
3976.95	33.8472
3978.08	33.7533
3979.07	33.7907
3980.02	33.8226
3981.14	33.8364
3982.08	33.7996
3983.17	33.9586
3984.06	33.7866
3984.97	33.9634
3986.17	33.661
3987.17	33.8869
3988.09	33.7365
3989.09	33.7609
3989.98	33.8039
3991.2	33.8706
3992.08	33.8896
3992.97	33.787
3994.06	33.8973
3995.01	33.8651
3996.09	33.8321
3997.1	33.6421
3998.09	-202.712
3999.02	33.7711
4000.05	33.767
4001.03	33.7196
4002.11	33.8419
4003.01	33.7453
4003.91	33.7877
4005.1	33.8126
4006.05	33.7848
4006.96	33.8712
4008.02	33.7565
4009.07	33.6315
4010.11	33.8612
4011.09	33.8016
4011.99	33.8608
4013.11	33.7355
4014.07	33.8398
4014.97	33.8192
4016.03	33.8487
4017.02	33.7223
4017.97	33.7398
4019.04	33.6865
4020.03	33.7168
4021.11	33.6896
4022	33.7271
4023.05	33.7975
4024.14	33.8413
4025.11	33.8116
4025.94	33.5999
4027.13	33.737
4028	33.7356
4029.11	33.6678
4030.03	33.7335
4030.93	33.8076
4032.04	33.8475
4033.01	33.8683
4033.96	33.7395
4035.12	33.7791
4036.01	33.6965
4036.89	33.7699
4038.06	33.8129
4038.99	33.8408
4040.2	33.7563
4041.06	33.8699
4041.95	33.6812
4043.03	33.8211
4044.04	33.7889
4045.05	157.309
4046.05	33.7038
4047.06	33.7948
4048.15	33.7648
4049.11	33.7453
4049.95	33.8582
4051.09	33.7803
4052.08	33.7998
4052.98	33.7058
4054.07	33.7241
4055.06	33.8395
4055.93	33.7342
4057.15	33.6903
4057.99	33.7704
4059.06	33.7741
4060.08	33.7605
4060.99	33.7815
4062.05	33.8486
4062.93	33.8016
4064	33.7292
4065.1	33.8335
4066	33.7322
4067.11	33.7119
4068.05	33.8872
4069.04	33.687
4070.12	33.7012
4071.12	33.6257
4071.89	157.291
4073.14	33.7966
4074.02	33.7929
4074.92	33.7539
4076	33.859
4077.02	33.6782
4078.06	33.6945
4079.02	33.7346
4079.89	33.7882
4081.08	33.7681
4082	33.6315
4082.92	33.7795
4084.08	33.565
4084.99	33.8
4086.09	33.833
4087.04	33.7958
4088.01	33.8001
4089.11	33.77
4090.04	33.6638
4090.95	33.8338
4092.03	33.7379
4092.98	33.733
4093.96	33.8045
4095.04	33.7674
4096.02	33.7236
4097.13	33.7224
4098.06	33.663
4098.96	33.8078
4100.07	33.7047
4100.99	33.8431
4101.97	157.304
4103.16	33.7162
4104.06	33.7315
4105.12	33.741
4106.04	33.7613
4107	33.7563
4108.06	33.6203
4109.02	33.7543
4109.99	33.8033
4111.13	33.736
4112.02	33.757
4113.08	33.8875
4114.14	33.773
4115	33.7539
4116.1	157.288
4117.02	33.6839
4117.96	33.8263
4119.08	33.7934
4120	33.8889
4120.92	33.7756
4122.08	33.7812
4123	33.7934
4124.11	33.7038
4125.07	33.6513
4125.97	33.7507
4127.09	33.7836
