Frequency - Phase	Phase - Phase
998.419	131.676
1020.24	152.008
1040.3	152.02
1059.77	28.3784
1079.66	28.3678
1100.48	152.296
1119.79	28.2885
1139.77	28.2542
1159.97	28.1618
1179.98	28.1032
1200.13	-207.293
1220.25	-207.21
1240	27.9167
1260.15	-206.93
1280	-206.837
1299.93	28.0006
1320.09	-206.659
1340.11	28.8426
1359.9	28.9031
1380.08	28.8767
1400.01	28.8746
1420.12	28.9297
1440.02	28.9382
1459.95	152.549
1480.08	28.9412
1499.99	28.9623
1519.91	28.91
1540.08	152.573
1559.94	28.9121
1580.15	152.545
1600.04	28.9164
1619.96	28.9347
1640.1	152.569
1660.02	28.9488
1679.93	28.9478
1700.07	28.9957
1720.02	28.967
1740.09	28.9408
1760.07	28.9773
1780	28.9555
1800.12	28.8807
1820	28.9164
1840.01	28.9208
1860.04	-207.433
1880	28.9067
1900.15	28.9223
1920.03	29.0336
1940	28.9087
1960.01	-207.46
1979.98	28.9131
1999.89	28.9278
2020.13	152.477
2040.04	152.373
2060.08	28.8293
2079.98	28.8335
2099.95	28.8333
2120.04	28.7545
2140.01	28.8762
2159.9	28.7149
2180.16	28.6951
2200.01	28.7975
2220.15	28.6806
2240.13	28.6992
2260	152.247
2280.17	152.205
2300.05	28.6219
2319.94	28.4889
2340.04	28.5363
2359.99	28.5318
2380.14	28.3243
2400.01	28.273
2419.99	28.2465
2440.06	28.1916
2460.06	28.0657
2479.93	27.9883
2500.04	-208.557
2519.96	27.9412
2540.11	27.7041
2560.04	27.6934
2580.01	27.5459
2600.06	-209.08
2620.01	27.0725
2639.95	27.0308
2659.99	26.7547
2680.01	26.4398
2700.16	26.1561
2720.05	25.8144
2740.03	25.4106
2760.15	24.9927
2780.13	24.3191
2800.14	23.6553
2820.34	22.6149
2840.13	21.2411
2860.42	19.2514
2880.37	140.59
2900.44	19.1506
2919.89	29.743
2919.75	154.077
2959.16	42.9815
2979.34	44.4281
2999.3	168.579
3019.45	44.5367
3039.43	43.9879
3059.44	43.1024
3079.68	42.2368
3099.65	41.4085
3119.58	40.629
3139.78	-196.568
3159.69	39.2096
3179.72	-197.643
3199.85	38.2548
3219.8	37.8768
3239.91	37.4123
3259.89	37.1095
3279.82	36.7076
3300.01	36.5547
3319.94	36.2545
3339.84	35.9186
3360.04	35.7524
3380.01	35.6777
3400.15	158.929
3420.07	35.3167
3440	35.2215
3460.2	35.0519
3480.08	34.9565
3500	34.8503
3520.09	34.6447
3540.08	34.6851
3560.17	34.5406
3580.17	34.3358
3600.05	34.4366
3620.16	34.3956
3640.12	34.3143
3660.09	34.2047
3680.15	34.2095
3700.1	34.2347
3720.24	34.0622
3740.11	34.1364
3760.12	34.0105
3780.12	34.0083
3800.06	-202.44
3820	33.938
3840.18	33.8135
3860.17	33.8516
3880.22	33.8856
3900.1	33.7699
3920.02	33.805
3940.23	33.8269
3960.13	33.7598
3980.06	33.8651
4000.1	33.7549
4020.07	157.27
4040.11	33.8208
4059.99	33.807
4079.96	33.8093
4100.15	33.6896
4120.01	33.8137
4139.94	33.708
4160.1	33.611
4180.03	33.7546
4200.06	33.661
4220.02	33.7337
4239.98	33.7061
4260.12	157.254
4280	33.7558
4299.95	33.7348
4320.06	33.755
4340.01	33.586
4360.11	33.635
4380.01	33.6603
4399.99	33.7348
4420.08	33.8455
4440.01	33.7788
4459.96	33.8031
4480.1	33.7278
4500.02	33.7303
4520.1	33.8412
4540.05	33.6789
4559.95	33.7704
4580.1	33.7027
4600.02	33.7597
4619.94	33.7042
4640.07	33.8061
4659.91	33.8337
4680.18	33.7797
4700	33.8236
4720	33.7889
4740.12	33.8915
4760.02	33.7728
4780	33.9101
4800.08	33.8066
4820.04	33.8345
4840.09	33.8961
4860.03	33.8995
4880.07	33.8199
4900.09	33.8918
4920.01	33.9324
4939.97	33.8999
4960.08	33.9293
4979.99	33.9171
5000.09	33.9803
5020.07	33.9468
5040.01	34.032
5060.1	33.9451
5080.02	33.8195
5099.98	34.0091
5120.1	33.9662
5140.02	34.0259
5160.15	34.1093
5180.05	34.0883
5200.07	34.0624
5220.12	34.0388
5240.04	34.1015
5259.96	34.1349
5280.06	34.1023
5300.03	34.1126
5320.11	34.1271
5340.15	34.1333
5360.01	34.157
5380.16	34.1585
5400.08	34.2317
5420	34.2664
5440.08	34.2066
5460.01	34.3295
5480.15	34.3289
5500.09	34.1734
5520	34.2167
5540.15	34.2238
5560.1	34.2371
5580.02	34.3641
5600.13	34.3065
5620.01	34.3907
5640.11	34.3615
5660.1	34.3019
5680.06	34.2538
5700.06	34.4122
5720.05	34.4062
5739.95	34.4525
5760.11	34.427
5780.05	34.5136
5800.12	34.4366
5820.06	34.5741
5840.02	34.5068
5860.09	34.5141
5880.08	34.4836
5900	34.4825
5920.04	34.5408
5940.04	34.586
5960.18	34.6093
5980.09	34.6419
6000	34.6201
6020.11	34.639
6040.03	34.6553
6060	34.7376
6080.1	34.6574
6100.11	34.695
6119.95	34.7649
6140.15	34.8304
6160.02	34.7687
6180.19	34.7001
6200.1	34.8129
6219.99	34.8855
6240.1	34.8817
6259.97	34.7412
6279.99	34.8995
6300.11	34.9726
6320.05	34.809
6340.14	34.8101
6360.06	34.8974
6379.97	34.9174
6400.06	35.0008
6420.04	34.9635
6439.95	34.9893
6460.13	34.9691
6479.97	35.0283
6500.15	35.1199
6520.08	34.9962
6540.04	35.062
6560.09	35.0234
6580.07	35.0323
6599.93	35.1488
6620.1	35.1456
6640.01	35.0678
6660.1	35.2173
6680.02	35.1642
6700.07	35.192
6720.14	35.146
6740.04	35.1068
6759.96	35.3495
6780.11	35.2547
6800.06	35.23
6820.16	35.3492
6840.04	35.3945
6859.98	35.4103
6880.14	35.4498
6900.03	35.4323
6919.96	35.3468
6940.12	35.2317
6960.01	35.3022
6980.17	35.318
7000.09	35.3524
7019.99	35.5398
7040.09	35.4531
7060.04	35.4006
7079.88	35.5461
7100.13	35.4947
7119.99	35.4752
7140.15	35.5187
7160.1	35.497
7180.02	35.5481
7200.16	35.5417
7220.05	35.5365
7239.97	35.562
7260.08	35.7012
7280	35.6028
7300.12	35.5995
7320.11	35.6247
7339.98	35.7842
7360.13	35.6621
7380.03	35.7516
7399.99	35.7739
7420.03	35.7937
7440.02	35.8146
7460.12	35.9262
7480.08	35.9309
7499.99	35.8395
7520.18	35.821
7540.06	35.9567
7559.94	35.9934
7580.05	35.7945
7599.99	35.9564
7620.17	36.0074
7640.05	36.0521
7659.96	36.1131
7680.12	35.8446
7700.1	35.9786
7719.97	36.1653
7740.07	36.0102
7760.1	36.1783
7780.16	36.2011
7800.09	36.054
7820	36.1738
7840.16	36.1627
7860.02	36.2104
7880.01	36.1711
7900.12	36.1768
7919.99	36.245
7940.13	36.2895
7960.06	36.2858
7980.01	36.1603
8000.13	36.1962
8020.15	36.3029
8039.97	36.4201
8060.07	36.3563
8080.01	36.4381
8100.12	36.4991
8120.05	36.4942
8140.01	36.3909
8160.1	36.3082
8180.01	36.4929
8199.98	36.5192
8220.17	36.5688
8240.05	36.5389
8260.1	36.4721
8280.08	36.6613
8300.01	36.5257
8320.09	36.5513
8340.07	36.5791
8359.97	36.6077
8380.06	36.6298
8400.07	36.6511
8420.19	36.6946
8440.07	36.6751
8460	36.5462
8480.1	36.7249
8500.1	36.6615
8520	36.7699
8540.12	36.6651
8560.05	36.8155
8580.13	36.9426
8600.05	36.8791
8619.99	36.8457
8640.16	37.0312
8660.05	36.9761
8680.02	36.8496
8700.15	36.9073
8720.07	36.8849
8740.13	37.0018
8760.08	36.9284
8780.03	37.045
8800.16	37.0933
8820.05	37.0803
8840.01	37.0447
8860.1	37.0663
8880	37.1645
8900.21	36.9926
8920.08	37.1553
8940.05	37.0874
8960.15	37.148
8980.07	37.0845
8999.98	37.2204
9020.16	37.1645
9040	37.2765
9060.14	37.1967
9080.09	37.1872
9100.01	37.3815
9120.18	37.325
9140.06	37.3966
9160.04	37.1554
9180.11	37.3881
9200.08	37.3559
9219.94	37.2331
9240.07	37.4919
9259.93	37.3195
9280.14	37.4941
9300.05	37.4391
9320	37.3877
9340.11	37.3386
9360.11	37.3677
9379.96	37.5434
9400.12	37.5122
9420.03	37.6278
9440.12	37.5355
9460.1	37.7655
9479.99	37.5941
9500.1	37.65
9519.96	37.6698
9539.99	37.5496
9560.07	37.779
9580.01	37.7974
9600.19	37.6695
9620.1	37.7709
9640.02	37.7384
9660.12	37.759
9680.02	37.8436
9699.98	37.8151
9720.07	37.7606
9739.99	37.8482
9760.22	37.9552
9780.12	37.8194
9800.02	37.999
9820.19	38.066
9840.02	37.9465
9859.98	37.9433
9880.11	38.093
9900.01	38.0334
9920.14	37.9118
9940.07	38.0226
9959.98	38.0011
9980.06	38.0896
10000.1	38.139
10020	38.1833
10040.2	38.1453
10060	38.1457
10080.2	38.1562
10100.1	38.0619
10120	38.1411
10140.2	38.216
10160.1	38.2639
10180	38.2256
10200.1	38.2632
10220	38.3889
10240.2	38.319
10260.1	38.3682
10280	38.2175
10300.1	38.4198
10320.1	38.2912
10340	38.2965
10360.1	38.5264
10380.1	38.316
10400.2	38.3201
10420.1	38.4259
10440	38.4418
10460.2	38.4519
10480.1	38.4816
10500	38.5932
10520	38.4142
10540	38.5092
10560.2	38.411
10580.1	38.6797
10600	38.711
10620.2	38.6546
10640.1	38.5895
10660.1	38.7329
10680.1	38.6378
10700	38.8767
10720.2	38.6419
10740.1	38.6182
10760.1	38.7165
10780.1	38.7152
10800.1	38.7678
10820	38.7088
10840.2	38.819
10860.1	38.9372
10880.2	38.8892
10900.1	38.8745
10920.1	38.9025
10940.2	38.8703
10960.1	38.829
10980	38.8903
11000.2	38.9017
11020.1	38.9102
11040.1	38.9331
11060.2	38.9567
11080	38.9256
11100.2	39.1987
11120.1	39.0872
11140	39.121
11160.2	38.9563
11180	38.9854
11200.2	39.2012
11220	39.232
11240	39.0532
11260.1	39.2593
11280.1	39.0489
11300	39.0874
11320.1	39.3332
11340.1	39.2415
11360.2	39.3449
11380.1	39.1847
11400	39.1759
11420.1	39.4002
11440.1	39.4129
11460	39.4649
11480.1	39.3775
11500.1	39.3792
11520.2	39.4803
11540.2	39.5722
11560.1	39.4404
11580.1	39.4585
11600	39.45
11620	39.5045
11640.1	39.5708
11660	39.5736
11680.1	39.5517
11700.1	39.5563
11720.1	39.6371
11740.2	39.5551
11760.1	39.6841
11780.1	39.5739
11800.1	39.7217
11820.1	39.7112
11840.2	39.7619
11860.1	39.685
11880	39.8052
11900.2	39.9045
11920.1	39.7833
11940	39.8984
11960.1	39.9198
11980.1	39.8954
12000.2	39.8393
12020.1	39.799
12040.1	39.9401
12060.1	39.8428
12080.1	39.8709
12100	39.9522
12120.2	39.9235
12140.1	40.0402
12160.2	40.0347
12180.2	39.958
12200	40.1022
12220.1	40.0171
12240	40.1917
12260.1	40.1267
12280.2	40.0572
12300.1	40.1123
12320	40.1093
12340.1	40.2483
12360	40.0851
12380.2	40.2109
12400.2	40.1753
12420	40.0776
12440.2	40.3413
12460.1	40.2674
12480	40.357
12500.1	40.2732
12520	40.3118
12540.2	40.2192
12560.1	40.368
12580.1	40.3882
12600.1	40.171
12620	40.5492
12640.1	40.4602
12660.2	40.4505
12680.1	40.447
12700.2	40.3423
12720.1	40.4355
12740.1	40.4295
12760.1	40.5566
12780	40.483
12800	40.5484
12820.1	40.5849
12840.1	40.6984
12860.2	40.5283
12880.1	40.3981
12900	40.6236
12920.2	40.4921
12940.2	40.5993
12960	40.734
12980.1	40.7866
13000.1	40.5633
13020.2	40.8438
13040.1	40.7598
13060	40.7853
13080.2	40.8523
13100.1	40.5805
13120.1	40.6895
13140.1	40.9086
13160.1	40.683
13180.2	40.9335
13200.2	40.7647
13220	40.7861
13240.2	41.0401
13260.1	40.7645
13280	40.884
13300.2	41.0009
13320.1	41.0603
13340.2	41.129
13360.1	41.0199
13380.1	41.124
13400.2	41.118
13420.1	40.9209
13440	41.1071
13460.1	41.2629
13480.1	41.0885
13500.2	41.1392
13520.1	41.2642
13540.1	41.1153
13560.2	41.2054
13580.1	41.2983
13600	41.2935
13620.2	41.1256
13640.1	41.3653
13660.2	41.1707
13680.1	41.1469
13700.1	41.2708
13720.1	41.2269
13740.1	41.1967
13760.1	41.2963
13780.1	41.4103
13800.1	41.3009
13820.2	41.3055
13840.1	41.336
13860	41.502
13880.2	41.525
13900.1	41.3857
13920	41.6221
13940.2	41.5151
13960.1	41.4412
13980.2	41.6221
14000.1	41.7138
14020.1	41.5349
14040.2	41.7035
14060.1	41.6597
14080	41.5734
14100.2	41.6447
14120.1	41.7405
14140.2	41.4823
14160.1	41.7959
14180	41.7171
14200.2	41.7951
14220.1	41.8329
14240.1	41.9018
14260.1	41.7769
14280.1	41.7291
14300.2	41.8455
14320.1	41.9155
14340	41.6995
14360.2	41.7981
14380.1	41.888
14400.1	41.8852
14420.2	41.8983
14440.1	41.9441
14460.2	41.8567
14480.1	41.9454
14500.1	42.0831
14520.2	42.0854
14540.2	42.0196
14560.1	41.9236
14580.2	42.061
14600.1	42.0656
14620.2	42.0942
14640.1	41.8747
14660.1	41.9886
14680.2	42.0089
14700.2	42.2972
14720	42.1507
14740.2	42.09
14760.2	42.0972
14780.2	42.198
14800.2	42.1011
14820.1	42.1375
14840.2	42.3044
14860.1	42.2956
14880.1	42.2613
14900.1	42.1147
14920.1	42.1886
14940.2	42.3165
14960.1	42.2225
14980.1	42.3226
15000.2	42.1922
15020.2	42.319
15040.1	42.2264
15060.2	42.34
15080.1	42.3335
15100.2	42.338
15120.1	42.4025
15140.1	42.6169
15160.2	42.6924
15180.2	42.5888
15200.1	42.5045
15220.2	42.5692
15240.1	42.593
15260.2	42.5637
15280.1	42.5075
15300.1	42.4959
15320.2	42.5139
15340.1	42.5261
15360	42.5372
15380.2	42.7723
15400.1	42.7451
15420	42.7357
15440.2	42.5414
15460.1	42.743
15480.2	42.7938
15500.1	42.7463
15520.1	42.8125
15540.2	42.8814
15560.1	42.744
15580	42.5551
15600.2	42.6939
15620.1	42.8673
15640.2	42.7321
15660.1	42.6597
15680	42.8007
15700.2	42.7267
15720.1	42.7593
15740	42.8103
15760.2	42.8861
15780.1	42.8921
15800.2	42.8102
15820.1	42.7894
15840.1	42.8433
15860.2	42.7843
15880.1	42.9088
15900.1	42.9375
15920.2	42.8482
15940.1	43.0989
15960.2	42.9795
15980.2	42.8519
16000	43.2183
16020.2	42.908
16040	42.8931
16060	43.1176
16080.2	43.1202
16100.1	42.9981
16120.2	42.9166
16140.1	42.8988
16160	43.0071
16180.2	43.0599
16200.1	43.2559
16220.1	43.1576
16240.2	42.9802
16260.1	43.2172
16280.2	43.1156
16300.1	43.3243
16320.1	43.0999
16340.2	43.2045
16360.2	43.0573
16380	43.3371
16400.1	43.1576
16420.1	43.1708
16440.2	43.2795
16460.2	43.1167
16480.1	43.2488
16500.2	43.2237
16520.2	43.1735
16540	43.2373
16560.2	43.1488
16580.1	43.3334
16600.2	43.3806
16620.2	43.4218
16640.1	43.2016
16660.2	43.3698
16680.1	43.4327
16700.1	43.3711
16720.2	43.2978
16740	43.1591
16760.2	43.4297
16780.1	43.3444
16800.1	43.3484
16820.2	43.4499
16840.1	43.3093
16860.1	43.3674
16880.2	43.3156
16900.1	43.2328
16920.2	43.4251
16940.2	43.144
16960.1	43.3352
16980.2	43.3127
17000.2	43.1746
17020	43.3379
17040.1	43.5895
17060.1	43.2741
17080.2	43.2707
17100.1	43.2937
17120.1	43.3495
17140.3	43.3894
17160.2	43.2493
17180.1	43.1489
17200.2	43.3189
17220.1	43.4701
17240.2	43.2451
17260.2	43.3919
17280.1	43.4834
17300.3	43.3497
17320.2	43.1241
17340	43.1711
17360.2	43.0328
17380.1	43.114
17400.2	43.067
17420.1	43.2435
17440.1	43.3351
17460.2	43.2427
17480.1	43.2182
17500.1	43.1015
17520.2	43.3011
17540.1	43.1416
17560.3	43.3735
17580.2	43.1973
17600.1	43.2689
17620.2	43.2236
17640.2	43.0682
17660	43.0057
17680.1	43.1783
17700.1	43.2934
17720.2	43.0071
17740.2	42.9633
17760	42.9132
17780.2	42.9745
17800.1	43.1241
17820.1	43.1104
17840.2	43.137
17860.1	42.9075
17880.3	43.1048
17900.2	42.8404
17920.1	42.9716
17940.2	43.0106
17960.2	42.9606
17980.2	43.0343
18000.2	42.9156
18020.1	42.9853
18040.2	43.1897
18060.1	42.9738
18080.1	42.7646
18100.2	43.0761
18120.2	42.9233
18140.1	43.1315
18160.2	42.9998
18180.1	43.0295
18200.2	43.3458
18220.2	43.3359
18240.1	43.3428
18260.3	43.5012
18280.2	43.5023
18300.2	43.8785
18320.3	43.8929
18340.2	44.0666
18360.1	44.3941
18380.2	44.4134
18400.1	44.7037
18420.3	45.0137
18440.2	45.0967
18460.1	45.4924
18480.2	45.6303
18500.1	46.0572
18520	46.1007
18540.2	46.4782
18560.2	46.5716
18580.2	47.1071
18600.1	47.2092
18620.1	47.3695
18640.1	47.7319
18660.1	47.8226
18680.1	48.417
18700.1	48.5841
18720.1	48.6041
18740.3	48.7068
18760.1	49.0146
18780.1	48.9018
18800.2	49.3067
18820.1	49.3983
18840.1	49.5509
18860.1	49.437
18880.1	49.7333
18900.2	49.6992
18920.1	49.9689
18940.1	49.8768
18960.2	49.813
18980.1	49.8826
19000.1	50.04
19020.2	50.1916
19040.1	49.9368
19060.2	50.1427
19080.1	49.8964
19100.1	50.0162
19120.3	50.1155
19140.1	49.8941
19160.1	50.3201
19180.2	50.027
19200.1	50.0865
19220.2	50.0233
19240.1	50.1854
19260.1	50.032
19280.2	49.9101
19300.2	50.1092
19320.1	50.0904
19340.2	50.041
19360.2	50.0171
19380.2	49.9509
19400.2	50.1026
19420.1	49.81
19440.2	49.7297
19460.2	50.0302
19480.1	49.7895
19500.2	49.8807
19520.2	50.0253
19540.3	49.8005
19560.1	49.6999
19580.1	49.8148
19600.2	50.0118
19620.2	49.7522
19640.1	49.8524
19660.2	49.7745
19680.2	49.9224
19700.3	49.8218
19720.2	49.9209
19740.2	49.8527
19760.2	49.8844
19780.1	49.7477
19800.1	49.7135
19820.2	49.7156
19840.1	49.7328
19860.2	49.9062
19880.2	49.6094
19900	49.6887
19920.2	49.9794
19940.1	49.7276
19960.1	49.8389
19980.2	49.7637
20000.1	49.5447
20020.3	49.6535
20040.2	49.5218
20060.2	49.8072
20080.2	49.8911
20100.2	49.7298
20120.1	49.7943
20140.2	49.7369
20160.2	49.7721
20180.2	49.7801
20200.2	49.6787
20220.1	49.5651
20240.2	49.7194
20260.1	49.6855
20280.2	49.8252
20300.2	49.6953
20320.2	49.8881
20340.3	49.975
20360.2	49.9217
20380.1	50.0406
20400.2	49.9334
20420.2	49.9289
20440.1	49.7314
20460.1	49.899
20480.1	49.8067
20500.2	49.8011
20520.2	49.8367
20540.2	49.6357
20560.2	49.9806
20580.1	49.7971
20600.1	50.0588
20620.1	49.7777
20640.2	49.9943
20660.2	49.7053
20680.3	49.8833
20700.2	49.8797
20720.2	49.8144
20740.2	50.0941
20760.1	49.9616
20780.3	49.9529
20800.1	49.8957
20820.2	49.9301
20840.2	50.213
20860.1	50.0509
20880.2	49.9157
20900.2	50.0133
20920.1	50.131
20940.3	50.0997
20960.2	50.2299
20980.3	49.7176
21000.3	50.1527
21020.1	49.9782
21040.2	50.1115
21060.2	50.2215
21080.1	50.0364
21100.2	50.2802
21120.2	50.0845
21140.3	50.1296
21160.2	50.2208
21180.2	50.0803
21200.3	49.9534
21220.3	49.7631
21240.1	50.1382
21260.2	50.2912
21280.1	50.3962
21300.3	50.0299
21320.2	50.4517
21340.1	50.2847
21360.3	50.0557
21380.2	50.2466
21400.1	50.0645
21420.2	50.3439
21440.1	50.2278
21460	50.3138
21480.2	50.1873
21500.1	50.4626
21520.3	50.1609
21540.2	50.4058
21560.1	50.3714
21580.2	50.2526
21600.2	50.4509
21620.1	50.6265
21640.1	50.4468
21660.1	50.3743
21680.3	50.5634
21700.2	50.5127
21720.1	50.616
21740.2	50.5657
21760.2	50.6278
21780.1	50.4883
21800.2	50.4471
21820.2	50.4412
21840.3	50.6747
21860.2	50.6419
21880.1	50.6599
21900.3	50.6703
21920.3	50.4799
21940.1	50.4906
21960.2	50.6826
21980.1	50.6793
22000.2	50.7521
22020.2	50.623
22040.1	50.6299
22060.2	50.6797
22080.1	50.8608
22100.2	50.6654
22120.2	50.7881
22140.2	50.7751
22160.3	50.6624
22180.2	50.8299
22200.1	50.5806
22220.3	50.9322
22240.2	50.7727
22260	50.9186
22280.3	50.7538
22300.2	50.7793
22320.3	51.0682
22340.2	50.805
22360.2	50.8136
22380.2	51.1335
22400.2	50.8125
22420.1	51.0603
22440.2	51.1829
22460.1	51.0477
22480.2	50.7921
22500.2	51.1474
22520.1	51.251
22540.2	51.0375
22560.2	51.1836
22580.1	51.1392
22600.3	51.0042
22620.1	51.256
22640.3	51.1159
22660.2	51.3888
22680.1	51.1337
22700.3	51.4556
22720.2	51.0239
22740.1	50.9991
22760.2	51.0816
22780.2	51.1459
22800.3	51.4298
22820.2	51.2812
22840.2	51.4377
22860.3	51.3854
22880.2	51.254
22900.1	51.5679
22920.2	51.2367
22940.1	51.4364
22960.3	51.3159
22980.2	51.4888
23000.2	51.1984
23020.2	51.6753
23040.2	51.3071
23060.1	51.3516
23080.3	51.5148
23100.2	51.3187
23120.3	51.7019
23140.2	51.3817
23160.2	51.7581
23180.3	51.3745
23200.2	51.8109
23220.1	51.6588
23240.2	51.3834
23260.1	51.8138
23280.3	51.7148
23300.2	51.9662
23320.2	51.6583
23340.1	51.912
23360.3	51.8228
23380.1	51.9704
23400.2	51.8014
23420.2	51.97
23440.3	51.5322
23460.2	51.7756
23480.2	51.9136
23500.3	52.101
23520.2	51.9082
23540.1	52.1116
23560.3	51.9483
23580.2	51.781
