Frequency - Phase	Phase - Phase
1002.29	27.5854
1019.53	28.2758
1040.57	151.571
1060.68	151.472
1079.56	28.1222
1100.63	151.521
1119.81	28.025
1139.77	27.9177
1160.04	27.8489
1179.95	27.8016
1200.03	-208.06
1220.13	27.4758
1239.95	27.6819
1260.23	-207.792
1280.12	-207.692
1300.12	-207.766
1320.16	-207.582
1340.08	28.4237
1360	28.4292
1380.1	151.566
1400.01	28.4481
1420.08	28.3579
1440.02	151.678
1459.94	28.3307
1480.04	28.3951
1500	28.3333
1519.94	151.561
1540.05	151.511
1559.93	28.3623
1580.09	28.2599
1600.02	28.2506
1620.01	28.2228
1640.09	151.258
1660.02	28.2222
1679.99	28.1713
1700.07	151.415
1719.94	28.1444
1740.16	151.391
1759.97	151.366
1779.97	-208.625
1800.07	28.0475
1820.04	28.0069
1839.94	28.0263
1860.07	28.0157
1880	27.9578
1900.1	27.9397
1920.05	-208.843
1939.9	27.8049
1960.09	27.8325
1980.02	-208.934
1999.94	-209.011
2020.03	27.6973
2040.01	27.6491
2060.03	27.5626
2080.02	150.759
2099.94	150.646
2120.01	150.6
2140.02	27.2644
2159.92	27.2798
2180.01	27.1343
2199.9	150.319
2220.02	27.0273
2239.98	150.098
2259.94	26.7422
2280.05	149.945
2299.94	26.6295
2319.96	149.794
2339.95	26.3512
2359.97	149.508
2380.05	26.1953
2399.98	25.9487
2419.91	25.7652
2440.04	25.5746
2459.95	25.3457
2479.85	25.1367
2499.99	-211.776
2520.02	-212.166
2540.1	24.2523
2560	23.9513
2579.99	23.6679
2600.16	23.0919
2620.02	-213.956
2640.05	22.093
2660.03	21.6164
2680.04	144.142
2700.21	20.1009
2720.26	142.419
2740.14	17.7793
2760.4	16.291
2780.48	14.2879
2800.46	11.9566
2820.68	9.64847
2840.6	9.83383
2860.51	15.9952
2879.75	27.6579
2899	38.9923
2918.94	46.5159
2938.68	50.5304
2958.81	52.22
2979.03	52.6829
2999.1	52.306
3019.36	-185.036
3039.36	50.82
3059.29	49.6644
3079.49	48.6978
3099.5	47.8447
3119.49	46.8459
3139.68	45.9396
3159.67	45.1774
3179.63	44.4412
3199.8	43.881
3219.82	43.0312
3239.94	42.5896
3259.96	42.0836
3279.98	41.5001
3299.99	41.0482
3320.06	40.6863
3339.85	40.4853
3359.98	40.0516
3379.98	39.5907
3400.19	39.393
3420.09	39.0645
3439.97	38.8227
3460.15	38.5809
3480.14	38.3034
3500.05	38.1293
3520.19	161.315
3540.17	37.9148
3560.19	37.6264
3580.14	37.5921
3600.13	160.526
3620.25	37.1684
3640.12	37.1306
3660.1	36.9329
3680.16	36.9261
3700.16	36.8412
3720.23	36.7086
3740.18	159.816
3760.13	36.4936
3780.2	36.4474
3800.12	36.4536
3820.03	36.2521
3840.21	36.0664
3860.03	-200.625
3880.21	36.1386
3900.16	36.161
3920.13	35.9815
3940.26	35.8056
3960.03	35.8179
3980.02	35.7929
4000.07	35.8623
4020.05	35.8246
4040.05	35.6944
4060.04	35.7308
4079.96	35.5105
4100.1	158.883
4120.06	158.741
4139.93	35.6242
4160.04	35.6227
4179.95	35.3951
4200.13	35.5079
4220.04	35.4308
4239.98	35.4171
4260.1	35.3706
4280.02	35.3936
4299.92	35.3116
4320.05	35.3017
4339.95	158.388
4360.14	35.2707
4380.02	35.2499
4399.97	35.2691
4420.09	35.1844
4440	35.199
4459.99	35.1722
4480.03	35.2719
4500.06	35.2451
4520.11	-201.655
4540.02	35.1729
4559.99	35.1815
4580.06	35.2243
4599.98	35.044
4619.9	35.1274
4640.09	35.0683
4660.08	35.0628
4680.12	35.1913
4700.01	35.0176
4719.93	35.0897
4740.17	35.1117
4760.02	35.0816
4779.98	34.9608
4800.05	35.1528
4819.98	35.1007
4840.06	35.1652
4860.04	35.1133
4879.98	35.0656
4900.05	35.0377
4920	35.0517
4939.96	35.0123
4960.03	35.007
4980.02	35.1279
5000.1	34.9318
5020.01	35.1519
5039.93	35.255
5060.12	35.0919
5080.07	35.0744
5100.01	35.1271
5120.05	35.0366
5139.97	35.1546
5160.15	35.1182
5180.1	35.1717
5200.07	35.1532
5220.1	35.1643
5240.07	35.1224
5259.95	35.0391
5280.09	35.0625
5300.03	35.0827
5320.15	35.2408
5340.02	35.2217
5360.02	35.3017
5380.13	35.1836
5400.08	35.0827
5419.89	35.188
5440.1	35.2544
5460.04	35.2072
5480.1	35.2741
5500.1	35.1658
5520	35.2645
5540.14	35.0957
5560.08	35.1475
5580	35.2037
5600.13	35.1579
5620.04	35.2288
5640.11	35.3369
5660.07	35.2484
5680.03	35.2645
5700.07	35.3424
5720.12	35.3223
5739.95	35.3002
5760.12	35.3398
5780	35.2808
5800.13	35.3496
5820.08	35.4041
5840	35.3117
5860.09	35.3149
5880.06	35.3809
5900.01	35.2591
5920.11	35.2645
5939.99	35.3138
5960.16	35.3532
5980.08	35.3595
6000.03	35.3358
6020.13	35.5272
6040.07	35.4599
6059.94	35.4132
6080.07	35.506
6100.07	158.763
6119.99	35.4866
6140.1	35.537
6160.01	35.5491
6180.15	35.407
6200.12	35.5707
6219.97	35.5964
6240.07	35.5003
6260.02	35.4559
6279.95	35.5301
6300.04	35.5934
6320.01	35.5939
6340.1	35.7016
6360.09	35.6873
6380	35.6868
6400.19	35.6364
6420.03	35.7426
6439.95	35.761
6460.14	35.7599
6480.05	35.7859
6500.14	35.8161
6520.11	35.7592
6540.06	35.7389
6560.17	35.6548
6580.04	35.6389
6599.9	35.7502
6620.11	35.7972
6640.02	35.8819
6660.13	35.7264
6680.03	35.8963
6700.01	35.8831
6720.07	35.9167
6740.06	35.8141
6759.85	35.978
6780.04	35.8159
6799.94	35.9332
6820.08	35.9625
6840.08	35.9435
6859.99	35.8705
6880.07	35.9917
6900.02	36.0236
6919.94	36.0306
6940.07	36.0154
6960.01	35.9746
6980.17	36.0511
7000.09	36.1345
7020.02	36.0924
7040.07	35.9966
7060.04	36.0122
7079.93	36.0733
7100.07	36.0827
7120.05	36.1465
7140.14	36.2161
7160.04	36.2042
7180	36.3459
7200.07	36.2624
7220.04	36.2462
7239.93	36.2075
7260.05	36.242
7280.02	36.3052
7300.16	36.3057
7320.06	36.187
7340.02	36.2591
7360.18	36.1992
7380.03	36.204
7399.92	159.504
7420.11	36.3954
7439.99	36.3672
7460.15	36.313
7480.09	36.388
7500.01	36.3974
7520.11	36.368
7540.06	36.4482
7560.01	36.3575
7580.14	36.4068
7600.03	36.4447
7620.09	36.442
7640.06	36.565
7660.03	36.6266
7680.1	36.5
7700.06	36.5337
7719.96	36.5993
7740.08	36.7139
7759.99	36.6997
7780.22	36.6512
7800.09	36.6827
7820.01	36.6744
7840.17	36.5699
7860.06	36.6724
7880.06	36.6827
7900.04	36.691
7919.98	36.7672
7940.16	36.7117
7960.02	36.7941
7979.94	36.841
8000.19	36.7705
8020.08	36.81
8039.94	36.7756
8060.06	36.8809
8080.03	37.0577
8100.13	36.8101
8120.07	36.8773
8140.02	36.9112
8160.1	36.8958
8180.05	36.9294
8200.01	36.9229
8220.18	36.8503
8240.01	36.9672
8260.21	36.9485
8280.09	36.9711
8300.04	37.0662
8320.16	36.9957
8340.07	36.9426
8360.01	37.0031
8380.12	37.0219
8400.02	37.1849
8420.17	37.1739
8440.09	37.0445
8459.99	37.0729
8480.15	37.1931
8500.09	37.2556
8520.01	37.1802
8540.18	37.0921
8560.06	37.2795
8580.14	37.2154
8600	37.319
8620.01	37.2282
8640.14	37.3169
8660.05	37.3303
8680	37.3158
8700.07	37.2543
8720.06	37.3817
8740.17	37.3521
8760.06	37.502
8780.04	37.3689
8800.19	37.3791
8820.09	37.4223
8840.08	37.204
8860.12	37.5027
8880.06	37.5088
8900.14	37.4234
8920.08	37.4324
8940.03	37.4761
8960.22	37.4361
8980.09	37.3899
8999.96	37.4413
9020.15	37.5764
9040.1	37.5475
9060.12	37.5306
9080.1	37.5566
9100.05	37.4589
9120.21	37.6046
9140.08	37.7721
9160.03	37.5484
9180.08	37.6613
9200.1	37.6718
9219.98	37.7989
9240.12	37.7412
9260.05	37.5982
9280.15	37.7594
9300.16	37.7131
9320.01	37.8204
9340.07	37.8597
9360.14	37.784
9380.01	37.9111
9400.07	37.9495
9420.02	37.754
9440.19	37.9409
9460.05	37.8706
9480.02	37.8857
9500.2	37.9757
9520.03	38.0394
9539.99	37.9636
9560.17	37.8712
9580.04	38.0259
9600.16	38.1008
9620.06	38.092
9640.04	38.1259
9660.1	38.074
9680.06	38.1965
9699.99	38.0586
9720.1	38.1587
9740.05	38.1531
9760.16	38.1
9780.1	38.1399
9800.02	38.3068
9820.19	38.1818
9840.02	38.2135
9860.04	38.1267
9880.15	38.2131
9900.02	38.2736
9920.2	38.2691
9940.06	38.3099
9960	38.2634
9980.19	38.2941
10000.1	38.3319
10020.1	38.3955
10040.2	38.4604
10060.1	38.3091
10080.2	38.3987
10100.1	38.2189
10120	38.592
10140.1	38.4005
10160.1	38.2231
10180	38.5396
10200.2	38.5847
10220.1	38.5273
10240.2	38.3928
10260.1	38.5322
10280	38.555
10300.1	38.5602
10320	38.6443
10340	38.6469
10360.1	38.672
10380	38.5355
10400.2	38.6879
10420.1	38.5388
10440	38.7189
10460.1	38.809
10480.1	38.7162
10500	38.6224
10520.1	38.8002
10540.1	38.8786
10560.2	38.8438
10580.1	38.7666
10600.1	38.7418
10620.1	38.8815
10640.1	38.9056
10660.1	38.9388
10680.1	38.6774
10700	38.9774
10720.1	38.8385
10740.1	38.8843
10760	38.9827
10780.2	39.0686
10800.1	38.9537
10820	38.9396
10840.1	38.9719
10860	39.1598
10880.2	39.0385
10900.1	39.1416
10920	39.0151
10940.1	39.0154
10960.1	39.1012
10980	39.1102
11000.1	39.0717
11020.1	39.0485
11040.2	39.1405
11060.1	39.2778
11080	39.1604
11100.1	39.0745
11120.1	39.36
11140	39.2133
11160.2	39.2122
11180.1	39.2826
11200.1	39.2054
11220.2	39.3366
11240	39.3453
11260.1	39.4126
11280.1	39.462
11300	39.5906
11320.2	39.3501
11340.1	39.4141
11360.2	39.4174
11380.1	39.3581
11400.1	39.4922
11420.1	39.4014
11440.1	39.5282
11460	39.4925
11480.2	39.3886
11500	39.5478
11520.2	39.5751
11540.1	39.764
11560.1	39.4666
11580.2	39.7131
11600.1	39.6915
11620	39.6869
11640.1	39.7554
11660	39.7053
11680.1	39.8564
11700.1	39.6617
11720.1	39.8108
11740.1	39.7984
11760.1	39.7651
11780.1	39.8651
11800.1	39.8581
11820.1	39.8123
11840.2	39.8785
11860.1	39.7935
11880	39.9659
11900.2	39.7396
11920.1	39.8646
11940.1	39.9136
11960.1	40.0068
11980.1	39.7926
12000.2	39.8667
12020.1	39.9401
12040.1	39.9039
12060.2	39.9544
12080.1	39.8765
12100.1	40.1323
12120.1	40.0177
12140.1	40.0423
12160.2	39.9398
12180.2	39.9454
12200.1	40.2081
12220.2	40.104
12240	39.9649
12260	40.2283
12280.1	40.2947
12300.1	40.1933
12320	40.3216
12340.1	40.2103
12360	40.1965
12380.2	40.3095
12400.1	40.3125
12420	40.3197
12440.2	40.1785
12460.1	40.3505
12480	40.2175
12500.1	40.2381
12520	40.3894
12540.2	40.4239
12560.1	40.4851
12580	40.4506
12600.2	40.3119
12620.1	40.3944
12640	40.4303
12660.1	40.4013
12680	40.3845
12700.2	40.5818
12720.1	40.3472
12740	40.5244
12760.1	40.5722
12780.2	40.3241
12800	40.4067
12820.1	40.672
12840	40.4733
12860.2	40.5847
12880.1	40.5644
12900.1	40.5049
12920.1	40.509
12940.1	40.7122
12960	40.455
12980.1	40.5182
13000.1	40.6438
13020.2	40.7609
13040.1	40.6743
13060	40.6968
13080.2	40.6218
13100.1	40.675
13120	40.7726
13140.1	40.6435
13160	40.8885
13180.2	40.8722
13200.1	40.8232
13220.1	40.7655
13240.2	40.7972
13260.1	40.785
13280.1	40.8455
13300.1	40.9748
13320.1	41.0056
13340.1	40.97
13360.1	40.9535
13380	40.8696
13400.2	40.8352
13420.1	41.0331
13440	40.8323
13460.1	41.032
13480.1	41.2147
13500.2	40.9027
13520.1	41.006
13540.1	41.1542
13560.2	41.0341
13580.1	41.0787
13600.1	41.1709
13620.1	41.145
13640.1	41.1907
13660.2	41.2311
13680.1	41.0103
13700.1	41.1525
13720.2	41.082
13740.1	41.1078
13760.1	41.2802
13780.1	41.0522
13800.1	41.1086
13820.2	41.1336
13840.1	41.1883
13860.1	41.4182
13880.1	41.3369
13900.1	41.1765
13920.1	41.2475
13940.1	41.2203
13960.1	41.2166
13980.2	41.3144
14000.2	41.4453
14020.1	41.323
14040.2	41.3597
14060.1	41.4474
14080	41.4148
14100.2	41.4403
14120.2	41.5142
14140.2	41.2957
14160.1	41.5111
14180	41.4136
14200.2	41.6205
14220.1	41.393
14240.1	41.6396
14260.2	41.5548
14280.1	41.5813
14300.2	41.4734
14320.1	41.5282
14340.1	41.6916
14360.2	41.6032
14380.1	41.6756
14400	41.6745
14420.2	41.4597
14440.1	41.6437
14460.2	41.6395
14480.1	41.685
14500.1	41.6256
14520.2	41.724
14540.1	41.7355
14560.1	41.5835
14580.2	41.6185
14600.1	41.8394
14620.2	41.7086
14640.1	41.7698
14660.1	41.8185
14680.2	41.8668
14700.1	41.9144
14720.1	41.8065
14740.2	41.7863
14760.1	41.8097
14780.3	41.8375
14800.1	41.7965
14820.1	41.9422
14840.2	42.0025
14860.1	41.8223
14880.1	41.8202
14900.2	41.7236
14920.1	41.9462
14940.2	41.957
14960.1	41.9595
14980.1	41.9205
15000.2	41.9283
15020.1	41.8671
15040.1	41.8695
15060.2	41.8916
15080.1	41.9464
15100.2	41.8429
15120.2	41.8436
15140.1	41.9739
15160.2	41.7789
15180.2	41.9149
15200.1	42.0341
15220.1	41.9864
15240.2	41.9547
15260.3	42.0885
15280.1	42.025
15300.1	42.1014
15320.2	42.0328
15340.2	41.9795
15360.1	42.1412
15380.3	41.9703
15400.1	42.0008
15420.1	42.1983
15440.1	42.1246
15460.1	42.2713
15480.2	41.9918
15500.2	42.1554
15520.1	42.2445
15540.2	42.0612
15560.1	42.1016
15580.1	42.0973
15600.2	42.3149
15620.1	41.9982
15640.1	42.353
15660.1	42.2937
15680	42.478
15700.2	42.3589
15720.1	42.1129
15740	42.1412
15760.2	42.0721
15780.1	42.1187
15800.3	42.2234
15820.1	42.1109
15840.1	42.2836
15860.2	42.1847
15880.2	42.1597
15900.1	42.1587
15920.2	42.1722
15940.1	42.3364
15960.2	42.3081
15980.1	42.1577
16000.1	42.3136
16020.1	42.3457
16040.1	42.1336
16060	42.0809
16080.2	42.1282
16100.1	42.1111
16120.3	42.1547
16140.1	42.0273
16160.1	42.3824
16180.3	42.4565
16200.1	42.1711
16220	42.3399
16240.2	42.0946
16260.1	42.0555
16280.2	42.3686
16300.1	42.3268
16320.1	42.152
16340.2	42.2538
16360.2	42.2133
16380.1	42.1457
16400.2	42.0891
16420.1	42.1475
16440.2	42.3084
16460.2	42.1296
16480.1	42.2671
16500.2	42.0282
16520.1	42.2492
16540.1	42.0518
16560.2	42.0065
16580	42.2403
16600.2	42.3486
16620.2	42.2403
16640.1	42.2283
16660.2	42.1882
16680.1	42.2205
16700.1	42.2052
16720.2	42.1995
16740.1	42.1072
16760.2	42.0391
16780.1	42.025
16800.1	41.9435
16820.2	42.1025
16840.2	42.116
16860.1	42.1067
16880.2	41.8884
16900.1	41.9382
16920.2	42.1632
16940.1	41.8712
16960.1	41.9525
16980.2	41.7742
17000.1	42.0128
17020.1	41.7631
17040.2	41.7859
17060.1	42.0142
17080.2	41.7168
17100.2	41.8498
17120.1	41.8399
17140.2	41.7188
17160.1	41.9339
17180.1	41.7297
17200.2	41.8425
17220.1	41.5769
17240.2	41.5418
17260.1	41.5746
17280.1	41.643
17300.2	41.6416
17320.2	41.5695
17340.1	41.5857
17360.2	41.4946
17380	41.434
17400.3	41.3137
17420.2	41.3831
17440.1	41.2835
17460.2	41.3569
17480.1	41.2434
17500.1	41.1288
17520.1	41.3655
17540.1	41.3934
17560.2	41.1162
17580.2	41.0807
17600.1	41.0297
17620.2	41.1107
17640.1	41.0495
17660	40.8692
17680.2	40.7514
17700.1	40.9874
17720.2	40.8305
17740.2	40.7186
17760.1	40.7251
17780.2	40.7206
17800.2	40.6179
17820.1	40.57
17840.3	40.7507
17860.2	40.5859
17880.3	40.5567
17900.2	40.6676
17920.1	40.5296
17940.2	40.6832
17960.1	40.8025
17980	40.7648
18000.1	40.5476
18020	40.7529
18040.2	40.5492
18060.3	40.8501
18080.2	40.7208
18100.2	40.965
18120.2	41.1166
18140.1	41.1872
18160.3	41.2236
18180.1	41.3088
18200.3	41.6107
18220.3	41.9134
18240.2	42.1521
18260.3	42.023
18280.3	42.4829
18300.2	42.9203
18320.3	42.9372
18340.2	43.2485
18360.1	43.8029
18380.3	44.1968
18400.1	44.5081
18420.3	45.0066
18440.2	45.4035
18460.1	45.8069
18480.2	46.2297
18500	46.6099
18520.1	47.1689
18540.1	47.679
18560	48.0974
18580.1	48.5046
18600.2	48.6631
18620	49.4256
18640.1	49.7799
18660	50.1978
18680	50.3323
18700.1	50.5164
18720.1	51.0067
18740.2	51.2041
18760.1	51.5569
18780	51.6057
18800.2	51.7867
18820.1	52.1445
18840	52.1299
18840	52.014
18880.1	52.4426
18900.1	52.724
18920.1	52.6339
18940.1	52.8276
18960.1	52.8724
18980.1	52.9294
19000	53.2346
19020.1	53.3217
19040.1	53.0742
19060.2	53.3448
19080.1	53.2327
19100.1	53.4168
19120.2	53.2281
19140.1	53.2942
19160.1	53.3846
19180.2	53.313
19200.1	53.0208
19220.3	53.2434
19240.2	53.1643
19260.1	52.8992
19280.3	53.1289
19300.1	53.3043
19320.1	53.1418
19340.2	53.0518
19360.1	53.0339
19380.3	53.1025
19400.2	52.7722
19420.2	52.8011
19440.2	53.0439
19460.2	52.846
19480.1	52.7064
19500.2	52.7999
19520.1	52.7521
19540.2	52.7181
19560.3	52.6626
19580.1	52.5458
19600.2	52.5869
19620.1	52.5096
19640.1	52.473
19660.2	52.5318
19680.2	52.6094
19700.2	52.6459
19720.2	52.4206
19740.1	52.4738
19760.3	52.2701
19780.2	52.251
19800.1	52.2579
19820.3	52.2482
19840.2	52.1176
19860.2	52.2837
19880.2	52.1353
19900.1	52.4598
19920.2	52.4016
19940.2	52.1501
19960.2	52.301
19980.2	52.0596
20000.1	52.1749
20020.3	51.8902
20040.2	52.0058
20060.1	52.2005
20080.2	52.283
20100.1	52.2279
20120.1	52.0511
20140.2	51.9564
20160.2	51.897
20180.2	51.987
20200.2	51.8273
20220.1	52.0126
20240.2	51.9227
20260.1	51.833
20280.1	51.9048
20300.2	51.8366
20320.2	51.7992
20340.3	51.9516
20360.2	51.8773
20380.1	52.0417
20400.2	51.999
20420.2	51.8054
20440.1	51.9903
20460.2	51.8839
20480.1	51.8756
20500.3	51.8757
20520.3	51.6469
20540.2	51.807
20560.3	51.6137
20580.2	51.6243
20600	51.7915
20620.1	51.9557
20640.1	51.8861
20660.2	51.5465
20680.2	51.8051
20700.2	51.9066
20720.2	51.571
20740.1	51.8872
20760.1	51.6319
20780.2	51.5721
20800.2	51.7384
20820.3	51.7915
20840.2	51.6596
20860.1	51.5409
20880.2	51.8692
20900.2	51.6889
20920.1	51.9015
20940.2	51.6002
20960.2	51.7506
20980.3	51.9162
21000.2	51.9519
21020.1	51.5431
21040.2	51.791
21060.1	51.817
21080.1	51.4923
21100.2	51.518
21120.1	51.6709
21140.2	51.7493
21160.2	51.9296
21180.2	51.6754
21200.3	51.8181
21220.1	51.9194
21240.1	51.7528
21260.2	51.6161
21280.1	51.6683
21300.3	51.6086
21320.2	51.7484
21340.1	51.867
21360.3	51.7993
21380.1	51.9057
21400.2	51.6349
21420.2	51.7718
21440.1	51.9147
21460.1	51.7171
21480.2	51.9011
21500.1	51.9617
21520.2	51.7212
21540.1	51.6829
21560.1	51.6866
21580.2	51.8787
21600.2	51.9344
21620.1	51.9096
21640.2	51.9268
21660.2	51.7887
21680.3	51.6322
21700.3	52.0793
21720.1	52.1571
21740.3	51.8707
21760.2	52.0958
21780.1	51.9944
21800.2	52.0077
21800.2	52.0781
21820.2	51.9541
21840.2	51.8797
21860.2	51.9158
21880.1	51.9759
21900.3	51.7923
21920.2	51.8103
21940.1	51.8929
21960.2	51.9312
21980.1	52.0497
22000.3	52.1018
22020.2	52.0277
22040.1	52.0343
22060.3	52.2289
22080.1	52.1907
22100.2	52.1589
22120.2	51.8825
22140.1	52.0439
22160.3	51.9821
22180.2	52.1082
22200.1	52.0625
22220.3	52.2191
22260.1	52.004
22280.2	52.2535
22300.1	52.3567
22320.3	52.092
22340.2	52.206
22360.1	52.0723
22380.3	51.9866
22400.2	52.0164
22420.1	52.0958
22440.2	52.3103
22460.1	52.0134
22480.3	52.1639
22500.3	52.3686
22520.2	52.2893
22540.3	52.472
22560.2	52.3729
22580.1	52.1713
22600.2	52.397
22620.2	52.2494
22640.1	52.3032
22660.3	52.5525
22680.1	52.5688
22700.2	52.1019
22720.2	52.4122
22740.1	52.6011
22760.2	52.2702
22780.2	52.3185
22800.3	52.3132
22820.2	52.3966
22840.2	52.5572
22860.2	52.566
22880.1	52.6058
22900.1	52.3708
22920.3	52.5915
22940.2	52.3945
22960.3	52.3773
22980.2	52.7698
23000.1	52.3165
23020.2	52.7707
23040.1	52.9419
23060.1	52.7752
23080.2	52.5546
23100.1	52.6467
23120.3	52.8417
23140.2	52.6834
23160.1	52.6815
23180.2	52.4553
23200.2	52.817
23220.1	52.9787
23240.2	52.9002
23260.2	52.9445
23280.3	52.7791
23300.2	52.612
23320.2	53.0273
23340.2	52.7167
23360.1	52.8769
23380.1	52.7187
23400.2	52.7369
