Frequency - Phase	Phase - Phase
1800.14	31.2791
1801.98	31.3475
1804.03	31.2839
1806.09	31.2618
1808.13	-207.995
1810	31.2683
1812.02	31.276
1814.05	31.2898
1816.15	31.2799
1817.99	31.2865
1820.03	-207.726
1822.05	31.3299
1824.2	31.3597
1825.97	31.2961
1828.08	-207.727
1830.01	31.2066
1831.97	31.3045
1833.94	-207.813
1836.1	31.3368
1838.06	-207.867
1839.95	31.3945
1841.93	31.3656
1844.05	-207.865
1846.05	31.3222
1848.02	31.4214
1850	31.3108
1852.02	31.2274
1854.18	-207.73
1855.93	31.3349
1858.04	31.458
1860.03	31.3745
1862.16	31.3315
1863.95	-207.899
1866.02	31.4034
1868.13	-207.747
1869.88	31.3066
1871.96	31.3431
1874.06	31.3499
1876.14	31.3378
1877.98	31.3603
1880.05	31.3459
1882.09	31.3366
1884.1	31.3623
1886.01	31.4041
1887.93	31.3356
1890.07	31.3488
1892.06	-207.801
1893.9	31.4499
1896.02	31.4259
1898.02	31.412
1900.07	-207.752
1902.03	31.3999
1904.03	31.371
1906.08	31.3985
1907.91	-207.925
1909.98	31.3721
1911.98	31.4233
1913.99	31.4705
1915.96	31.3895
1918.03	31.3924
1919.95	31.4227
1922.14	-207.775
1923.94	31.5213
1925.97	31.3912
1928.05	31.396
1930.11	31.4084
1932.03	31.534
1934	31.3883
1936.05	31.3307
1938.06	-207.768
1940.02	31.4277
1941.99	31.5421
1944.08	31.3963
1946.05	-207.742
1947.97	31.5581
1950.07	31.4002
1952.15	-207.683
1953.95	31.5386
1956	31.6058
1958.13	31.3922
1960.11	31.4105
1961.85	31.4384
1964.04	31.3874
1966.07	31.4114
1968.19	-207.7
1970.04	31.4351
1972.01	31.5694
1974.07	31.471
1976.09	31.401
1977.96	31.3994
1979.96	31.634
1982.03	31.4898
1984	31.5294
1985.94	-207.671
1988.05	-207.609
1990.07	31.4933
1991.94	31.5015
1993.98	31.4847
1995.98	31.5108
1998.15	31.4651
1999.89	31.5804
2001.92	152.402
2004.03	31.4741
2006.03	152.296
2007.9	31.5196
2010	31.6267
2012.1	31.4758
2014.12	152.291
2015.98	152.408
2017.99	31.6426
2020.08	152.212
2022.09	31.5903
2023.92	31.5093
2026.08	31.579
2028.12	31.4829
2029.93	152.325
2032.08	31.4968
2034.04	31.5102
2036.08	152.37
2037.9	31.4761
2039.92	152.45
2042.05	31.5263
2044.1	31.4961
2045.98	31.5531
2047.97	152.337
2050.05	152.294
2052.02	31.5599
2053.9	152.296
2056.01	31.5314
2058.03	31.5786
2060.09	152.392
2061.96	152.347
2063.97	152.41
2066.09	152.399
2067.9	31.5472
2069.97	31.5348
2071.94	152.497
2074.09	31.561
2075.92	31.5602
2077.98	31.6332
2080.03	31.5912
2082.03	31.6031
2083.9	31.5636
2086.04	31.5384
2088.05	31.6563
2090.09	31.7275
2091.95	31.5801
2094.03	31.5623
2096.11	152.49
2098.17	31.5502
2099.98	31.5271
2102.03	31.5827
2104.03	152.491
2106.1	152.449
2108.01	31.7084
2110.07	31.5994
2112.07	31.5786
2113.9	31.616
2116.03	152.353
2117.97	31.5898
2120.12	152.399
2121.94	152.499
2124.02	31.6443
2125.99	31.6126
2128.09	31.5919
2129.91	31.6912
2131.96	152.479
2134.07	31.7221
2136.09	31.6344
2137.96	31.6997
2140.01	31.7209
2142.08	152.487
2144.1	31.663
2145.97	31.6355
2147.97	152.488
2150.07	31.7232
2151.98	31.5961
2154.05	31.6411
2155.95	152.624
2158.06	31.681
2159.96	152.442
2161.99	31.6345
2163.97	31.7172
2166.07	31.6271
2167.92	152.516
2170	31.683
2172.02	31.7131
2174.12	31.6204
2175.91	31.6463
2178.04	31.6315
2180.04	31.6898
2182.1	31.6788
2183.94	152.392
2186.03	31.675
2188.03	31.6862
2189.89	31.6682
2192.01	31.7358
2194.03	31.6417
2196.09	31.6781
2197.93	31.7731
2200.02	152.482
2202.02	31.6799
2204.08	31.7073
2205.93	31.6288
2207.99	152.567
2210.05	31.698
2212.14	152.412
2213.92	31.8085
2215.96	31.7808
2218.07	152.529
2220.15	31.7249
2221.99	31.6908
2224	31.6779
2226.08	31.6838
2227.96	31.7337
2229.97	152.587
2232.01	31.8088
2234.03	152.666
2235.9	31.6793
2237.95	152.587
2240	31.7681
2242.08	31.7122
2243.93	31.8349
2245.97	31.8118
2248.08	31.7081
2250.1	31.8489
2252	31.7867
2254.03	31.8117
2256.07	31.6976
2258.1	152.672
2259.99	152.565
2261.99	152.503
2264.1	31.6972
2265.88	31.7625
2267.95	31.884
2269.99	31.8301
2272.07	152.561
2273.97	31.7024
2276.01	31.7242
2278.04	31.7304
2280.08	31.7073
2281.93	31.7338
2284.01	152.615
2286.01	152.658
2288.17	31.8252
2289.94	31.752
2292.09	31.7022
2294.07	152.626
2296.09	31.7423
2297.99	31.8799
2300	152.586
2302.06	31.7754
2304.08	31.7854
2305.99	31.8395
2308.03	31.9031
2310.09	31.8443
2311.9	31.8534
2314.05	31.755
2316.01	152.61
2318.05	152.573
2319.94	31.7952
2322	31.8461
2324	31.9464
2326.11	152.684
2327.97	31.786
2329.99	31.8042
2332.06	31.8086
2334.07	31.8138
2335.96	31.8398
2338.03	31.7784
2340.03	31.91
2342.15	31.8202
2343.97	31.8265
2346.03	152.621
2348.12	31.7375
2349.94	31.8717
2352.03	31.7941
2353.99	152.551
2356.08	31.8302
2357.91	31.7892
2359.98	152.66
2362.06	31.8062
2364.06	152.758
2365.98	152.668
2368	31.839
2370.04	31.8954
2372.08	31.8498
2373.93	31.8998
2375.99	31.7705
2378.06	31.8397
2380.1	152.797
2381.99	31.8463
2384.01	31.9999
2386.07	32.0026
2387.93	152.861
2390.07	31.8861
2392.04	31.9059
2394.13	152.659
2395.96	31.9055
2397.98	32.0077
2400.09	31.982
2402.03	31.9386
2403.96	31.8849
2405.93	31.9602
2408.05	32.0171
2410.17	31.9127
2411.95	31.8812
2414.01	31.9621
2416.01	31.9702
2418.09	152.789
2419.99	31.871
2422.05	31.866
2424.02	31.8898
2425.93	31.9288
2428.01	152.732
2430	31.8669
2432.11	31.8457
2433.92	32.053
2436.02	-207.187
2438.01	32.0424
2440.09	31.9116
2441.95	31.9252
2443.94	31.8708
2446.08	31.8691
2448.11	32.059
2449.91	31.9545
2451.97	31.9219
2454.08	31.9469
2456.11	-207.159
2457.97	31.9209
2460	32.0676
2462.07	-207.258
2463.91	31.9857
2465.96	31.9554
2468.03	-207.216
2470.08	31.9912
2471.96	31.9319
2474.04	31.9005
2476.07	31.9831
2478.08	31.9477
2479.97	-207.24
2482.04	32.0142
2484.05	32.0478
2486.14	31.8758
2487.95	31.942
2490.04	32.094
2492.07	32.0111
2494.1	-207.154
2495.99	32.06
2498.11	31.961
2500.12	31.9822
2502.01	-207.098
2503.97	-207.174
2506.12	-207.217
2508.08	32.0523
2509.93	-207.083
2512	32.0063
2514.02	-207.047
2516.05	31.997
2517.91	31.9676
2520.02	31.9724
2522.09	32.0721
2524.09	31.9648
2526	-207.211
2528	-207.11
2530.05	32.0459
2532.16	31.9496
2533.93	31.997
2536.07	32.0209
2538.04	32.0817
2540.11	-207.136
2542.03	32.0411
2543.98	32.087
2546.03	32.1505
2547.92	32.0081
2550.02	32.146
2552.05	31.9974
2554.11	31.9943
2555.94	32.0027
2557.97	32.1819
2560.07	32.1193
2562.11	-207.157
2563.98	32.0072
2566	-207.044
2568.06	32.1206
2570.1	-207.06
2571.93	-207.014
2574.02	32.1027
2576.08	32.1628
2578.17	-207.027
2579.91	-207.021
2582.02	32.1554
2584.01	32.0431
2585.94	32.1267
2588.06	32.167
2589.97	-207.084
2592.05	32.0227
2593.95	32.1511
2596.03	32.1532
2598.01	-207.067
2600.08	32.0859
2601.99	32.1582
2603.97	32.1562
2606.08	31.9968
2608.12	32.1628
2609.91	32.1744
2612.03	32.1794
2614.12	32.0944
2616.13	32.2284
2617.91	32.096
2620.04	32.2136
2622.04	32.0891
2623.91	32.115
2625.96	32.0445
2628.01	32.0671
2630.1	32.0652
2631.94	-206.964
2634.04	32.0602
2636.11	32.1012
2638.08	-207.019
2639.88	32.2154
2642.03	32.1788
2643.99	32.2094
2646.09	32.1763
2647.88	-206.988
2650.04	32.1254
2652.09	32.08
2654.06	32.2022
2656	32.1074
2658.06	32.0487
2660.11	32.0887
2662.1	32.2667
2664.02	32.2174
2666.02	32.2508
2668.07	32.1898
2669.93	32.2644
2671.99	32.2235
2674	32.2471
2676.03	32.2908
2677.92	32.2579
2679.92	152.964
2681.99	32.2523
2684.11	32.132
2685.95	32.2895
2687.96	152.978
2690.08	32.2411
2692.07	32.2045
2693.98	32.1683
2696.02	32.2857
2698.12	32.1356
2700.14	153.036
2702.03	32.2956
2703.95	32.1493
2706.09	32.2903
2707.88	32.2384
2709.92	32.2213
2712.05	32.2646
2714.13	153.027
2715.98	32.1374
2718.03	32.1419
2720.01	32.1028
2722.08	152.866
2724	32.2585
2726.04	153.004
2728.03	32.2348
2730.17	153.034
2732.01	32.2641
2734.01	32.2653
2736.05	32.2999
2738.05	32.2753
2739.89	32.233
2742.05	32.2558
2744.03	32.2681
2745.85	32.3729
2748	32.4013
2750.09	153.039
2752.08	32.2411
2753.96	32.2992
2755.95	32.2791
2758	32.2767
2760.07	32.329
2761.94	153.046
2764.03	32.3085
2766.08	153.099
2768.09	32.2905
2770.01	32.1616
2771.96	153.098
2774.06	32.19
2776.11	32.2686
2777.97	32.3337
2780.04	32.3245
2782.06	32.344
2783.94	32.3287
2786	32.2548
2787.98	32.2648
2790.09	32.3368
2791.97	32.2232
2793.95	153.113
2795.99	32.3627
2798.04	32.371
2799.97	32.3233
2802.01	153.104
2804.08	32.2887
2806.09	32.3138
2807.99	153.095
2810.01	32.2905
2812.11	32.453
2814.13	32.2604
2815.99	153.152
2818.05	32.2358
2820.08	153.161
2821.89	32.4457
2823.92	32.2773
2826.05	32.3614
2828.06	153.193
2829.97	32.2604
2831.98	32.262
2834	32.3594
2836.13	32.3537
2837.92	32.4137
2840.05	32.3081
2842.09	32.4333
2844.1	32.462
2845.95	32.386
2848.04	32.3131
2850.03	32.3312
2852.11	32.4337
2853.99	32.2925
2856.06	32.4123
2858.03	32.3233
2860.15	32.3257
2861.98	32.3314
2863.98	32.4756
2866.08	153.259
2867.85	32.3085
2869.95	32.4012
2872.07	153.215
2874.02	32.4562
2875.99	32.3042
2878.02	32.4502
2880.06	153.21
2882.05	32.3441
2883.96	32.4693
2885.98	153.11
2888.05	153.149
2890.1	153.298
2891.96	32.4766
2894.02	153.317
2896.03	32.4155
2898.11	32.3574
2900.01	32.4951
2902.06	32.5272
2904.08	32.4747
2905.91	32.376
2907.99	32.4105
2910.11	32.4044
2912.08	32.5101
2913.93	153.186
2916.01	32.4142
2918.07	32.381
2920.1	32.4827
2921.92	32.3945
2924.02	32.3888
2926.05	32.3269
2928.06	32.3704
2929.92	153.243
2932.01	32.4277
2934.07	32.3664
2936.1	32.537
2937.94	32.479
2940.09	32.4604
2942.09	32.5344
2943.89	32.4928
2946.02	32.3739
2948.11	32.3454
2950.05	153.308
2951.94	153.202
2953.98	32.3999
2956.02	32.4902
2958.14	153.32
2959.96	32.3935
2962.05	32.5378
2964.1	32.5258
2966.08	32.4399
2968	32.3828
2969.98	32.5048
2972.08	32.4736
2974.16	153.263
2976	32.471
2978.04	32.5149
2980.12	32.4727
2981.95	32.4999
2983.97	153.356
2986	153.315
2988.1	32.5841
2989.97	32.5604
2992.03	32.4493
2994.01	32.6169
2996.06	32.5398
2997.97	153.397
2999.94	32.5833
3002.09	32.5576
3004.02	32.5371
3005.93	32.5655
3008.07	32.6137
3010.07	32.5902
3012.12	32.6093
3013.99	153.334
3016.04	32.4695
3018.11	32.4309
3020.09	32.59
3021.96	32.5426
3024.05	32.4493
3026.1	32.638
3027.97	32.462
3030.02	32.5345
3032.04	153.307
3034.07	32.4645
3036	32.4505
3038.03	32.4947
3040.01	32.5828
3042.11	153.351
3043.95	32.4888
3045.97	32.6052
3048.07	32.5304
3050.13	32.5165
3051.93	32.6658
3054.02	32.6208
3056.07	32.6157
3058.17	32.5933
3059.97	32.5665
3062.07	32.5994
3064.11	32.6392
3065.94	32.5213
3068.01	153.358
3070.03	32.6112
3072.12	32.5102
3073.94	32.6151
3076.05	153.292
3078.1	32.536
3080.1	32.7083
3081.98	32.597
3084.01	32.545
3086.1	32.4975
3088.17	32.5334
3090	32.6172
3091.97	32.6807
3094.08	32.517
3096.1	32.7141
3097.97	32.6593
3100.01	-206.526
3102.1	-206.494
3103.92	32.6144
3106.01	32.4788
3108.06	32.4981
3110.16	32.5947
3111.95	32.7015
3114.01	-206.553
3116.08	-206.68
3118.17	-206.664
3119.99	32.598
3121.98	32.6047
3124.07	32.7001
3126.08	32.6351
3127.93	32.6268
3129.96	32.6663
3132.1	32.6536
3134.11	32.6931
3135.94	32.5817
3138	32.6794
3140.08	32.7246
3141.94	32.7479
3143.96	32.5984
3146.07	32.7016
3148.08	32.5993
3149.95	32.7523
3154.05	32.6857
3156.09	32.693
3157.98	32.5941
3160.02	32.6775
3161.99	32.625
3164.11	32.6189
3165.95	32.5637
3168.04	32.6372
3170.14	32.7395
3172.06	32.7622
3174	32.7093
3176.02	32.5833
3178.11	32.6643
3179.99	32.7303
3181.94	-206.594
3184.02	32.7403
3186.13	32.649
3187.94	32.8087
3190.02	32.6498
3192.04	32.6477
3194.02	32.8779
3195.9	32.6912
3198.06	32.7143
3200.07	-206.452
3202.11	32.6492
3203.99	32.646
3206.07	32.7139
3208.06	32.741
3210.08	-206.455
3211.92	32.6741
3214	-206.589
3216.06	32.6863
3218.16	32.8398
3219.99	32.7725
3222.03	32.7663
3224.07	32.8434
3225.91	32.7004
3228.03	-206.476
3230.04	32.7858
3232.09	-206.465
3233.96	32.6449
3236.04	32.6515
3238.1	32.7175
3240.12	32.7107
3242.03	-206.541
3244.06	32.7503
3246.1	32.8143
3248.1	32.8631
3249.97	32.6502
3252.01	32.8574
3254.07	32.7184
3256.12	-206.441
3258.03	32.7659
3260.06	32.8082
3262.1	32.6492
3263.94	32.7523
3266.01	32.7189
3268	32.8209
3270.14	32.7203
3272.05	32.6995
3273.96	32.8422
3276.06	32.8406
3278.08	32.7921
3279.95	32.7896
3282.04	32.7026
3284.09	-206.426
3286.07	32.8457
3288.01	32.7119
3290	32.8083
3292.11	32.7796
3294.12	32.8456
3296.01	-206.471
3298.08	32.7443
3300.01	-206.416
3301.99	32.7054
3303.98	32.816
3306.1	-206.366
3308.02	-206.304
3309.94	-206.38
3312.03	32.8294
3314.08	-206.49
3316.05	32.8602
3318.03	32.688
3320.02	32.8043
3322.09	32.8268
3324.13	32.8947
3325.99	32.7136
3327.94	-206.318
3330.09	32.8614
3332.07	-206.307
3334	32.9102
3336.02	32.6953
3338.11	32.9255
3339.9	32.9597
3342.08	32.9062
3344.03	32.8117
3346.09	32.8428
3348.02	153.662
3350.05	32.9556
3352.07	32.8778
3354.11	32.8016
3355.93	32.8602
3357.92	32.8451
3360.02	32.8757
3362.15	32.9518
3363.96	32.8144
3366.01	32.9013
3368.17	32.8525
3370.12	32.6985
3371.97	32.8085
3374.04	32.9402
3376.11	153.664
3378.01	32.9061
3379.94	33.0271
3382.12	32.9355
3384.11	32.901
3385.98	32.9241
3388	153.773
3390.02	32.9666
3392.1	32.7869
3393.91	32.9703
3395.97	32.9667
3398.06	32.9575
3400.11	153.763
3401.97	32.9883
3404	153.786
3406.11	32.8518
3408.13	32.9674
3410.02	32.86
3412.04	32.9991
3414.05	153.709
3416.16	32.8952
3417.97	33.0314
3419.97	153.657
3422.06	33.0146
3423.86	32.9707
3426.07	32.8976
3428.1	32.9195
3430.1	33.019
3431.94	33.012
3434.01	32.9176
3436.07	32.8369
3438.12	32.9488
3440.01	32.8602
3442.03	32.8739
3444.05	153.739
3446.15	32.9808
3447.95	32.9671
3450.05	32.9708
3452.06	32.9303
3454.11	33.0179
3455.98	33.01
3458.04	153.71
3460.02	33.0495
3461.92	153.625
3464	33.0261
3466.05	153.661
3468.16	33.0738
3469.97	32.9385
3471.95	153.759
3474.09	33.0039
3476.1	33.0075
3477.93	32.9404
3479.98	32.9457
3482.12	32.9561
3484.11	33.0023
3485.96	33.0061
3487.99	153.649
3490.07	33.1385
3492.13	33.0939
3493.99	153.808
3496.01	32.9744
3498.06	32.9309
3500.03	32.9225
3502.03	32.8809
3504.07	33.1013
3506.11	32.8812
3507.95	153.894
3510.03	32.8721
3512.07	33.1063
3514.04	33.1141
3515.96	33.0733
3518.01	32.9673
3520.06	33.0591
3522.12	33.0159
3524.02	33.0103
3526.04	33.0427
3528.11	33.1507
3530.14	33.1472
3532	33.0572
3534.05	33.0827
3536.09	33.0418
3537.97	32.9731
3539.95	33.1151
3542.05	153.777
3544.08	32.948
3545.96	153.774
3547.96	33.1504
3550.12	32.8837
3552.07	33.1761
3554	33.0348
3555.99	33.048
3558.1	33.1044
3560.05	33.072
3561.99	33.083
3564.01	32.9664
3566.07	33.0337
3568.06	153.979
3569.99	33.1068
3572.09	33.0481
3574.08	33.1493
3576.08	33.0616
3577.94	33.1563
3580.06	33.1609
3582.07	153.969
3583.92	33.0599
3586.02	33.095
3588.07	33.1625
3590.12	153.903
3591.94	33.0338
3593.96	33.1648
3596.03	33.1609
3598.12	33.1526
3599.95	33.1441
3602.02	153.891
3604.04	33.2278
3606.12	33.1305
3607.97	33.181
3609.98	33.1347
3612.06	33.1694
3614.13	33.149
3615.97	33.0114
3618.06	33.1418
3620.13	33.0436
3621.94	33.2165
3623.98	33.1548
3626.04	32.9885
3628.05	33.0654
3630.02	33.1421
3632.01	33.1355
3634.1	33.1505
3636.1	33.1454
3637.95	33.054
3639.99	33.0601
3642.05	33.0716
3644.12	33.1994
3645.92	153.945
3648.01	33.1671
3650.04	153.938
3652.15	33.1073
3653.99	33.1539
3656.05	33.1206
3658.04	153.932
3659.94	33.1539
3661.96	33.1683
3664.07	33.0742
3666.13	33.2284
3667.95	33.1313
3670.04	33.1255
3671.99	33.1515
3674.08	33.0763
3675.94	33.2264
3678.02	33.2188
3680.05	33.2494
3682.19	153.88
3683.97	33.2868
3686.02	33.2764
3688.11	33.2075
3690.15	33.2268
3692	33.2483
3694.03	154.035
3696.08	33.254
3697.88	33.1791
3700	33.2886
3702.03	33.2323
3704.12	33.2227
3705.94	33.0498
3708.01	153.899
3710.05	33.0517
3712.12	33.142
3713.96	33.14
3716.02	33.1362
3718.03	33.2416
3720.09	33.1852
3722.01	33.2017
3724.03	33.2002
3726.09	33.3305
3728.12	153.968
3730	33.1811
3732.05	33.2303
3734.08	33.2401
3735.93	33.294
3738.01	33.2745
3740.03	33.2892
3742.06	33.102
3743.92	33.2701
3745.97	33.2849
3748	154.061
3750.11	33.1533
3752	33.1721
3753.99	33.2978
3755.99	33.2685
3758.08	33.3127
3759.89	33.2968
3761.96	33.3209
3764.11	33.1515
3766.19	33.296
3767.96	33.2898
3770.03	33.275
3772.14	33.3019
3774.06	33.1995
3775.99	33.3143
3778.05	-205.919
3780.08	33.1868
3782	33.4132
3783.96	33.3035
3786.06	-205.892
3788.06	33.3146
3790.01	33.3313
3791.94	33.2425
3794.06	33.2885
3796.1	33.2602
3797.93	33.2228
3800.02	33.3606
3802.06	33.3501
3804.11	-205.885
3805.99	-205.914
3808.09	-205.831
3810.1	33.2321
3812.11	33.2458
3813.99	33.343
3816.08	33.3419
3818.09	33.3485
3820	33.1973
3822.04	33.2888
3824.08	33.2233
3826.11	-205.987
3827.91	33.2568
3829.97	33.374
3832.08	33.2727
3834.12	33.4041
3835.97	33.2655
3838.08	33.2949
3840.08	33.2735
3842.17	33.2949
3844.01	33.3642
3845.97	33.365
3848.03	33.4489
3850.03	33.4462
3852.04	-206
3854.04	-205.817
3856.08	33.3013
3857.93	33.3246
3860.04	-205.931
3862.08	33.3959
3864.09	33.333
3865.99	33.2612
3868.05	33.3738
3870.08	33.405
3872.16	33.4021
3873.89	33.3797
3876.05	33.2813
3878	33.4137
3880.05	33.4962
3881.99	-205.789
3883.96	33.4364
3886.03	-205.764
3888.15	33.4167
3889.96	33.4353
3891.99	33.4688
3894.12	-205.826
3895.92	33.4371
3898.03	33.3581
3899.97	-205.833
3902.09	33.4541
3903.93	33.3278
3905.99	33.4659
3908.06	33.2985
3910.09	33.4361
3911.96	33.4314
3913.99	33.3447
3916.08	33.4307
3918.08	33.372
3919.92	33.4173
3922.02	33.381
3924.06	33.4655
3926.04	33.5131
3928.01	33.427
3930.09	33.2967
3932.15	33.3676
3934.07	33.513
3935.97	33.5185
3938.05	33.4271
3940	33.4108
3941.95	33.4655
3943.98	33.5078
3946.02	33.3798
3948.14	33.3786
3949.99	33.4204
3951.98	33.4816
3954.13	33.467
3956.2	33.4022
3958.01	33.4167
3960.02	33.466
3962.04	33.4813
3963.98	33.452
3965.93	33.3568
3968.02	33.41
3970.13	33.3781
3972.08	33.5526
3974.04	33.4585
3976.1	33.5023
3978.11	33.4088
3980.01	33.5091
3982	33.4775
3984.05	33.3521
3986.17	33.4185
3987.87	33.4387
3989.91	33.4789
3992.02	33.5139
3994.14	33.5117
3995.92	-205.778
3997.98	33.4427
4000.04	154.181
4002.07	33.3662
4003.95	154.43
4006	33.5896
4008.13	154.095
4010.12	33.4285
4011.95	33.6233
4014.02	33.4937
4016.05	33.5941
4017.88	33.5221
4019.99	33.4602
4022.11	33.4451
4024.09	33.6188
4025.95	33.4443
4027.97	33.6039
4030.06	33.4626
4032.12	33.4802
4034	33.5752
4035.95	33.5143
4038.08	154.238
4040.06	33.5488
4041.94	33.5447
4043.89	154.286
4046.08	33.5613
4048.05	33.5984
4050.05	154.31
4052.12	33.5681
4054.07	33.3675
4055.94	33.5961
4058.01	33.552
4060.08	33.6111
4062.07	33.4864
4063.92	33.4794
4066.01	33.585
4068.06	33.6487
4070.16	33.6155
4071.92	33.6266
4074	33.6088
4076.1	33.6465
4078.11	33.5336
4079.91	33.6312
4081.96	33.6472
4084.05	33.6143
4086.12	33.5882
4087.94	33.6349
4090.03	33.555
4092.08	33.6164
4093.9	33.5823
4096.05	33.5092
4098.08	33.6526
4100.07	33.5496
4101.99	33.6874
4103.92	33.6071
4106.01	154.454
4108.11	33.574
4109.89	33.6424
4112	33.6894
4114.02	33.5717
4116.12	33.6573
4117.99	33.6889
4119.97	33.6455
4122.13	154.412
4124.14	33.54
4125.99	33.5803
4128.03	33.6375
4130.03	33.6201
4132.15	33.6243
4133.93	33.6092
4136.05	33.6331
4138.15	33.4899
4139.96	33.605
4141.99	33.5033
4144.05	33.7177
4146.13	33.688
4147.98	33.6802
4150.03	33.6858
4152.11	33.715
4154.13	33.6683
4155.97	33.6476
4157.99	33.7047
4160.07	33.7537
4162.08	33.7083
4164.01	33.6793
4166.1	33.6151
4168.08	33.7158
4170.14	154.454
4171.98	154.515
4173.99	33.6185
4176.12	33.7044
4177.93	33.6886
4179.99	33.7257
4182.02	33.7051
4184.04	154.516
4186	33.6776
4188.02	33.7823
4190.05	33.72
4192.12	33.7491
4193.95	33.8051
4196.02	33.7229
4198.05	33.7986
4200.14	33.7562
4201.98	33.7296
4204.07	33.7238
4206.12	154.458
4208.1	33.7819
4209.99	33.5853
4211.98	33.7793
4214.14	33.7854
4215.94	33.7153
4217.93	33.6395
4220.07	33.751
4222.13	33.6268
4223.94	33.8508
4226.04	33.7151
4228.09	33.6652
4230.13	154.461
4231.96	33.7126
4233.96	33.7838
4236.07	33.6749
4238.05	33.8099
4239.92	33.8195
4242	154.438
4244.13	33.887
4246.15	154.527
4247.97	33.8119
4249.97	33.7426
4252.05	33.7689
4253.96	154.464
4255.96	33.6057
4258.07	33.7669
4260.1	33.8179
4261.91	33.7174
4264.05	33.8602
4266.09	33.8157
4268.1	33.691
4269.93	33.7739
4272.06	33.7558
4273.98	33.7359
4276.12	33.8367
4277.95	33.6725
4279.98	33.8715
4282.06	33.7114
4284.12	33.8274
4285.96	33.8685
4288.03	33.7571
4290.04	33.6701
4291.97	33.7602
4294.01	33.8407
4296.03	154.417
4298.08	33.7994
4299.98	33.6955
4302.05	33.7659
4304.05	33.7487
4306.08	33.7234
4307.93	33.8583
4309.99	154.437
4312.05	154.629
4314.14	33.787
4315.95	33.7594
4317.97	33.7077
4320.09	33.8058
4322.04	33.9459
4323.99	33.9059
4326.03	154.556
4328.04	33.7328
4330.18	33.844
4331.97	33.8713
4333.99	33.7704
4336.12	33.846
4337.96	33.7879
4339.99	33.7264
4344.12	33.8618
4345.95	154.611
4348.04	33.8157
4350.09	33.8666
4352.06	33.8528
4353.97	33.9002
4356	33.9287
4358.08	33.9412
4360.11	33.7714
4361.94	33.8292
4364.06	33.8279
4366.02	33.9445
4368.09	33.9214
4369.99	33.8368
4372.01	33.9264
4374.11	33.7269
4375.92	33.7666
4377.95	33.944
4380.02	33.9458
4382.06	33.87
4383.95	154.681
4385.99	33.8747
4388.07	33.9112
4390.11	33.8322
4392.02	33.9676
4394.07	33.8164
4396.11	154.686
4398.12	33.9044
4400.01	33.8574
4402.03	33.9711
4404.05	33.9714
4406.16	33.8376
4408.02	33.9079
4410.07	33.795
4412.1	33.8966
4413.91	34.0178
4415.97	33.9197
4418.02	33.856
4420.06	34.0304
4421.99	33.8175
4423.97	33.9791
4426.09	33.8945
4428.09	33.9479
4429.96	33.8845
4431.99	33.9876
4434.05	33.7912
4436.09	34.0019
4437.94	34.0076
4440.04	33.8651
4442.15	33.9712
4444.06	33.9849
4446	33.9815
4448.05	33.9386
4450.06	33.8835
4451.95	34.039
4453.97	33.8781
4456	33.9362
4458.09	33.9364
4459.94	33.8389
4462.08	33.955
4464.09	33.9575
4466.12	34.0027
4467.94	34.0212
4469.95	34.1339
4472.04	33.9488
4474.11	33.9478
4475.92	34.0213
4478.03	34.0949
4480.01	33.8575
4482.08	33.9056
4483.95	33.8489
4486.02	33.9979
4488.07	34.0603
4490.17	33.9878
4491.96	34.0142
4494.06	34.0679
4496.12	33.9643
4497.92	34.0512
4500.03	33.9327
4502.09	34.0608
4504.12	33.9895
4505.91	34.0839
4508.01	33.9833
4509.99	34.0337
4512.08	34.0211
4513.96	33.9894
4516.11	33.8738
4518.07	34.0339
4520.06	34.1091
4522.01	34.0101
4524	33.9065
4526.06	33.956
4528.15	-205.176
4530	34.0366
4532.03	33.9896
4534.06	34.0014
4535.92	33.9736
4538.06	33.9825
4540.12	34.0409
4542.18	33.9598
4543.94	34.0997
4546.05	34.0252
4548.06	33.8661
4550.11	33.9169
4551.99	33.9982
4553.96	34.0576
4556.13	34.1205
4558.17	33.9816
4560	34.038
4562.03	34.0759
4564.08	34.1931
4566.09	34.1022
4568	34.0876
4570.01	34.1235
4572.06	34.0425
4573.96	34.0006
4575.94	33.9253
4578.04	34.1261
4580.08	34.0278
4581.9	34.0954
4584.03	34.1599
4586.06	34.018
4588.16	34.1076
4589.99	34.0528
4592.04	34.1686
4594.07	34.156
4596.11	34.034
4597.97	34.1808
4599.99	34.0804
4602.07	34.1307
4604.1	34.0993
4606	34.0152
4608.04	34.0681
4610.09	34.0496
4611.95	34.0452
4613.97	34.1811
4616.1	-205.124
4618.11	34.0099
4620	34.1343
4622.05	34.1033
4624.02	34.1447
4626.08	34.1876
4628.03	34.0814
4630.04	34.0529
4632.02	34.1023
4634.14	34.0244
4635.9	34.179
4638.1	34.0925
4640.06	34.1715
4642.08	34.1171
4643.96	34.0974
4646.04	34.1771
4648.04	34.163
4650.02	34.172
4651.93	34.219
4654.12	33.9948
4656.05	34.0883
4658.03	34.1935
4659.97	34.2146
4662.1	34.236
4664.11	34.2342
4665.96	34.1896
4667.99	34.2137
4670.09	34.1611
4674.01	34.1102
4676.01	34.1954
4677.97	34.1803
4680.12	34.1034
4681.91	34.2071
4683.99	34.242
4686.09	34.1934
4688.11	34.1352
4689.93	34.2367
4691.99	34.1035
4694.01	34.1578
4695.96	34.3117
4698.03	34.1883
4700.04	155.025
4702.09	34.2245
4703.98	34.0599
4706	34.1579
4708.07	34.1947
4710.08	34.2474
4711.95	34.1813
4714.05	34.1044
4716.04	34.2191
4718.19	34.2133
4719.99	34.1688
4721.97	34.2093
4724.05	34.1707
4726.14	34.1248
4728.03	34.1806
4730.09	34.2425
4732.11	34.2062
4733.93	34.3331
4735.99	34.1516
4738.05	34.2311
4740.1	34.2445
4741.99	34.2479
4744.03	34.3115
4746.09	34.1371
4748.07	34.1767
4749.99	34.0284
4752.02	34.3571
4754.04	34.119
4756.13	34.3581
4758.02	34.2947
