Frequency - Amplitude	Voltage amplitude - Amplitude
979.436	1.94604
1019.5	1.90104
1039.47	1.90082
1060.18	1.89914
1080.31	1.89851
1100.48	1.89822
1120.29	1.89741
1140.36	1.89761
1160.49	1.89708
1180.28	1.8971
1199.73	1.89688
1219.81	1.89633
1239.83	1.89602
1259.88	1.89571
1279.76	1.8952
1299.76	1.89473
1319.86	1.89409
1339.81	1.89344
1359.97	1.89301
1379.93	1.8921
1399.84	1.89158
1420.07	1.89073
1440	1.89056
1459.93	1.88964
1480	1.88896
1500.03	1.88807
1519.87	1.88742
1540.05	1.88671
1559.93	1.88529
1580.1	1.88477
1599.99	1.88394
1619.97	1.88296
1640.04	1.88147
1660.06	1.88025
1679.98	1.87945
1700.09	1.8781
1719.94	1.87702
1740.15	1.87556
1760.07	1.87383
1780.02	1.87241
1800.07	1.87083
1820.01	1.86896
1839.9	1.86724
1860.02	1.86521
1879.9	1.86334
1900.05	1.86088
1919.98	1.85804
1939.91	1.85581
1960.07	1.85306
1979.98	1.84999
1999.95	1.84692
2020.03	1.84345
2039.81	1.84009
2060.06	1.83631
2079.99	1.83219
2099.86	1.8277
2119.97	1.82277
2139.94	1.81758
2159.83	1.81171
2179.88	1.80574
2199.83	1.7987
2219.9	1.79132
2239.9	1.78322
2259.87	1.77404
2279.97	1.76432
2299.89	1.75365
2319.84	1.74198
2339.94	1.72864
2359.89	1.71373
2379.97	1.69711
2399.97	1.67897
2419.86	1.65833
2440.11	1.63522
2460.06	1.60864
2479.98	1.57967
2500.22	1.54575
2520.11	1.50804
2540.3	1.46456
2560.24	1.41611
2580.31	1.36087
2600.42	1.29861
2620.37	1.22999
2640.38	1.15342
2660.6	1.06887
2680.79	0.979469
2700.79	0.884065
2720.89	0.78636
2741.06	0.689353
2761.05	0.595773
2781.03	0.513623
2800.6	0.449977
2819.99	0.41318
2839.15	0.410799
2858.72	0.440212
2878.24	0.492648
2898.41	0.558043
2918.48	0.630676
2938.62	0.704723
2958.75	0.77738
2978.99	0.849079
2999.11	0.917055
3019.36	0.98154
3039.37	1.04125
3059.4	1.09783
3079.6	1.15061
3099.59	1.1994
3119.6	1.24461
3139.85	1.28721
3159.84	1.32618
3179.77	1.3619
3199.89	1.39543
3219.86	1.42629
3240.08	1.4549
3260.01	1.48145
3280.1	1.50558
3300.21	1.52843
3320.24	1.54947
3339.85	1.56878
3360.08	1.58701
3380.06	1.60377
3400.06	1.61965
3420.08	1.63379
3440	1.64744
3460.1	1.65977
3480.05	1.67156
3500.09	1.68232
3520.18	1.69296
3540.11	1.7024
3560.21	1.71144
3580.16	1.72011
3600.13	1.72787
3620.21	1.73533
3640.16	1.74206
3660.08	1.74886
3680.17	1.75497
3700.12	1.76084
3720.22	1.76659
3740.19	1.77181
3760.15	1.77656
3780.26	1.78107
3800.13	1.78543
3820.16	1.7897
3840.19	1.79381
3860.17	1.79741
3880.22	1.80118
3900.11	1.8043
3920	1.80738
3940.13	1.8104
3960.15	1.81359
3980	1.81642
4000.08	1.81943
4019.96	1.82197
4040.1	1.8239
4060.02	1.82628
4079.98	1.82827
4100.16	1.83073
4120.01	1.83282
4139.94	1.83479
4160.07	1.83638
4179.98	1.83824
4200.11	1.83989
4220.03	1.84132
4239.94	1.84296
4260.08	1.8446
4280.06	1.84624
4299.98	1.84737
4320.05	1.8487
4340.06	1.85015
4360.14	1.85133
4380.02	1.85268
4399.97	1.85373
4420.1	1.85482
4440.04	1.85583
4459.99	1.85724
4480.03	1.85822
4499.98	1.85892
4520.1	1.85991
4540.08	1.86057
4560.01	1.86144
4580.07	1.86256
4600.04	1.86311
4619.91	1.86409
4640.06	1.86497
4659.92	1.86561
4680.12	1.86648
4700.16	1.86714
4719.97	1.86761
4740.19	1.86841
4760	1.86877
4779.97	1.86963
4800.09	1.87014
4820	1.87077
4840.2	1.87112
4860.07	1.87174
4879.98	1.87287
4900.09	1.87292
4939.9	1.87367
4960.08	1.8745
4979.96	1.87459
5000.14	1.87525
5020.05	1.87594
5039.99	1.87597
5060.08	1.87656
5080.08	1.87729
5099.98	1.87758
5120.08	1.87791
5140.04	1.87819
5160.1	1.87859
5180	1.87882
5199.98	1.87924
5220.15	1.87952
5240.04	1.8802
5260.02	1.88025
5280.05	1.88043
5300	1.88086
5320.01	1.88129
5340.06	1.88149
5360.04	1.88162
5380.05	1.88205
5400.06	1.88219
5419.98	1.88244
5440.05	1.88272
5459.93	1.88309
5480.15	1.88339
5500.04	1.88353
5520.02	1.88373
5540.11	1.88383
5560.05	1.88393
5579.99	1.88407
5600.11	1.88463
5620.04	1.88482
5640.17	1.88513
5660.06	1.88527
5680.01	1.88541
5700.09	1.88552
5720.02	1.88583
5739.98	1.88609
5760.07	1.88583
5779.96	1.88656
5800.1	1.88635
5820.07	1.88653
5839.99	1.88706
5860.13	1.8872
5880.08	1.88733
5900.06	1.88732
5920.13	1.88742
5940.01	1.88747
5960.13	1.88804
5980.07	1.88779
6000.04	1.8882
6020.07	1.88802
6039.99	1.88804
6060.02	1.88825
6080.14	1.88846
6100.04	1.88878
6119.97	1.88867
6140.15	1.88882
6160.01	1.88915
6180.16	1.88935
6200.03	1.88904
6219.99	1.88918
6240.14	1.88946
6260.05	1.88926
6279.98	1.88974
6300.06	1.88929
6320.06	1.88975
6340.12	1.88996
6360.04	1.88975
6380.02	1.8901
6400.1	1.89003
6420.04	1.89023
6439.96	1.89032
6460.11	1.89024
6480	1.89052
6500.1	1.8906
6520.05	1.89063
6539.96	1.89076
6560.07	1.89079
6580.03	1.89094
6599.95	1.89124
6620.07	1.89128
6639.98	1.89138
6660.13	1.89121
6680.11	1.8913
6700.01	1.89153
6720.1	1.89147
6740.03	1.89143
6760.02	1.89174
6780.06	1.8918
6799.96	1.8919
6820.18	1.89173
6840.05	1.89202
6859.95	1.89194
6880.13	1.89196
6900.05	1.89181
6919.92	1.8921
6940.06	1.8922
6960.01	1.89222
6980.18	1.89255
7000.07	1.8922
7020.02	1.89239
7040.13	1.8925
7060.06	1.89266
7079.99	1.89282
7100.13	1.8928
7120.02	1.89283
7140.17	1.89262
7160.09	1.8927
7179.98	1.89282
7200.12	1.89294
7220.01	1.89293
7240.07	1.89285
7260.06	1.89325
7280.06	1.89312
7300.12	1.89322
7320.15	1.89298
7340.03	1.89311
7360.07	1.89317
7380.06	1.89347
7400.04	1.89331
7420.04	1.8935
7439.96	1.89324
7460.12	1.89351
7480.09	1.89349
7500	1.89345
7520.04	1.89336
7540.11	1.89369
7560.01	1.89346
7580.11	1.89329
7600.02	1.89358
7620.15	1.89345
7640.07	1.89366
7660.05	1.89346
7680.17	1.89357
7700.05	1.89324
7720.01	1.89375
7740.07	1.89363
7760.01	1.89367
7780.13	1.89382
7800.06	1.89372
7819.98	1.89398
7840.08	1.89414
7860.07	1.89398
7879.98	1.89384
7900.1	1.8937
7920.06	1.89377
7940.14	1.89363
7960.05	1.89367
7979.94	1.89419
8000.12	1.89415
8020.04	1.894
8040.04	1.89406
8060.07	1.89397
8080.03	1.89424
8100.15	1.89403
8120.07	1.89425
8139.98	1.89433
8160.11	1.8941
8180.04	1.89386
8200.03	1.89409
8220.17	1.8941
8240.1	1.89401
8260.13	1.89412
8280.04	1.8941
8299.99	1.89409
8320.13	1.89411
8340.12	1.89431
8359.99	1.89432
8380.13	1.89423
8400.04	1.89419
8420.18	1.89398
8440.1	1.894
8460.03	1.89413
8480.11	1.89418
8500.09	1.89444
8519.97	1.89426
8540.13	1.89417
8559.96	1.89432
8580.04	1.89423
8600.07	1.89407
8619.95	1.89429
8640.1	1.89407
8660.04	1.89415
8680.04	1.89426
8720.09	1.89396
8740.16	1.89419
8760.13	1.89426
8780.06	1.89441
8800.12	1.89436
8820.13	1.89457
8839.95	1.89457
8860.12	1.89418
8880.03	1.89443
8900.21	1.89441
8920.13	1.89411
8939.99	1.89443
8960.2	1.89415
8980.08	1.89405
9000.01	1.89444
9020.13	1.89426
9040.07	1.89446
9060.2	1.89422
9080.07	1.89384
9099.97	1.89403
9120.12	1.89427
9140.08	1.89411
9160.02	1.89397
9180.1	1.89401
9200.07	1.89412
9219.9	1.89417
9240.15	1.89394
9260.04	1.89416
9280.16	1.89397
9300.1	1.89391
9319.95	1.89409
9340.18	1.89405
9360.06	1.89427
9380.03	1.89396
9400.12	1.89389
9420.02	1.89384
9440.12	1.89386
9460.04	1.89382
9480.03	1.89379
9500.12	1.89382
9520.17	1.89402
9540.01	1.89397
9560.19	1.89358
9580.02	1.89337
9600.18	1.89382
9620.11	1.89361
9660.12	1.89379
9680.05	1.89384
9699.96	1.8936
9720.16	1.8933
9740.02	1.89359
9760.14	1.8935
9780.1	1.89346
9800.06	1.89352
9820.1	1.89361
9840.08	1.89361
9859.94	1.89358
9880.09	1.89341
9900.04	1.89347
9920.25	1.89339
9940.06	1.89341
9960.01	1.89327
9980.07	1.89315
10000	1.89346
10020	1.89333
10040.1	1.8934
10060.1	1.89341
10080.2	1.89339
10100.1	1.89323
10120.1	1.89317
10140.2	1.89309
10160.1	1.89334
10180	1.89302
10200.1	1.89301
10220.1	1.89299
10240.2	1.89316
10260.1	1.89302
10280	1.89266
10300.1	1.89307
10320.1	1.89288
10340	1.89283
10360.1	1.89282
10380	1.89293
10400.2	1.89266
10420.1	1.89254
10440.1	1.89276
10460.2	1.89251
10480.1	1.89266
10500	1.89269
10520.1	1.8924
10560.2	1.89259
10580.1	1.89246
10600	1.89236
10620.2	1.89224
10640.1	1.89219
10660.1	1.89229
10680.2	1.8922
10700	1.89206
10720.2	1.89224
10740.1	1.89225
10760	1.89223
10780.2	1.89236
10800.1	1.8921
10820	1.89198
10840.1	1.89202
10860.1	1.89165
10880.2	1.89177
10900.1	1.89192
10920	1.89183
10940.1	1.89189
10960.1	1.89149
10980	1.89172
11000.1	1.89142
11020.1	1.89181
11040.2	1.89167
11060.1	1.89147
11080	1.89144
11100.1	1.89138
11120.1	1.89115
11140.1	1.89128
11160.2	1.89124
11180.1	1.89108
11200.1	1.89131
11220.1	1.89114
11240.1	1.89105
11260.2	1.891
11280.1	1.89106
11300	1.89093
11320.1	1.89092
11340	1.89067
11360.2	1.8907
11380.1	1.89055
11400.1	1.89058
11420.1	1.8905
11440.1	1.89045
11459.9	1.89046
11480.2	1.89036
11500.1	1.89028
11520.2	1.89014
11540.1	1.89021
11560.1	1.89022
11580.1	1.88986
11600.1	1.88976
11620	1.88998
11640.1	1.8899
11660.1	1.88986
11680.1	1.88974
11700.2	1.88954
11720	1.88966
11740.2	1.8895
11760.1	1.8894
11780	1.88951
11800.1	1.88968
11820	1.88954
11840.2	1.88922
11860	1.88929
11880.1	1.88902
11900.1	1.88873
11920.1	1.88913
11940	1.88866
11960.1	1.88868
11980	1.88888
12000.1	1.88876
12020.1	1.8889
12040.1	1.88842
12060.2	1.88855
12080.1	1.88842
12100	1.88824
12120.2	1.88811
12140.1	1.8882
12160.2	1.88791
12180.1	1.88788
12200.1	1.88782
12220.2	1.88765
12240.1	1.8878
12260	1.88763
12280.1	1.88729
12300.1	1.88745
12320	1.88712
12340.2	1.88732
12360	1.88715
12380.2	1.88698
12400.1	1.88688
12420	1.88679
12440.2	1.88691
12460.1	1.88681
12480	1.88654
12500.1	1.88615
12520	1.88622
12540.2	1.88631
12560.1	1.88608
12580	1.88612
12600.2	1.88585
12620.1	1.88576
12640	1.88591
12660.2	1.88576
12680	1.88566
12700.2	1.88567
12720.1	1.88526
12740	1.88531
12760.2	1.88526
12780	1.88506
12800	1.88498
12820.1	1.88473
12840.1	1.88474
12860.2	1.8843
12880.1	1.88428
12900.1	1.88416
12920.2	1.88433
12940.1	1.88413
12960.1	1.88387
12980.2	1.88403
13000.1	1.88343
13020.2	1.88333
13040.1	1.88331
13060.1	1.88329
13080.1	1.88313
13100.1	1.88277
13120.1	1.88269
13140.2	1.88231
13160.1	1.88248
13180.2	1.88244
13200.1	1.88224
13220.1	1.88194
13240.2	1.88179
13260	1.88198
13280	1.88166
13300.1	1.88143
13320.1	1.88124
13340.2	1.88119
13360	1.88085
13380.1	1.88059
13400.2	1.8809
13420.1	1.88066
13440.1	1.88046
13460.2	1.87981
13480.1	1.87995
13500.2	1.88007
13520.1	1.87974
13540.1	1.87923
13560.2	1.87941
13580.1	1.8791
13600.1	1.87894
13620.2	1.87877
13640.1	1.87841
13660.2	1.8783
13680.1	1.87833
13700.1	1.87789
13720.2	1.87747
13740.1	1.87775
13760	1.87707
13780.1	1.87732
13800	1.87676
13820.3	1.87678
13840.1	1.87676
13860.1	1.87608
13880.2	1.87591
13900.1	1.8759
13920	1.87569
13940.1	1.87557
13960.1	1.87484
13980.2	1.87502
14000.1	1.87469
14020.1	1.87447
14040.2	1.87439
14060.1	1.874
14080.1	1.87401
14100.1	1.87335
14120	1.87325
14140.2	1.87272
14160.1	1.87266
14180.1	1.8725
14200.2	1.87224
14220.2	1.8719
14240.1	1.87156
14260.2	1.87133
14280.1	1.87132
14300.2	1.87067
14320.1	1.87027
14340.1	1.86993
14360.2	1.86962
14380.2	1.86955
14400	1.86926
14420.1	1.86889
14440.1	1.8688
14460.2	1.86831
14480.2	1.86796
14500	1.86755
14520.2	1.86737
14540	1.86693
14560.1	1.86648
14580.2	1.86622
14600.1	1.86562
14620.2	1.86531
14640.2	1.86497
14660	1.86469
14680.2	1.86412
14700.1	1.86367
14720.1	1.86336
14740.1	1.86295
14760.1	1.86236
14780.2	1.86221
14800.1	1.86176
14820.1	1.86111
14840.2	1.86062
14860.1	1.86049
14880.1	1.85973
14900.2	1.8595
14920.1	1.85898
14940.2	1.85866
14960.2	1.85811
14980.1	1.85739
15000.2	1.85697
15020.1	1.85653
15040	1.85569
15060.2	1.85547
15080.1	1.85471
15100.2	1.85445
15120.1	1.85396
15140.1	1.8532
15160.2	1.8526
15180.2	1.8519
15200.1	1.85146
15220.1	1.85119
15240	1.85019
15260.2	1.84956
15280.1	1.8491
15300.2	1.84827
15320.2	1.84763
15340.1	1.84676
15360.1	1.84638
15380.2	1.84541
15400.1	1.84491
15420.1	1.84408
15440.2	1.84343
15460.1	1.84242
15480.2	1.84178
15500.1	1.84093
15520.2	1.84059
15540.2	1.83941
15560.1	1.83847
15580.1	1.83784
15600.2	1.83729
15620.1	1.83609
15640.2	1.83507
15660.1	1.83433
15680.1	1.8334
15700.2	1.83213
15720.2	1.8312
15740	1.83032
15760.1	1.82926
15780.1	1.82821
15800.2	1.82696
15820.2	1.8259
15840	1.82496
15860.2	1.82387
15880.1	1.82267
15900.1	1.82161
15920.2	1.82036
15940.1	1.81908
15960.2	1.81771
15980.2	1.81632
16000	1.81517
16020.2	1.8138
16040.1	1.81246
16060.1	1.81126
16080.2	1.80949
16100.1	1.80786
16120.2	1.80669
16140.2	1.80488
16160	1.8034
16180.2	1.80179
16200.1	1.8002
16220	1.79819
16240.1	1.79638
16260.1	1.79486
16280.2	1.79289
16300.1	1.7912
16320.1	1.78931
16340.2	1.78721
16360.2	1.78513
16380.1	1.78313
16400.1	1.78124
16420.1	1.77871
16440.3	1.77657
16460.2	1.77424
16480.1	1.77193
16500.3	1.76952
16520.1	1.7668
16540	1.76441
16560.1	1.76194
16580.1	1.75929
16600.2	1.75653
16620.2	1.75348
16640.1	1.75065
16660.2	1.74781
16680.1	1.74473
16700.1	1.74151
16720.2	1.73819
16740.1	1.73463
16760.2	1.73124
16780.2	1.72789
16800.1	1.72392
16820.2	1.72012
16840.1	1.71651
16860	1.71252
16880.2	1.70813
16900.1	1.70388
16920.3	1.69957
16940.2	1.695
16960.1	1.6903
16980.2	1.68541
17000.1	1.68042
17020	1.67556
17040.2	1.67005
17060.1	1.66465
17080.2	1.65883
17100.2	1.65334
17120.1	1.6472
17140.1	1.64088
17160.2	1.63462
17180	1.62805
17200.2	1.62087
17220.1	1.61393
17240.2	1.60653
17260.1	1.5989
17280.2	1.5909
17300.2	1.58301
17320.2	1.57454
17340	1.56615
17360.1	1.55703
17380	1.54781
17400.2	1.53838
17420.1	1.52845
17440.1	1.51828
17460.2	1.50778
17480.2	1.49724
17500	1.4858
17520.2	1.4744
17540.1	1.4627
17560.2	1.45043
17580.2	1.43798
17600.1	1.42538
17620.2	1.41202
17640.2	1.39859
17660.1	1.38487
17680.1	1.37047
17700.2	1.35588
17720.3	1.34095
17740.1	1.32592
17760.1	1.31037
17780.3	1.29425
17800.2	1.27857
17820.1	1.26206
17840.3	1.24581
17860.3	1.22941
17880.3	1.21253
17900.2	1.19641
17920.1	1.17948
17940.3	1.16292
17960.2	1.14668
17980.1	1.13039
18000.3	1.11462
18020.3	1.09923
18040.2	1.08408
18080.2	1.05623
18100.4	1.04233
18120.3	1.03014
18140.3	1.01863
18160.3	1.00767
18180.2	0.99783
18200.3	0.98949
18220.2	0.981377
18240.2	0.975129
18260.5	0.969892
18280.1	0.96568
18300.2	0.962867
18320.2	0.960718
18340.1	0.96052
18360	0.961084
18380.1	0.962996
18400	0.965947
18420.1	0.969847
18440	0.975028
18459.9	0.980862
18480.2	0.987996
18500.1	0.995732
18519.9	1.00431
18540	1.01385
18560.2	1.02365
18580.1	1.03427
18600.1	1.04521
18619.9	1.0568
18640.1	1.06861
18659.9	1.08085
18680.1	1.09348
18700	1.10628
18720.1	1.11908
18740.1	1.13209
18760.2	1.14533
18780	1.15859
18800.2	1.17171
18820.1	1.18487
18840.1	1.19804
18860.1	1.21134
18880.1	1.22458
18900.2	1.2373
18920.1	1.2503
18940.1	1.26271
18960.1	1.27527
18980.1	1.28774
19000	1.30003
19000	1.29925
19040.1	1.32389
19060.2	1.33557
19080.2	1.34701
19100.1	1.35831
19120.2	1.36936
19140.1	1.37998
19160.1	1.39089
19180.2	1.4012
19200.2	1.4114
19220.2	1.42154
19240.2	1.43113
19260.2	1.44083
19280.3	1.45029
19300.3	1.45927
19320.1	1.46833
19340.2	1.47744
19360.1	1.48583
19380.3	1.49419
19400.2	1.50268
19420.1	1.5105
19440.2	1.51829
19460.2	1.52581
19480.1	1.53334
19500.1	1.54072
19520.1	1.54757
19540.2	1.5549
19560.1	1.56131
19580.1	1.56821
19600.2	1.5745
19620.2	1.58095
19640.1	1.58705
19660.2	1.59349
19680.1	1.59919
19700.2	1.60476
19720.1	1.61023
19740.1	1.61564
19760.3	1.62117
19780.1	1.62639
19800.1	1.63156
19820.2	1.63641
19840.2	1.6413
19860.3	1.6463
19880.2	1.6504
19900.1	1.65543
19920.3	1.65951
19940.1	1.66439
19960.2	1.66813
19980.2	1.67224
20000.1	1.67601
20020.3	1.68049
20040.2	1.68398
20060.1	1.68773
20080.2	1.69171
20100.1	1.69499
20120.1	1.69823
20140.2	1.70189
20160.1	1.70511
20180.3	1.70848
20200.2	1.71165
20220.1	1.7149
20240.2	1.71774
20260.2	1.72093
20280.1	1.72344
20300.3	1.72664
20320.2	1.72925
20340.3	1.73209
20360.2	1.7346
20380.2	1.73716
20400.2	1.73997
20420.2	1.74218
20440.1	1.74461
20460.3	1.74702
20480.1	1.74933
20500.3	1.75165
20520.1	1.75403
20540.2	1.75597
20560.3	1.75811
20580.1	1.76046
20600	1.76219
20620.2	1.76428
20640.1	1.76634
20660.3	1.76822
20680.2	1.77005
20700.1	1.77201
20720.2	1.77376
20740.2	1.77537
20760.2	1.77702
20780.3	1.77885
20800.1	1.78058
20820.2	1.78217
20840.2	1.78366
20860.2	1.7854
20880.2	1.78661
20900.1	1.78811
20920.1	1.78951
20940.2	1.79142
20960.1	1.79281
20980.3	1.79402
21000.2	1.79532
21020.1	1.79665
21040.3	1.79808
21060.2	1.79937
21080.1	1.80072
21100.3	1.8019
21120.2	1.80297
21140.3	1.80428
21160.2	1.80537
21180.2	1.80655
21200.3	1.80772
21220.2	1.80853
21240.1	1.80994
21260.2	1.81098
21280.1	1.81231
21300.3	1.81321
21320.2	1.81429
21340.1	1.81524
21360.3	1.81631
21380.2	1.81721
21400.1	1.8183
21420.3	1.81932
21440.2	1.82009
21460	1.82066
21480.2	1.82168
21500.2	1.82253
21520.3	1.82357
21540.2	1.82427
21560.1	1.82515
21580.2	1.82613
21600.2	1.82688
21620.1	1.82755
21640.2	1.82797
21660.1	1.829
21680.2	1.82978
21700.2	1.83066
21720.1	1.83134
21740.3	1.83211
21760.1	1.83293
21780.1	1.83335
21800.2	1.83411
21820.2	1.83483
21840.2	1.83524
21860.2	1.836
21880.1	1.83656
21900.2	1.83728
21920.2	1.83783
21940.1	1.83856
21960.2	1.83925
21980.1	1.8397
22000.3	1.84054
22020.2	1.84077
22040.1	1.84137
22060.2	1.84189
22080.1	1.84265
22100.1	1.84307
22120.2	1.84375
22140.1	1.84428
22160.3	1.84476
22180.2	1.84537
22200.1	1.84601
22220.2	1.84638
22240.2	1.84686
22260	1.84721
22280.2	1.8477
22300.1	1.84821
22320.3	1.84859
22340.2	1.84929
22360.1	1.84969
22380.3	1.85004
22400.2	1.85025
22420.1	1.85107
22440.2	1.85132
22460.1	1.85216
22480.3	1.85228
22500.2	1.85267
22520.1	1.85292
22540.3	1.85361
22560.2	1.85388
22580.1	1.85434
22600.2	1.85447
22620.2	1.85496
22640.3	1.85525
22660.2	1.85582
22680.2	1.8561
22700.2	1.85602
22720.2	1.85647
22740.2	1.85697
22760.2	1.85752
22780.1	1.85763
22800.3	1.8582
22820.2	1.85849
22840.2	1.85863
22860.3	1.85924
22880.1	1.85988
22900.1	1.8596
22920.2	1.85979
22940.1	1.86013
22960.3	1.86057
22980.2	1.8612
23000.2	1.86125
23020.3	1.86123
23040.2	1.86164
23060.1	1.86224
23080.2	1.86243
23100.1	1.86293
23120.3	1.86291
23140.2	1.8631
23160.1	1.8636
23180.3	1.86371
23200.2	1.86433
23220.1	1.86451
23240.2	1.86488
23260.1	1.86483
23280.3	1.86499
23300.2	1.86516
23320.2	1.86573
23340.3	1.86567
23360.2	1.86626
23380.1	1.86637
23400.2	1.86644
23420.2	1.86657
23440.3	1.86689
23460.3	1.86743
