Frequency - Phase	Phase - Phase
979.436	122.099
1019.5	29.4032
1039.47	29.2709
1060.18	150.144
1080.31	150.255
1100.48	150.243
1120.29	-209.801
1140.36	-209.634
1160.49	-209.496
1180.28	-209.434
1199.73	28.9002
1219.81	28.7898
1239.83	28.7407
1259.88	28.7808
1279.76	28.7813
1299.76	28.7701
1319.86	28.6902
1339.81	29.6366
1359.97	150.361
1379.93	29.636
1399.84	29.6544
1420.07	150.456
1440	29.5972
1459.93	150.528
1480	29.6265
1500.03	150.526
1519.87	29.6578
1540.05	150.408
1559.93	29.6659
1580.1	29.6554
1599.99	150.455
1619.97	29.5575
1640.04	29.6581
1660.06	150.513
1679.98	29.6619
1700.09	29.7017
1719.94	29.627
1740.15	29.6616
1760.07	29.6862
1780.02	-209.508
1800.07	-209.426
1820.01	29.6151
1839.9	29.6776
1860.02	-209.475
1879.9	29.6004
1900.05	-209.474
1919.98	29.6314
1939.91	29.7833
1960.07	29.6202
1979.98	29.5991
1999.95	29.6293
2020.03	29.6325
2039.81	150.828
2060.06	29.6178
2079.99	29.6421
2099.86	29.6138
2119.97	29.6278
2139.94	150.535
2159.83	150.632
2179.88	29.569
2199.83	29.5748
2219.9	29.5981
2239.9	29.3608
2259.87	29.5866
2279.97	29.5899
2299.89	150.725
2319.84	29.5433
2339.94	29.4307
2359.89	29.4366
2379.97	150.791
2399.97	29.3
2419.86	29.3167
2440.11	29.3361
2460.06	29.3464
2479.98	29.2693
2500.22	-208.969
2520.11	29.2438
2540.3	29.3016
2560.24	29.0784
2580.31	-208.711
2600.42	-208.709
2620.37	28.9604
2640.38	28.8922
2660.6	-208.591
2680.79	151.564
2700.79	28.6473
2720.89	151.72
2741.06	28.6043
2761.05	28.6179
2781.03	28.6123
2800.6	28.4994
2819.99	28.5601
2839.15	28.69
2858.72	28.6159
2878.24	28.5164
2898.41	151.687
2918.48	28.5966
2938.62	28.71
2958.75	151.663
2978.99	151.602
2999.11	28.71
3019.36	151.544
3039.37	28.9041
3059.4	28.8702
3079.6	28.9883
3099.59	29.0047
3119.6	-208.758
3139.85	29.1625
3159.84	29.0865
3179.77	-208.692
3199.89	-208.691
3219.86	29.1522
3240.08	29.2374
3260.01	-208.902
3280.1	29.3147
3300.21	-208.925
3320.24	29.417
3339.85	29.4155
3360.08	29.3861
3380.06	29.3722
3400.06	29.4688
3420.08	29.5178
3440	29.4619
3460.1	29.4258
3480.05	29.4918
3500.09	29.4813
3520.18	29.6283
3540.11	29.5897
3560.21	29.5537
3580.16	29.5359
3600.13	29.5591
3620.21	29.5974
3640.16	29.6161
3660.08	29.7024
3680.17	150.827
3700.12	29.6423
3720.22	150.777
3740.19	29.7095
3760.15	29.6616
3780.26	29.6893
3800.13	29.6897
3820.16	29.6464
3840.19	29.7069
3860.17	29.6974
3880.22	29.6965
3900.11	29.6999
3920	-209.175
3940.13	29.8202
3960.15	29.7842
3980	29.7784
4000.08	29.7215
4019.96	150.733
4040.1	29.636
4060.02	29.8238
4079.98	29.7531
4100.16	29.8428
4120.01	29.7769
4139.94	29.6579
4160.07	150.733
4179.98	29.9182
4200.11	29.7312
4220.03	29.8353
4239.94	29.8442
4260.08	29.863
4280.06	29.7354
4299.98	29.8859
4320.05	29.7973
4340.06	29.7604
4360.14	29.8494
4380.02	29.7977
4399.97	29.6847
4420.1	29.851
4440.04	29.8313
4459.99	29.787
4480.03	29.7756
4499.98	29.8722
4520.1	29.9132
4540.08	29.9801
4560.01	29.7681
4580.07	29.7819
4600.04	29.9222
4619.91	29.8833
4640.06	29.8267
4659.92	29.909
4680.12	29.8724
4700.16	29.8358
4719.97	29.8884
4740.19	29.9274
4760	29.9656
4779.97	29.9288
4800.09	29.8986
4820	29.8613
4840.2	29.8805
4860.07	29.9911
4879.98	29.9581
4900.09	29.8425
4939.9	29.9518
4960.08	30.0191
4979.96	29.889
5000.14	29.9488
5020.05	150.787
5039.99	30.0253
5060.08	29.9243
5080.08	30.0018
5099.98	29.893
5120.08	29.9206
5140.04	30.0046
5160.1	29.9416
5180	30.0003
5199.98	30.0212
5220.15	30.0607
5240.04	29.9353
5260.02	-209.254
5280.05	29.9594
5300	29.9619
5320.01	30.0136
5340.06	30.0055
5360.04	29.973
5380.05	29.9402
5400.06	30.0902
5419.98	29.8915
5440.05	30.0137
5459.93	30.0159
5480.15	29.9707
5500.04	30.0748
5520.02	30.128
5540.11	29.9625
5560.05	29.9382
5579.99	150.843
5600.11	30.0719
5620.04	29.8946
5640.17	29.9071
5660.06	30.0437
5680.01	30.0393
5700.09	30.0311
5720.02	29.9919
5739.98	30.1085
5760.07	30.1171
5779.96	30.0053
5800.1	30.0646
5820.07	29.9564
5839.99	30.0246
5860.13	30.0149
5880.08	29.9935
5900.06	30.0044
5920.13	29.9366
5940.01	30.0384
5960.13	30.1017
5980.07	29.951
6000.04	30.1171
6020.07	29.9467
6039.99	29.9115
6060.02	30.0415
6080.14	29.9539
6100.04	29.9516
6119.97	30.1403
6140.15	30.1012
6160.01	30.1229
6180.16	29.9815
6200.03	30.2096
6219.99	29.9891
6240.14	30.0875
6260.05	30.1776
6279.98	29.9719
6300.06	29.8918
6320.06	30.0954
6340.12	30.0679
6360.04	29.9948
6380.02	30.0686
6400.1	30.1757
6420.04	29.9846
6439.96	30.0819
6460.11	30.0774
6480	30.1666
6500.1	30.0048
6520.05	30.2365
6539.96	30.0274
6560.07	30.1056
6580.03	30.1959
6599.95	30.1054
6620.07	-209.139
6639.98	30.0783
6660.13	30.1989
6680.11	30.1453
6700.01	30.1284
6720.1	30.2423
6740.03	30.2387
6760.02	30.0456
6780.06	30.1136
6799.96	30.1153
6820.18	30.144
6840.05	30.1796
6859.95	30.1307
6880.13	30.0658
6900.05	30.1038
6919.92	30.1218
6940.06	30.2641
6960.01	30.1117
6980.18	30.0479
7000.07	30.2417
7020.02	30.1211
7040.13	30.186
7060.06	30.1424
7079.99	30.1476
7100.13	30.1865
7120.02	30.0912
7140.17	30.0909
7160.09	30.119
7179.98	30.076
7200.12	30.1966
7220.01	30.1445
7240.07	30.1104
7260.06	30.0062
7280.06	30.1961
7300.12	30.2242
7320.15	30.0531
7340.03	30.1734
7360.07	30.2393
7380.06	30.1601
7400.04	30.1504
7420.04	30.2226
7439.96	30.1488
7460.12	30.22
7480.09	30.0895
7500	30.121
7520.04	30.1873
7540.11	30.2917
7560.01	30.1555
7580.11	30.143
7600.02	30.1249
7620.15	30.2444
7640.07	30.1113
7660.05	30.2003
7680.17	30.2492
7700.05	30.2358
7720.01	30.339
7740.07	30.0821
7760.01	30.2224
7780.13	30.1714
7800.06	30.2246
7819.98	30.2277
7840.08	30.1704
7860.07	30.189
7879.98	30.1543
7900.1	30.225
7920.06	30.1087
7940.14	30.2933
7960.05	30.3242
7979.94	30.1622
8000.12	30.2188
8020.04	30.2261
8040.04	30.2369
8060.07	30.1208
8080.03	30.2379
8100.15	30.2428
8120.07	30.133
8139.98	30.0561
8160.11	30.0724
8180.04	30.2667
8200.03	30.1658
8220.17	30.1678
8240.1	30.3005
8260.13	30.2812
8280.04	30.1557
8299.99	30.2888
8320.13	30.315
8340.12	30.2341
8359.99	30.1271
8380.13	30.147
8400.04	30.1964
8420.18	30.207
8440.1	30.2242
8460.03	30.3259
8480.11	30.1554
8500.09	30.2269
8519.97	30.2437
8540.13	30.2048
8559.96	30.2318
8580.04	30.2348
8600.07	30.183
8619.95	30.2739
8640.1	30.2722
8660.04	30.2681
8680.04	30.2395
8720.09	30.2743
8740.16	30.3939
8760.13	30.3339
8780.06	30.2344
8800.12	30.3603
8820.13	30.3294
8839.95	30.2287
8860.12	30.2259
8880.03	30.1846
8900.21	30.2012
8920.13	30.4105
8939.99	30.3986
8960.2	30.3109
8980.08	30.1342
9000.01	30.3588
9020.13	30.2501
9040.07	30.1506
9060.2	30.3023
9080.07	30.3839
9099.97	30.2712
9120.12	30.2122
9140.08	30.2479
9160.02	30.2624
9180.1	30.2545
9200.07	30.3171
9219.9	30.3195
9240.15	30.1923
9260.04	30.3177
9280.16	30.1972
9300.1	30.262
9319.95	30.2615
9340.18	30.1995
9360.06	30.2953
9380.03	30.2916
9400.12	30.3268
9420.02	30.2678
9440.12	30.1617
9460.04	30.2629
9480.03	30.2857
9500.12	30.2797
9520.17	30.2729
9540.01	30.4211
9560.19	30.1847
9580.02	30.3487
9600.18	30.3661
9620.11	30.392
9660.12	30.2772
9680.05	30.3654
9699.96	30.4661
9720.16	30.4076
9740.02	30.3777
9760.14	30.4691
9780.1	30.4255
9800.06	30.3905
9820.1	30.3447
9840.08	30.3093
9859.94	30.2272
9880.09	30.4515
9900.04	30.2762
9920.25	30.4364
9940.06	30.4953
9960.01	30.2127
9980.07	30.3599
10000	30.308
10020	30.3153
10040.1	30.4191
10060.1	30.4203
10080.2	30.4088
10100.1	30.4729
10120.1	30.2215
10140.2	30.2676
10160.1	30.4324
10180	30.5277
10200.1	30.4214
10220.1	30.3638
10240.2	30.434
10260.1	30.2709
10280	30.4697
10300.1	30.3884
10320.1	30.3542
10340	30.4259
10360.1	30.3596
10380	30.4313
10400.2	30.4414
10420.1	30.2719
10440.1	30.3638
10460.2	30.1659
10480.1	30.4259
10500	30.3743
10520.1	30.2757
10560.2	30.439
10580.1	30.3262
10600	30.3872
10620.2	30.4536
10640.1	30.2909
10660.1	30.2774
10680.2	30.3413
10700	30.4238
10720.2	30.4943
10740.1	30.3709
10760	30.4373
10780.2	30.2468
10800.1	30.4702
10820	30.3332
10840.1	30.3852
10860.1	30.3908
10880.2	30.4482
10900.1	30.3338
10920	30.4671
10940.1	30.2267
10960.1	30.437
10980	30.2887
11000.1	30.3711
11020.1	30.5654
11040.2	30.4731
11060.1	30.315
11080	30.4033
11100.1	30.5652
11120.1	30.3899
11140.1	30.4269
11160.2	30.4162
11180.1	30.3266
11200.1	30.4111
11220.1	30.5279
11240.1	30.325
11260.2	30.4607
11280.1	30.3691
11300	30.3944
11320.1	30.2777
11340	30.4896
11360.2	30.5291
11380.1	30.3342
11400.1	30.516
11420.1	30.5079
11440.1	30.3074
11459.9	30.4142
11480.2	30.4581
11500.1	30.5874
11520.2	30.4471
11540.1	30.4185
11560.1	30.3878
11580.1	30.5478
11600.1	30.4845
11620	30.5221
11640.1	30.5113
11660.1	30.4718
11680.1	30.4079
11700.2	30.518
11720	30.5464
11740.2	30.5464
11760.1	30.3479
11780	30.5863
11800.1	30.6055
11820	30.4513
11840.2	30.4662
11860	30.5544
11880.1	30.4793
11900.1	30.6528
11920.1	30.597
11940	30.5514
11960.1	30.3797
11980	30.5878
12000.1	30.6128
12020.1	30.6359
12040.1	30.4737
12060.2	30.5166
12080.1	30.5514
12100	30.6296
12120.2	30.4707
12140.1	30.4839
12160.2	30.4335
12180.1	30.4744
12200.1	30.4473
12220.2	30.4762
12240.1	30.3915
12260	30.7518
12280.1	30.4357
12300.1	30.5721
12320	30.4781
12340.2	30.439
12360	30.5407
12380.2	30.5411
12400.1	30.4761
12420	30.5186
12440.2	30.4853
12460.1	30.428
12480	30.351
12500.1	30.4604
12520	30.5741
12540.2	30.5525
12560.1	30.6065
12580	30.596
12600.2	30.5883
12620.1	30.445
12640	30.6975
12660.2	30.7138
12680	30.732
12700.2	30.5804
12720.1	30.7015
12740	30.5907
12760.2	30.5172
12780	30.5318
12800	30.5454
12820.1	30.6342
12840.1	30.6205
12860.2	30.5402
12880.1	30.6121
12900.1	30.5015
12920.2	30.6034
12940.1	30.6368
12960.1	30.355
12980.2	30.7484
13000.1	30.5504
13020.2	30.5852
13040.1	30.503
13060.1	30.4973
13080.1	30.4016
13100.1	30.6063
13120.1	30.6993
13140.2	30.651
13160.1	30.731
13180.2	30.554
13200.1	30.4733
13220.1	30.4235
13240.2	30.3545
13260	30.4753
13280	30.5093
13300.1	30.4931
13320.1	30.7437
13340.2	30.6129
13360	30.5736
13380.1	30.5465
13400.2	30.5893
13420.1	30.6011
13440.1	30.4309
13460.2	30.4753
13480.1	30.4604
13500.2	30.5245
13520.1	30.5912
13540.1	30.5625
13560.2	30.5276
13580.1	30.4844
13600.1	30.7712
13620.2	30.4759
13640.1	30.5808
13660.2	30.6143
13680.1	30.4761
13700.1	30.7219
13720.2	30.555
13740.1	30.6743
13760	30.6038
13780.1	30.518
13800	30.8791
13820.3	30.7801
13840.1	30.6178
13860.1	30.6039
13880.2	30.4654
13900.1	30.6691
13920	30.7862
13940.1	30.7179
13960.1	30.5943
13980.2	30.6731
14000.1	30.7747
14020.1	30.7052
14040.2	30.5782
14060.1	30.6808
14080.1	30.6855
14100.1	30.7355
14120	30.607
14140.2	30.6711
14160.1	30.7509
14180.1	30.5482
14200.2	30.7609
14220.2	30.5962
14240.1	30.7647
14260.2	30.6974
14280.1	30.6771
14300.2	30.5688
14320.1	30.6672
14340.1	30.6449
14360.2	30.4952
14380.2	30.5629
14400	30.6848
14420.1	30.6253
14440.1	30.7838
14460.2	30.441
14480.2	30.7505
14500	30.7245
14520.2	30.7947
14540	30.6542
14560.1	30.6027
14580.2	30.7296
14600.1	30.5973
14620.2	30.5886
14640.2	30.7163
14660	30.7161
14680.2	30.653
14700.1	30.6522
14720.1	30.6572
14740.1	30.6641
14760.1	30.5697
14780.2	30.7466
14800.1	30.7192
14820.1	30.6915
14840.2	30.6484
14860.1	30.5421
14880.1	30.798
14900.2	30.4643
14920.1	30.6115
14940.2	30.6486
14960.2	30.5812
14980.1	30.8041
15000.2	30.664
15020.1	30.5913
15040	30.9135
15060.2	30.8332
15080.1	30.6483
15100.2	30.5897
15120.1	30.878
15140.1	30.5663
15160.2	30.6617
15180.2	30.578
15200.1	30.603
15220.1	30.544
15240	30.5062
15260.2	30.7778
15280.1	30.496
15300.2	30.6323
15320.2	30.5803
15340.1	30.7592
15360.1	30.7533
15380.2	30.6284
15400.1	30.6023
15420.1	30.9055
15440.2	30.7423
15460.1	30.8739
15480.2	30.6492
15500.1	30.848
15520.2	30.6349
15540.2	30.8225
15560.1	30.747
15580.1	30.5577
15600.2	30.7562
15620.1	30.5709
15640.2	30.7885
15660.1	30.6518
15680.1	30.7619
15700.2	30.6516
15720.2	30.724
15740	30.67
15760.1	30.7541
15780.1	30.46
15800.2	30.7993
15820.2	30.6902
15840	30.7814
15860.2	30.7625
15880.1	30.5909
15900.1	30.7094
15920.2	30.7619
15940.1	30.8307
15960.2	30.7316
15980.2	30.6646
16000	30.7686
16020.2	30.884
16040.1	30.8099
16060.1	30.6596
16080.2	30.5988
16100.1	30.8039
16120.2	30.7198
16140.2	30.6143
16160	30.799
16180.2	30.5247
16200.1	30.7872
16220	30.778
16240.1	30.8357
16260.1	30.7024
16280.2	30.7628
16300.1	30.744
16320.1	30.7317
16340.2	30.6523
16360.2	30.7363
16380.1	30.7161
16400.1	30.894
16420.1	30.6454
16440.3	30.8223
16460.2	30.6933
16480.1	30.6371
16500.3	30.8763
16520.1	30.6137
16540	30.6967
16560.1	30.557
16580.1	30.8278
16600.2	30.7986
16620.2	30.6665
16640.1	30.6682
16660.2	30.7675
16680.1	30.7948
16700.1	30.5363
16720.2	30.8439
16740.1	30.724
16760.2	30.7013
16780.2	30.6095
16800.1	30.6572
16820.2	30.7713
16840.1	30.7488
16860	30.6185
16880.2	30.5372
16900.1	30.7656
16920.3	30.9224
16940.2	30.6348
16960.1	30.7232
16980.2	30.6279
17000.1	30.5459
17020	30.8005
17040.2	30.5214
17060.1	30.6911
17080.2	30.5306
17100.2	30.5782
17120.1	30.6414
17140.1	30.6624
17160.2	30.4829
17180	30.5307
17200.2	30.7439
17220.1	30.6927
17240.2	30.5597
17260.1	30.5624
17280.2	30.4947
17300.2	30.6704
17320.2	30.5349
17340	30.6165
17360.1	30.3055
17380	30.5651
17400.2	30.617
17420.1	30.5567
17440.1	30.4203
17460.2	30.444
17480.2	30.5877
17500	30.5361
17520.2	30.4149
17540.1	30.5107
17560.2	30.5855
17580.2	30.6175
17600.1	30.3898
17620.2	30.4259
17640.2	30.3798
17660.1	30.526
17680.1	30.5066
17700.2	30.3698
17720.3	30.4197
17740.1	30.42
17760.1	30.3639
17780.3	30.1786
17800.2	30.3181
17820.1	30.4374
17840.3	30.3582
17860.3	30.4247
17880.3	30.2257
17900.2	30.1724
17920.1	30.145
17940.3	30.3336
17960.2	30.2354
17980.1	30.1685
18000.3	30.1233
18020.3	30.1754
18040.2	30.138
18080.2	29.9661
18100.4	30.2856
18120.3	30.3639
18140.3	30.0893
18160.3	30.2819
18180.2	30.0891
18200.3	30.2462
18220.2	30.2404
18240.2	30.2181
18260.5	30.4112
18280.1	30.25
18300.2	30.1776
18320.2	30.062
18340.1	30.0613
18360	30.2199
18380.1	30.3856
18400	30.1647
18420.1	30.1469
18440	30.1596
18459.9	29.9794
18480.2	30.2375
18500.1	30.2144
18519.9	30.2096
18540	30.3449
18560.2	29.987
18580.1	30.0359
18600.1	30.2975
18619.9	30.0102
18640.1	30.4154
18659.9	30.5445
18680.1	30.1319
18700	30.4232
18720.1	30.2767
18740.1	30.2301
18760.2	30.2233
18780	30.3764
18800.2	30.2249
18820.1	30.5228
18840.1	30.4429
18860.1	30.4655
18880.1	30.4626
18900.2	30.2655
18920.1	30.3791
18940.1	30.2308
18960.1	30.4005
18980.1	30.3982
19000	30.3062
19000	30.3637
19040.1	30.5566
19060.2	30.4507
19080.2	30.5767
19100.1	30.3094
19120.2	30.4933
19140.1	30.2728
19160.1	30.5528
19180.2	30.3382
19200.2	30.4337
19220.2	30.4469
19240.2	30.5726
19260.2	30.6464
19280.3	30.7304
19300.3	30.5378
19320.1	30.5316
19340.2	30.7575
19360.1	30.5874
19380.3	30.3991
19400.2	30.7568
19420.1	30.6852
19440.2	30.7575
19460.2	30.5871
19480.1	30.732
19500.1	30.4976
19520.1	30.6551
19540.2	30.5826
19560.1	30.4742
19580.1	30.7324
19600.2	30.6411
19620.2	30.71
19640.1	30.7689
19660.2	30.6417
19680.1	30.6734
19700.2	30.8149
19720.1	30.6451
19740.1	30.5571
19760.3	30.7899
19780.1	30.6873
19800.1	30.9486
19820.2	30.7794
19840.2	30.795
19860.3	30.7131
19880.2	30.9439
19900.1	30.985
19920.3	30.8289
19940.1	30.7115
19960.2	30.7144
19980.2	30.8938
20000.1	30.9222
20020.3	30.6906
20040.2	30.7028
20060.1	30.8783
20080.2	30.6589
20100.1	30.7554
20120.1	30.9332
20140.2	30.9135
20160.1	31.0077
20180.3	31.0141
20200.2	30.7721
20220.1	30.9957
20240.2	30.8041
20260.2	30.9069
20280.1	30.9653
20300.3	30.9687
20320.2	30.8997
20340.3	30.9142
20360.2	30.7514
20380.2	30.758
20400.2	30.9909
20420.2	30.6963
20440.1	30.8571
20460.3	30.9402
20480.1	31.0745
20500.3	31.1615
20520.1	30.9656
20540.2	30.9456
20560.3	31.0635
20580.1	30.8426
20600	30.8562
20620.2	30.7689
20640.1	31.1561
20660.3	31.1952
20680.2	30.6915
20700.1	30.9364
20720.2	30.8491
20740.2	31.0622
20760.2	31.1298
20780.3	31.0436
20800.1	31.0237
20820.2	30.8371
20840.2	31.1795
20860.2	31.0796
20880.2	31.0778
20900.1	31.1139
20920.1	31.0709
20940.2	31.142
20960.1	31.1524
20980.3	30.9819
21000.2	30.9155
21020.1	30.9102
21040.3	31.0336
21060.2	30.8633
21080.1	30.848
21100.3	30.9131
21120.2	30.8717
21140.3	31.1927
21160.2	30.9343
21180.2	31.1906
21200.3	30.9936
21220.2	30.8855
21240.1	31.1424
21260.2	30.9664
21280.1	31.0259
21300.3	31.0734
21320.2	31.1351
21340.1	31.1654
21360.3	31.1999
21380.2	31.0089
21400.1	31.0085
21420.3	30.9665
21440.2	30.9327
21460	31.1583
21480.2	31.0444
21500.2	31.095
21520.3	31.1547
21540.2	31.0993
21560.1	31.3809
21580.2	31.0911
21600.2	30.9984
21620.1	30.8845
21640.2	31.2449
21660.1	30.9501
21680.2	31.0434
21700.2	31.2495
21720.1	31.1917
21740.3	30.9842
21760.1	31.0964
21780.1	31.1684
21800.2	31.2416
21820.2	31.1365
21840.2	31.0732
21860.2	31.0108
21880.1	31.037
21900.2	31.2137
21920.2	31.1198
21940.1	31.2877
21960.2	30.9438
21980.1	31.1316
22000.3	31.2649
22020.2	31.0592
22040.1	31.3851
22060.2	31.2019
22080.1	31.1941
22100.1	30.9801
22120.2	30.959
22140.1	31.1214
22160.3	31.1558
22180.2	31.1607
22200.1	31.0758
22220.2	30.9805
22240.2	31.1164
22260	30.9904
22280.2	30.9471
22300.1	31.3294
22320.3	31.2688
22340.2	31.2958
22360.1	31.1957
22380.3	31.3408
22400.2	31.408
22420.1	31.2008
22440.2	31.4298
22460.1	31.3956
22480.3	31.0589
22500.2	30.9801
22520.1	31.1545
22540.3	30.9738
22560.2	31.0103
22580.1	31.0009
22600.2	31.0454
22620.2	31.3596
22640.3	31.3256
22660.2	31.387
22680.2	31.3231
22700.2	31.2534
22720.2	31.3972
22740.2	31.3411
22760.2	31.1813
22780.1	31.2943
22800.3	31.1656
22820.2	31.1384
22840.2	31.2361
22860.3	30.9999
22880.1	31.1173
22900.1	31.2335
22920.2	30.966
22940.1	31.0049
22960.3	31.0689
22980.2	31.1341
23000.2	31.1864
23020.3	31.2797
23040.2	31.0861
23060.1	31.3831
23080.2	31.3197
23100.1	31.0565
23120.3	31.0967
23140.2	31.4158
23160.1	31.1428
23180.3	31.2398
23200.2	31.2603
23220.1	31.4323
23240.2	31.2119
23260.1	31.0562
23280.3	31.3921
23300.2	31.0336
23320.2	31.1048
23340.3	31.3421
23360.2	31.0552
23380.1	31.3753
23400.2	31.092
23420.2	31.3985
23440.3	31.4835
23460.3	31.4391
