Frequency - Phase	Phase - Phase
1801.42	27.6488
1800.96	28.1267
1801.95	-208.71
1803.13	-208.724
1803.93	28.0789
1805.16	28.035
1806.08	-208.618
1806.94	28.0533
1808.13	28.0425
1809.08	28.0683
1809.97	28.0579
1811.09	28.0677
1812.01	28.0413
1812.93	28.0236
1814.04	28.0425
1815.03	28.0954
1816.16	28.0866
1817.04	-208.714
1817.9	-208.692
1819.13	-208.537
1820.02	27.9997
1820.96	-208.663
1822.07	-208.681
1823.06	27.9682
1824.17	-208.714
1825.06	28.016
1825.94	28.091
1827.07	-208.799
1828.08	27.9986
1828.94	28.0104
1830.04	-208.697
1831.03	28.0578
1831.92	28.1119
1833.06	28.114
1834	28.0053
1835.12	27.9983
1836.06	28.0042
1836.96	27.9995
1838.05	-208.727
1839.02	-208.725
1839.93	-208.737
1841.05	27.985
1842.04	28.0444
1843.13	27.9645
1844.08	27.9695
1845.02	-208.697
1846.12	27.9819
1847.05	28.0417
1847.93	-208.718
1849.11	-208.725
1849.97	27.9764
1850.92	-208.639
1852.05	27.953
1853.05	-208.884
1854.15	27.969
1855.04	27.9694
1855.99	-208.806
1857.08	27.9717
1858.03	27.9614
1858.91	27.9691
1860.05	-208.702
1860.97	-208.841
1862.1	27.9295
1863.05	-208.742
1863.93	27.9445
1865.14	27.9303
1866.02	27.9949
1866.97	27.9446
1868.05	27.9941
1868.98	28.0055
1869.92	28.0352
1871.07	-208.809
1872.06	27.9116
1873.08	-208.753
1874.02	-208.799
1875	-208.837
1876.09	-208.798
1876.99	-208.774
1877.95	-208.785
1879.07	-208.882
1880	-208.809
1881.1	27.9135
1882.08	27.9827
1882.96	27.9553
1884.09	27.8639
1885.03	-208.76
1885.94	-208.767
1887.11	27.9604
1887.95	27.9762
1888.9	-208.813
1890.05	27.9625
1890.93	27.9894
1892.16	27.9336
1893.04	27.901
1894.04	27.8438
1895.05	-208.876
1896.02	27.9409
1896.92	27.8774
1898.04	-208.806
1898.98	-208.828
1900.11	27.9429
1900.98	27.9504
1901.94	27.9799
1903.12	27.9132
1904.02	27.8891
1904.94	27.9005
1906	27.9281
1907.04	27.8562
1907.99	-208.892
1909.06	27.9252
1909.98	27.9214
1911.11	27.8878
1912.11	27.8384
1913.04	27.8428
1914.12	27.8307
1916.01	27.8876
1917.13	-208.957
1917.97	-208.794
1919.12	27.9058
1920.07	27.8789
1920.98	27.8277
1922.14	-208.867
1922.99	-208.828
1923.93	-208.961
1925.05	-208.928
1925.96	27.8507
1927.09	27.9049
1928	27.9462
1928.93	27.8337
1930.13	27.8441
1931.07	27.8637
1931.93	27.8379
1933.13	27.8036
1934.06	27.7957
1934.92	27.9187
1936.07	-208.829
1936.88	27.8401
1938.2	27.7979
1939.92	27.7999
1941.07	27.8509
1942.04	27.8601
1943.06	27.834
1944.01	27.8534
1944.98	-208.768
1946.11	-208.922
1947.08	27.7622
1948.01	27.8606
1949.11	27.7943
1950.09	-208.873
1951.01	27.7854
1951.97	27.843
1953.07	27.8067
1953.98	27.7948
1955.1	-208.866
1955.97	27.7854
1957.07	27.8183
1958.04	27.8202
1958.91	27.7746
1960.15	27.8218
1961.02	-208.928
1961.9	27.767
1963.01	-209.04
1963.99	-208.945
1965.18	-208.948
1966.04	-208.963
1966.81	-208.933
1968.08	-208.96
1968.98	27.7774
1969.93	-209.025
1971.07	27.8591
1971.97	27.7843
1972.94	-209.032
1974.06	27.5929
1975.04	27.7768
1976.09	-208.895
1976.99	-208.905
1977.97	27.8124
1979.1	-208.929
1980.03	27.7567
1981	-209.015
1982.03	27.7975
1982.97	-209.002
1984.09	-209.052
1984.95	27.7674
1985.95	-208.972
1987.08	-208.957
1987.93	27.738
1988.95	27.6726
1990.1	27.6919
1990.93	27.7142
1991.92	-209.043
1993.04	27.765
1994.05	27.7259
1995.07	27.7225
1996.06	27.7445
1996.96	-209.055
1997.99	27.7865
1999	27.6768
1999.93	27.7515
2001.08	150.985
2002.03	27.5628
2003.07	150.918
2004.03	27.7096
2004.93	150.946
2006.02	27.713
2007.04	27.7272
2007.93	27.7108
2009.03	151
2009.98	27.7394
2010.89	151.016
2012.07	27.6877
2012.96	27.6739
2014.11	27.7138
2015	27.7235
2015.9	27.7055
2017.1	27.6323
2017.98	27.7023
2018.94	27.6424
2020.08	27.6538
2021	27.6647
2022.07	27.7446
2022.97	150.976
2024.04	27.731
2025.12	27.6178
2026.09	27.6657
2026.97	27.6106
2028.04	27.6597
2029.03	150.881
2029.86	27.6344
2030.98	27.6963
2032.01	150.833
2033.09	27.5746
2034.03	27.6325
2034.99	150.907
2036.1	27.6092
2037.02	27.6501
2037.88	27.6224
2039.04	27.6312
2040.04	27.5815
2041.02	27.6437
2042.03	27.6563
2042.97	27.6636
2044.1	27.5512
2045.05	27.5863
2045.93	150.857
2047.02	150.808
2047.95	150.861
2049	27.5711
2050	27.5806
2051.01	150.885
2052.09	27.635
2053.06	27.534
2053.9	27.6668
2055.03	27.5937
2056.08	27.5583
2056.97	150.862
2058.03	27.5972
2058.88	27.5961
2060.04	27.6008
2061.08	27.5637
2061.93	27.5371
2063.05	27.5909
2063.98	150.866
2064.93	27.5645
2066.11	27.4761
2066.96	27.5445
2067.87	27.5263
2069.08	150.811
2069.96	27.5185
2071.07	27.5123
2071.98	150.778
2073	27.5009
2074.08	27.5576
2075	27.4996
2075.94	27.3663
2077.03	27.5319
2077.95	27.3944
2080	27.4266
2080.97	27.4642
2082.14	27.462
2083.01	27.5275
2083.94	150.834
2085.04	27.5156
2085.97	27.5274
2086.86	27.4697
2088.11	150.792
2088.94	150.739
2090.13	27.495
2091.03	27.508
2091.95	27.4598
2093.07	150.669
2093.98	27.4806
2094.91	27.4589
2095.92	27.5528
2096.94	27.4393
2098.06	27.4984
2098.96	150.773
2099.99	27.454
2101.08	27.4963
2102.05	27.3401
2102.97	27.476
2104.04	27.5069
2104.98	27.4651
2106.12	27.4391
2107.09	150.707
2107.96	150.738
2109.07	150.687
2110	27.2679
2110.88	27.4437
2112.06	27.4202
2113	150.762
2113.91	150.674
2115.03	27.3748
2115.93	27.3348
2117.15	27.3714
2118.02	27.4121
2118.99	27.3925
2120.07	27.4155
2121	150.588
2121.96	150.772
2123.04	27.2588
2124.03	27.3523
2125.1	27.3271
2126.04	27.3322
2126.97	27.1485
2128.11	27.2792
2129.01	27.4209
2129.93	27.3534
2131.02	27.367
2131.97	150.678
2132.92	27.3094
2134.09	27.2981
2135	150.574
2136.03	150.654
2137	27.3771
2138.03	27.3302
2139.02	27.3437
2140	27.3366
2140.93	150.592
2142.03	150.56
2142.98	27.3001
2144.1	27.2869
2145.11	27.2522
2145.97	27.2545
2147.03	27.2743
2148.01	27.2356
2148.95	27.2751
2150.05	150.608
2150.97	27.3193
2151.91	27.248
2153.03	27.2689
2153.96	27.2246
2155.07	150.459
2155.99	27.2079
2156.86	150.551
2158.07	27.262
2158.93	27.3004
2159.95	27.2324
2161.09	27.1927
2161.96	27.2292
2163.17	27.2047
2164.03	27.2792
2164.98	27.1814
2166.07	150.467
2166.98	27.2756
2167.89	27.2476
2169.03	27.1578
2170.02	27.2224
2170.98	27.2112
2172.04	150.439
2172.97	150.464
2174.05	27.2392
2175.04	27.1873
2175.92	27.1373
2177.01	27.1697
2177.92	27.2368
2178.91	27.1049
2180.06	27.1224
2180.97	27.105
2182.14	27.1289
2183.02	27.1711
2183.94	150.46
2185.07	27.1876
2186.02	27.1226
2186.93	27.2101
2188.02	27.1709
2188.94	27.1738
2190	150.423
2191.08	27.1349
2191.96	150.423
2193.09	27.1055
2194	150.576
2194.9	27.1077
2196.05	150.426
2196.96	27.1383
2197.93	150.291
2199.06	26.9982
2200.01	27.034
2201.14	27.0862
2202.01	26.9958
2202.93	27.1141
2204.09	27.1103
2205.02	27.1246
2205.92	27.0786
2207.03	150.366
2207.98	27.0154
2208.89	27.0419
2210.01	27.0559
2210.99	26.9854
2212.05	150.388
2213.02	26.934
2213.96	150.33
2215.03	27.0926
2215.99	150.282
2216.89	26.9919
2218.12	150.29
2218.99	27.0129
2220.02	26.9883
2221.07	150.153
2221.92	27.0436
2223.02	26.8755
2224	27.0006
2224.96	26.7615
2226.12	27.0235
2226.91	150.268
2227.97	150.195
2229	26.9929
2229.92	150.195
2231.11	26.9495
2231.95	26.958
2232.93	150.187
2234.03	26.9841
2234.97	150.323
2235.86	26.9222
2237.09	26.8999
2237.91	150.19
2239.08	26.9973
2240.01	26.9699
2240.91	26.9487
2242.02	150.197
2242.95	26.965
2243.97	26.9514
2245	26.9211
2245.96	26.9034
2246.91	26.8885
2247.98	26.8916
2248.96	26.8976
2250.09	150.142
2251.08	150.072
2251.93	26.846
2253.08	26.8248
2253.98	26.7474
2254.94	26.8309
2256.05	150.088
2257	26.8165
2258.05	150.093
2258.98	26.8412
2259.91	26.8678
2261.08	150.108
2261.99	26.8391
2262.89	150.034
2264.06	26.8092
2264.94	26.7402
2265.89	150.075
2267.03	26.823
2267.95	150.071
2269.04	26.6325
2270.04	26.7129
2270.93	26.7586
2272.08	26.8134
2272.91	26.8604
2273.94	26.7406
2275.02	149.947
2276.01	26.7822
2277.07	26.8
2278	26.7803
2278.92	149.996
2280.07	26.7172
2281	149.914
2281.96	26.68
2283.04	26.6563
2283.94	26.6648
2285.11	26.6937
2286.01	26.7097
2286.96	26.6708
2288.11	26.6433
2288.97	26.591
2289.93	26.5924
2291.11	26.6264
2291.99	26.6466
2292.93	149.908
2294	26.6121
2294.92	149.928
2296.1	26.6042
2297.01	26.6527
2297.9	26.6428
2299.06	26.5103
2299.93	26.6813
2300.96	26.5383
2302.01	26.5328
2302.92	149.83
2304.08	26.5407
2304.99	26.5966
2305.94	26.5432
2307.05	149.772
2308	26.5384
2308.92	26.5866
2310.03	26.5422
2310.96	26.4189
2311.88	26.5538
2312.99	26.5252
2313.94	149.855
2315.06	26.5127
2316.03	149.716
2316.91	26.5782
2318.05	26.4974
2318.98	26.5302
2319.9	26.5022
2321.01	26.5323
2321.94	149.782
2323.03	149.793
2324	26.4571
2324.98	26.4474
2326.1	149.687
2327	26.4885
2327.86	149.636
2329.02	26.4674
2329.95	26.4433
2330.95	26.3828
2332.03	26.3883
2332.98	26.4009
2334.01	26.4432
2334.93	26.3761
2335.84	26.4015
2337.04	26.4036
2337.99	149.563
2338.87	26.3636
2340.03	26.3536
2340.92	149.619
2342.08	26.3431
2343.04	26.3151
2343.95	149.567
2345.08	26.3542
2345.96	26.4212
2346.92	26.343
2348.11	149.567
2349.02	26.3553
2349.89	149.523
2351.04	149.555
2351.9	26.2971
2353.06	26.3022
2354.05	26.2276
2354.93	149.496
2356.06	26.2491
2356.98	26.2129
2357.88	26.2866
2359.09	26.2223
2360.01	26.1774
2361.1	149.413
2361.98	26.2633
2362.91	26.2531
2364.04	26.2441
2365	26.1626
2365.91	26.1582
2367.02	149.387
2367.96	149.365
2368.92	149.342
2370	26.16
2370.97	26.126
2372.07	26.178
2372.94	149.434
2373.93	26.1806
2375.05	26.1207
2376.01	26.0948
2376.85	26.1415
2378.02	26.0476
2378.87	26.1219
2380.1	26.0925
2381	26.0416
2381.96	149.325
2383.04	26.0954
2383.98	26.0405
2384.95	26.0001
2386.05	26.1277
2387.9	26.0154
2388.98	26.0165
2389.97	25.995
2391.03	149.346
2392	25.9418
2392.9	26.0032
2394.04	26.012
2394.97	149.269
2395.02	25.9426
2397.08	25.8193
2397.97	25.962
2399.1	149.242
2399.95	25.7915
2400.9	25.8474
2402.11	25.8966
2402.94	25.7737
2403.9	25.9226
2405.01	25.7662
2405.96	25.8598
2406.87	25.903
2408	25.8944
2408.92	25.8312
2410.08	25.8205
2410.98	25.8205
2411.9	25.8742
2413.07	25.7871
2414.01	25.7327
2414.9	25.8206
2416.08	148.897
2416.95	25.7823
2418.01	25.6237
2418.99	149.031
2419.91	25.69
2421.04	25.7466
2421.98	25.7528
2422.9	25.6817
2424.07	149.056
2424.97	25.7486
2425.87	148.982
2427.05	25.6212
2427.93	25.6824
2429.08	25.5885
2430.01	25.6566
2430.92	25.741
2432.02	148.978
2432.94	25.6834
2433.92	148.887
2435.04	25.579
2435.9	25.6456
2437.06	25.5108
2437.99	148.881
2438.94	25.6471
2440.03	25.5127
2440.96	25.4298
2441.88	148.916
2443	25.5952
2443.94	25.5735
2444.91	25.5269
2446.03	148.778
2446.99	25.5678
2448.07	25.5169
2449.09	25.4728
2449.92	25.506
2451.03	25.469
2451.95	25.4952
2452.85	25.4102
2453.98	25.4353
2454.94	25.392
2456.07	-211.393
2456.99	-211.24
2457.97	25.3826
2459.06	25.3926
2459.96	25.4113
2460.91	-211.328
2462.08	25.3092
2462.94	25.3937
2463.88	-211.346
2465	25.364
2465.88	25.3842
2467.1	-211.505
2468.01	25.344
2468.93	25.2947
2470.02	25.3062
2470.96	25.2264
2471.87	25.2886
2473.03	-211.453
2473.91	-211.529
2475.04	-211.467
2476.03	25.1979
2476.92	25.2498
2478	-211.566
2479.01	25.2146
2479.93	25.1967
2480.99	25.2038
2481.93	25.1144
2483.1	25.0917
2484.03	25.0838
2484.9	25.2042
2486.03	25.0552
2486.99	-211.635
2487.95	25.1578
2489.07	25.0329
2489.95	25.0406
2490.9	25.0241
2492.05	24.9833
2492.92	24.9702
2494.07	25.0571
2494.97	24.9813
2496	24.9552
2497.03	-211.791
2497.94	24.924
2498.93	24.8145
2500.09	24.8772
2500.98	24.9244
2502.04	24.9117
2503	24.8776
2503.97	24.8349
2505.05	24.8609
2506	-211.882
2506.89	24.8467
2508.1	-211.954
2508.99	24.8259
2509.91	24.7459
2511.06	24.7696
2512	-212.048
2513.09	24.8178
2514.04	-212.035
2514.95	24.7068
2516.11	-211.937
2516.95	24.7464
2517.93	24.6946
2518.99	24.6188
2520.01	24.6886
2521.09	24.6117
2522.02	-212.053
2522.99	24.668
2524.05	24.6869
2524.96	24.66
2525.91	24.6114
2527.08	-212.122
2527.95	-212.148
2528.96	24.538
2530.01	24.4962
2530.91	24.3618
2532.01	24.5042
2532.98	-212.27
2533.9	24.4417
2535.07	24.4259
2535.93	24.4396
2536.85	-212.176
2538.07	24.3935
2538.98	-212.387
2540.11	24.415
2541.03	24.3081
2541.92	24.349
2543.11	24.2891
2544.02	24.3622
2544.93	24.2913
2545.98	24.3283
2547.03	-212.571
2547.94	-212.459
2548.98	24.0653
2550.03	24.048
2551.1	-212.54
2552.94	-212.467
2554.07	24.1467
2554.97	24.1852
2555.89	24.1736
2557.02	24.0744
2557.96	24.0056
2559.07	24.1088
2560.02	23.9928
2560.94	24.0214
2562.03	24.0575
2563.01	23.7878
2563.91	23.9276
2565.09	23.9316
2566	23.9878
2566.93	24.0015
2568.02	23.9467
2568.97	23.8598
2570.04	23.772
2570.96	23.8589
2571.92	23.7562
2573.07	23.7882
2574	23.7172
2574.98	23.7836
2576.07	23.5424
2576.98	-212.917
2578.09	23.7374
2579.95	23.7394
2581.1	23.6822
2582.06	23.5917
2583.01	23.5754
2584	-213.172
2585.02	23.6672
2585.96	23.5874
2586.98	-213.212
2588	23.5197
2589.03	-213.287
2590.01	23.3905
2590.92	23.4514
2592.01	23.4093
2593.01	23.5184
2593.99	23.2417
2595.08	23.3384
2595.94	23.4061
2597.09	23.3192
2598.04	23.3311
2599.01	23.3743
2600.06	23.3002
2601.03	23.2742
2601.94	23.2525
2603.11	23.1918
2603.94	23.208
2604.94	23.2245
2606.07	-213.569
2607	23.1851
2608.08	23.0836
2609.04	23.0377
2610.01	22.9844
2611.08	23.0223
2612.03	23.0336
2612.99	22.9436
2614.05	22.9661
2614.98	22.8976
2616.12	22.8907
2617.02	-213.732
2617.98	22.8849
2619.09	22.8627
2620.06	22.8236
2620.92	22.8486
2622.16	22.733
2623.02	22.8098
2623.86	22.6767
2625.08	22.6861
2625.93	22.7211
2627.09	22.6191
2628.12	22.5366
2628.96	22.6159
2630.06	22.4543
2631	22.5405
2632.02	-214.256
2633.08	22.3979
2633.98	22.5272
2635.06	22.5148
2636	22.4594
2636.97	22.3849
2638.15	22.2271
2639.07	22.2628
2639.99	22.3198
2641.18	22.2313
2642.01	22.2173
2643.01	22.2311
2644.05	22.1816
2645.01	22.1088
2646.22	22.0308
2647.09	22.1108
2647.98	21.9606
2649.17	22.023
2650.11	21.9302
2650.96	21.9815
2652.14	-214.854
2653.04	-214.841
2654.15	21.919
2655.12	21.7817
2656.06	21.8578
2657.06	21.7546
2658.06	21.815
2659.09	-215.126
2660.09	21.6019
2661.01	-214.992
2661.07	21.6353
2663.13	21.5997
2664.03	21.5882
2665.12	21.3584
2666.05	21.586
2667.04	21.4468
2668.03	21.5591
2669.09	21.3853
2669.93	144.49
2671.14	21.398
2672.04	21.3268
2673.06	21.1796
2674.16	144.537
2674.97	21.1835
2676.17	21.1908
2677.08	21.2008
2678.02	21.1608
2679.15	21.0294
2680.08	21.0834
2681.22	21.0234
2682.09	20.9954
2683.09	20.8936
2684.2	20.7002
2685.11	20.671
2686.07	144.145
2687.09	20.7887
2688.17	20.6452
2689.03	143.881
2690.18	20.4591
2691.04	20.5836
2692.18	20.5023
2693.2	20.4665
2694	20.5203
2695.11	20.3805
2696.14	20.3704
2697.1	20.1589
2698.22	20.2643
2699.08	143.494
2700.25	20.1223
2701.16	143.534
2702.03	20.179
2703.22	143.277
2704.22	19.9995
2705.01	19.86
2706.12	19.9533
2707.17	19.7332
2708.07	19.7906
2709.16	143.131
2710.17	19.6771
2711.26	19.6389
2712.14	142.935
2713.15	19.538
2714.23	19.5799
2715.19	19.4823
2716.09	142.712
2717.16	19.3386
2718.23	19.2212
2719.29	19.2627
2720.17	142.403
2721.19	18.9634
2722.22	142.382
2723.23	18.856
2724.2	18.9487
2725.21	18.7424
2726.21	18.7386
2727.15	18.8243
2728.29	141.978
2729.18	18.5136
2730.27	141.94
2731.27	141.904
2732.21	18.3885
2733.33	18.31
2734.19	18.4061
2735.24	18.1582
2736.21	141.555
2737.2	18.0449
2738.4	141.442
2739.16	141.403
2740.19	17.8869
2741.32	17.9372
2742.27	17.8254
2743.23	17.7755
2744.34	17.6464
2745.26	17.5149
2746.24	17.4304
2747.22	140.806
2748.29	17.4244
2749.39	17.314
2750.29	17.2567
2751.23	140.331
2752.32	17.0892
2753.26	16.9797
2754.21	16.8779
2755.36	16.7358
2756.24	16.8012
2757.36	16.7144
2758.37	16.6432
2759.21	16.5814
2760.42	16.4004
2761.33	16.3039
2762.28	16.1692
2763.33	16.1311
2764.35	16.0367
2765.24	16.0227
2766.4	15.9589
2767.41	15.8561
2768.51	15.6799
2769.32	15.6003
2770.4	15.5606
2771.5	15.3465
2772.39	15.231
2773.25	15.1886
2774.46	138.232
2775.42	15.0059
2776.48	138.253
2777.39	14.802
2778.38	14.6999
2779.43	14.6295
2780.4	14.5063
2781.36	14.3091
2782.49	14.1732
2783.48	14.1416
2784.37	13.9998
2785.54	13.9918
2786.45	137.066
2787.51	13.6306
2788.46	13.493
2789.48	13.3355
2790.54	13.3242
2791.49	13.1953
2792.37	13.089
2793.48	12.9038
2794.52	12.8797
2795.59	12.7996
2796.52	12.654
2797.53	12.4729
2798.62	12.2761
2799.57	12.2312
2800.48	12.1313
2801.62	11.9709
2802.53	11.7984
2803.58	11.7383
2804.62	11.5486
2805.56	11.4093
2806.6	11.3085
2807.62	11.2179
2808.6	11.1752
2809.62	10.9665
2810.6	10.8521
2811.59	10.7701
2812.67	134.003
2813.57	10.5216
2814.72	10.3721
2815.81	10.2325
2816.61	133.589
2817.77	10.0585
2818.76	9.88009
2819.54	9.84023
2820.68	9.78351
2821.7	9.65765
2822.65	9.62199
2823.81	9.47985
2824.63	132.997
2825.91	132.874
2826.71	9.29844
2827.66	9.32992
2828.85	9.30817
2829.87	9.29202
2830.62	9.20225
2831.76	9.2112
2832.66	9.27597
2833.96	9.22396
2834.88	9.2937
2835.73	9.29375
2836.74	9.4844
2837.77	9.52508
2838.74	9.58191
2839.89	9.70996
2840.76	9.81606
2841.85	133.46
2842.85	10.1206
2843.81	10.2684
2844.77	10.5682
2845.7	10.7106
2846.79	10.846
2847.9	134.644
2848.7	11.2815
2849.69	135.132
2850.74	11.9803
2851.66	135.79
2852.76	12.5963
2853.73	12.8923
2854.61	13.2246
2855.79	13.7638
2856.62	14.0159
2857.55	14.3988
2858.64	14.8602
2859.44	15.3121
2860.71	15.749
2861.61	16.1646
2862.47	16.6904
2863.56	17.2466
2864.49	17.5915
2865.26	18.2653
2866.49	142.403
2867.45	142.85
2868.2	19.7804
2869.36	20.4332
2870.2	144.565
2871.29	21.5888
2872.14	22.1107
2873.15	22.833
2874.06	23.3762
2875.05	23.958
2875.93	24.6081
2876.94	25.3211
2877.82	25.9037
2878.99	26.4022
2879.87	27.1509
2880.8	27.5602
2881.94	151.889
2882.68	28.9369
2883.56	29.5026
2884.62	30.2629
2885.61	30.7257
2886.35	31.2039
2887.62	31.9392
2888.52	32.4718
2889.45	33.0919
2890.4	33.7066
2891.24	34.1326
2892.36	34.798
2893.26	35.357
2894.27	35.7316
2895.23	36.311
2896.19	36.9294
2897.37	37.4407
2898.23	37.989
2899.15	38.342
2900.16	38.8911
2901.09	39.3493
2901.83	39.8713
2903.04	40.3191
2903.94	40.7185
2904.89	41.1002
2906.03	41.4451
2906.99	41.9019
2908.06	42.3314
2908.87	166.247
2909.81	43.1518
2910.89	43.465
2911.98	43.8399
2912.76	44.195
2913.82	44.5006
2914.89	44.7354
2915.93	45.202
2916.91	45.4958
2917.83	45.7896
2918.97	46.0316
2919.95	169.835
2920.71	46.6328
2921.83	46.8612
2922.84	47.0809
2923.82	170.839
2924.77	171.148
2925.68	47.8674
2926.79	48.1547
2927.82	48.3251
2928.65	48.533
2929.85	48.6673
2930.82	48.8833
2931.64	49.1112
2932.85	49.269
2933.82	49.3897
2934.88	49.5934
2935.77	49.7206
2937.81	50.1418
2938.73	50.1097
2939.8	50.3172
2940.8	50.5024
2941.81	50.5464
2943.8	50.8836
2944.86	174.462
2945.79	51.0888
2946.81	51.172
2947.73	51.265
2948.88	51.3535
2949.91	51.4076
2950.74	51.568
2951.87	51.6355
2952.87	51.5939
2953.9	51.7211
2954.92	175.335
2955.81	51.8286
2956.99	52.0211
2957.91	51.9766
2958.82	52.1258
2959.99	52.0988
2960.84	175.705
2961.77	52.2431
2962.93	52.3059
2963.84	52.2391
2964.97	52.3601
2965.92	52.3318
2966.92	52.4204
2967.94	52.3608
2968.87	52.5287
2969.84	52.4679
2970.95	52.4322
2971.93	52.6486
2973	52.477
2973.82	52.6116
2974.89	52.6054
2976.04	52.5072
2976.99	52.5253
2977.88	52.5641
2979.08	52.5116
2980.02	52.5501
2980.9	52.5248
2982.06	52.572
2982.93	52.6338
2984.1	52.6085
2984.99	52.6513
2985.99	52.543
2987.01	52.5031
2988.01	52.4662
2989.01	52.543
2990.08	52.4482
2991.05	52.4635
2992.27	175.822
2993.09	52.4097
2993.94	175.931
2995.15	52.4662
2996.05	175.769
2997.05	175.936
2998.1	52.3084
2999.12	52.3122
2999.99	52.4372
3001.18	52.272
3002.03	175.681
3003.2	52.1872
3004.11	52.2474
3005.07	52.1355
3006.15	52.1031
3007.13	52.0375
3008.09	52.052
3009.21	52.1301
3010.12	52.0397
3011.25	52.003
3012.25	52.0125
3013.09	51.8797
3014.24	51.8674
3015.23	175.126
3016.1	51.6331
3017.2	51.738
3018.2	175.057
3019.3	51.6701
3020.19	51.5744
3021.16	51.4927
3022.34	51.528
3023.2	51.4692
3024.16	51.4029
3025.31	-185.248
3026.27	51.2495
3027.2	51.3196
3028.3	51.3054
3029.21	-185.392
3030.29	-185.32
3031.34	51.1089
3032.22	50.9858
3033.29	51.0221
3034.16	51.0839
3035.11	51.1023
3036.29	50.9314
3037.33	-185.752
3038.33	50.7301
3039.39	50.6615
3040.24	50.711
3041.42	50.7212
3042.28	50.7058
3043.27	50.7005
3044.27	50.6342
3045.3	50.5361
3046.25	50.5567
3047.38	50.2443
3048.28	50.3564
3049.4	50.3392
3050.3	50.3418
3051.3	50.2115
3052.45	50.0405
3053.33	50.1743
3054.26	50.0469
3055.43	50.058
3056.31	49.8906
3057.42	49.8287
3058.37	49.7214
3059.37	49.7802
3060.44	49.6377
3061.39	49.7128
3062.26	49.7618
3063.42	49.6662
3064.36	49.4862
3065.4	-187.111
3066.4	49.4074
3067.38	49.5458
3068.48	49.4018
3069.36	49.308
3070.38	49.3638
3071.48	49.2017
3072.43	49.21
3073.41	49.1613
3074.45	49.1569
3075.43	49.0281
3076.58	49.0451
3077.53	48.9735
3078.38	48.8852
3079.51	48.8737
3080.55	-187.76
3081.4	48.8224
3082.53	48.8176
3083.42	48.7477
3084.37	48.6503
3085.47	48.5434
3086.43	48.5186
3087.61	48.5277
3088.49	48.4612
3089.51	48.4739
3090.55	48.4665
3091.5	48.1976
3092.43	48.2818
3094.48	48.1046
3095.59	48.1482
3096.54	48.0343
3097.5	48.0956
3098.64	47.934
3099.53	48.0502
3100.39	47.8405
3101.55	47.8932
3102.57	47.8127
3103.47	47.776
3104.58	47.6384
3105.52	47.6995
3106.57	47.6967
3107.51	47.6484
3108.5	47.5318
3109.66	47.4491
3110.6	47.3083
3111.47	47.4418
3112.64	47.3772
3113.5	47.3064
3114.6	47.1431
3115.57	47.2287
3116.51	47.1337
3117.62	47.1279
3118.6	-189.671
3119.4	46.9814
3120.59	47.0334
3121.58	46.9646
3122.5	46.8975
3123.56	46.8934
3124.5	46.8375
3125.56	46.8312
3126.57	46.706
3127.56	46.7246
3128.62	46.7205
3129.61	46.6368
3130.53	46.5344
3131.64	46.4196
3132.56	46.4004
3133.65	46.4241
3134.6	46.4938
3135.59	46.3934
3136.67	46.2148
3137.61	46.3249
3138.54	46.2151
3139.71	46.1134
3140.65	46.1409
3141.53	46.0905
3142.64	45.9264
3143.62	45.9291
3144.72	45.8225
3145.67	45.952
3146.63	45.8832
3147.72	45.805
3148.64	45.833
3149.61	45.7721
3150.69	45.7521
3151.68	-191.061
3152.79	45.4444
3153.65	45.6464
3154.63	45.4182
3155.7	45.5329
3156.61	45.3801
3157.57	45.4116
3158.68	45.2915
3159.71	45.2919
3160.57	45.3235
3161.62	45.3793
3162.67	45.2244
3163.81	45.1896
3164.73	45.1523
3165.64	45.1567
3166.73	45.0102
3167.65	45.1075
3169.75	44.9458
3170.65	44.9627
3171.81	44.8807
3172.69	44.8255
3173.65	44.7961
3174.77	44.8728
3175.72	44.6718
3176.62	44.7274
3177.78	44.7109
3178.65	44.6668
3179.59	44.5992
3180.79	-192.054
3181.68	44.5272
3182.83	44.5274
3183.73	44.4524
3184.72	44.3236
3185.77	44.3787
3186.76	-192.442
3187.66	44.2901
3188.74	44.2468
3189.71	44.2893
3190.83	44.2287
3191.72	44.2517
3192.72	44.2135
3193.83	44.0517
3194.74	44.1794
3195.64	44.1399
3196.8	44.0475
3197.77	43.8846
3198.87	43.8677
3199.84	43.9626
3200.68	43.792
3201.85	43.8703
3202.8	43.6762
3203.73	43.844
3204.81	43.8511
3205.78	43.6094
3206.77	43.807
3207.73	43.7595
3208.77	43.5755
3209.77	43.6894
3210.73	43.5799
3211.7	43.5737
3212.89	43.4576
3213.77	43.5487
3214.77	43.4347
3215.8	43.4403
3216.75	43.3458
3217.89	43.3044
3218.87	43.3252
3219.75	43.2461
3220.93	43.3419
3221.86	43.2919
3222.75	43.1695
3223.87	-193.428
3224.78	43.0121
3225.65	-193.613
3226.86	43.175
3227.83	43.077
3228.84	43.0415
3229.83	42.8877
3230.74	42.8973
3231.87	43.0284
3232.76	42.8174
3233.66	42.9666
3234.89	42.7502
3235.91	42.8421
3236.91	42.8285
3237.85	42.7651
3238.83	42.7639
3239.88	42.8306
3240.9	42.647
3241.8	42.6747
3243	-194.161
3243.81	42.719
3244.75	42.5518
3245.91	42.5413
3246.76	42.6043
3247.94	42.5281
3248.86	42.5284
3249.85	42.4802
3250.82	42.5442
3251.9	42.3221
3252.83	42.3692
3253.93	42.2269
3254.82	42.3672
3256.04	42.2061
3256.89	42.2281
3257.87	42.1852
3258.94	42.3084
3259.88	42.1742
3260.81	42.1192
3261.99	42.0863
3262.89	42.1232
3263.74	42.1101
3264.96	-194.761
3265.76	42.116
3266.94	42.031
3267.94	41.9717
3268.88	41.9425
3269.87	41.9821
3270.87	-194.931
3271.84	41.8507
3272.93	41.9362
3273.87	41.8156
3275	41.668
3275.97	41.7552
3276.87	41.7997
3277.96	41.7597
3278.9	41.6343
3279.91	-195.108
3281.01	41.6108
3281.86	41.5707
3282.88	41.5966
3283.89	41.5328
3284.85	41.4485
3286.04	41.6144
3287.02	41.5845
3287.87	41.6388
3289	41.5532
3289.96	41.3777
3290.89	41.4446
3292.06	-195.436
3292.92	41.4222
3294.02	41.4126
3294.96	41.3333
3295.9	-195.396
3297.04	41.2941
3297.93	-195.544
3298.87	-195.504
3300.05	41.3046
3301.03	-195.672
3301.78	41.3221
3302.98	41.2411
3303.87	41.2396
3305.07	-195.645
3305.98	41.0318
3306.95	41.1425
3307.97	40.9884
3308.96	40.9886
3309.96	40.9176
3311.05	41.1171
3311.96	40.9862
3313.07	40.9409
3313.98	40.994
3314.94	40.8541
3316.11	40.8913
3317	40.9381
3317.96	40.8946
3319.01	40.8082
3319.97	40.8623
3320.88	40.8002
3322.01	40.8424
3322.96	40.6447
3324.12	40.7925
3325.01	40.724
3325.97	40.7079
3327.14	40.7624
3327.99	40.6538
3328.92	-196.174
3330.04	40.6783
3330.95	40.6781
3332.11	40.5441
3333.06	40.5418
3333.98	40.6212
3335.07	40.6226
3336.04	40.4502
3336.95	40.5495
3338.08	40.6387
3338.89	40.5895
3339.95	40.6206
3340.98	40.4161
3341.95	40.5272
3343.09	40.3405
3343.98	40.5042
3344.93	40.3095
3346.12	40.3854
3346.98	40.2773
3347.91	40.3073
3349.04	40.3114
3350.01	163.545
3351.09	40.2288
3352	40.2094
3353.02	40.174
3354.04	40.153
3354.99	40.2688
3355.93	40.1566
3356.98	40.2275
3357.93	40.2644
3358.92	40.0748
3359.99	40.1719
3360.96	40.1416
3362.07	39.9951
3363.03	163.25
3363.95	40.0993
3365.12	40.1266
3365.96	40.0544
3366.99	39.9614
3368.08	40.0657
3368.97	39.9242
3370.12	39.9457
3371.05	39.9707
3371.92	39.9244
3373.03	39.8744
3374.08	39.9647
3374.96	39.9564
3376.08	39.973
3377.05	39.7611
3377.92	39.808
3379.1	39.7737
3379.95	39.8515
3381.06	39.8413
3382.02	39.8018
3382.95	39.7589
3384.04	163.045
3385.05	39.775
3386.02	39.7004
3387.09	39.7102
3387.96	39.7805
3389.09	39.7288
3390.06	39.6906
3391	39.7216
3392.15	39.6721
3393.04	39.6279
3393.99	39.6608
3395.15	39.6283
3396.02	39.5574
3397.07	39.5691
3398.06	39.6448
3399.01	39.4718
3400.13	39.5823
3401.01	39.5214
3401.98	162.835
3403.06	39.4848
3404.01	39.4707
3405	39.4795
3406.07	39.4917
3407	39.4439
3408.12	39.3481
3409.05	39.4178
3410.04	162.449
3411.05	39.4781
3412.13	39.369
3413.04	39.4058
3414.07	39.3454
3415.05	39.3491
3416.17	39.3539
3417.07	39.1178
3418.02	39.2939
3419.08	162.47
3420.06	39.113
3420.95	162.386
3422.18	39.0994
3423.12	39.1884
3423.98	39.0823
3425.09	39.2067
3426.02	39.2182
3427.2	39.0926
3428.06	39.2262
3429.08	39.2106
3430.12	39.174
3431.04	39.135
3432.04	38.9947
3433.14	39.1197
3434.01	39.0142
3435.16	38.9803
3436.16	39.0644
3437	39.099
3438.07	162.265
3439.07	39.0227
3439.98	39.0072
3441.12	39.0629
3442.06	38.9804
3442.94	38.9953
3444.12	38.8865
3445.08	38.8143
3446.26	38.8211
3447.14	38.875
3448	38.7974
3449.21	38.8314
3450.09	38.8163
3450.99	38.8062
3452.16	38.7429
3453.12	38.7739
3454.15	38.8134
3455.13	38.7658
3456.1	38.7566
3457.18	38.7121
3458.08	38.8082
3459.02	38.6418
3460.14	161.942
3461.1	38.5975
3462.13	38.6776
3463.1	38.66
3464.04	38.6035
3465.2	38.6472
3466.06	38.5409
3467.02	38.6746
3468.14	38.6618
3469.09	38.5788
3470.01	38.5556
3471.15	38.6288
3472.05	38.6675
3473.17	38.6375
3474.1	38.5235
3475.14	38.5696
3476.17	38.5454
3477.09	38.4654
3478.05	38.4455
3479.14	38.4315
3480.08	38.5549
3481.03	38.3653
3482.16	38.4934
3483.04	38.4084
3484.23	38.4477
3485.1	38.4825
3486.03	38.4196
3487.18	38.363
3488.06	38.356
3489.01	38.4038
3490.13	38.4174
3491.08	161.679
3492.15	38.3548
3493.1	38.2924
3494.1	38.4117
3495.17	38.329
3496.12	38.3526
3497.07	38.2356
3498.2	38.4452
3499.13	161.417
3500.02	38.2525
3501.17	38.3916
3502.06	38.3535
3503.16	38.1861
3504.1	38.1673
3505.11	38.2308
3506.2	38.2646
3507.12	38.2726
3507.97	38.1319
3509.15	38.0701
3510.08	38.1123
3511.25	38.225
3512.23	38.0758
3513.04	38.2275
3514.23	161.496
3515.12	38.0609
3516.1	38.1286
3517.17	38.1497
3518.1	38.1532
3519.01	38.0684
3520.15	161.2
3521.06	38.1251
3522.23	38.0539
3524.03	38.2473
3525.16	38.1084
3526.14	38.0901
3527.04	38.057
3528.16	38.0515
3529.08	161.213
3530.24	161.141
3531.18	38.0572
3532.07	161.211
3533.21	37.9889
3534.22	37.9245
3535.02	38.0582
3536.21	37.9833
3537.15	38.0605
3538.08	37.8628
3539.16	37.9487
3540.08	37.8703
3541.22	37.8759
3542.18	38.0098
3543.1	37.9226
3544.19	37.9961
3545.13	38.0003
3546.15	37.8771
3547.23	37.7884
3548.08	37.8688
3549.25	37.8222
3550.11	37.9288
3551.04	37.7178
3552.2	161.046
3553.12	37.8019
3554.09	37.876
3555.19	37.7365
3556.13	37.7568
3557.02	37.8803
3558.2	37.7422
3559.07	37.8595
3560.26	37.6189
3561.18	160.958
3562.07	160.987
3563.22	37.7464
3564.12	37.6744
3565.08	37.7767
3566.14	37.6648
3567.11	37.613
3568.13	37.7077
3569.11	37.8027
3570.17	160.91
3571.26	160.949
3572.17	37.6978
3573.12	37.5129
3574.14	37.695
3575.15	37.7207
3576.22	37.6568
3577.21	37.6609
3578.08	37.7047
3579.21	160.821
3580.23	37.4981
3581.14	37.598
3582.25	37.4696
3583.13	37.5463
3584.12	37.4832
3585.2	37.5699
3587.28	37.5294
3588.2	37.5228
3589.11	37.5275
3590.25	37.4779
3591.14	37.5403
3592.06	160.658
3593.19	37.5221
3594.15	37.5181
3595.19	37.4384
3596.13	37.4353
3597.17	37.3698
3598.18	37.5346
3599.16	37.5171
3600.12	160.592
3601.22	37.3929
3602.15	37.4923
3603.07	37.3952
3604.18	37.4559
3605.16	37.438
3606.22	37.4327
3607.16	37.4335
3608.13	37.3332
3609.23	37.4695
3610.16	37.4256
3611.11	37.2229
3612.27	37.3022
3613.15	37.2766
3614.31	160.542
3615.22	37.3341
3616.15	37.248
3617.2	37.3328
3618.13	37.3141
3619.13	37.3236
3620.18	37.2374
3621.1	37.3524
3622.06	160.568
3623.21	37.4344
3624.09	37.228
3625.23	37.3546
3626.18	37.1214
3627.11	37.2792
3628.22	37.2833
3629.19	37.1543
3630.05	160.445
3631.2	37.2766
3632.11	37.1633
3633.25	37.1478
3634.19	37.2881
3635.11	37.0877
3636.25	37.0681
3637.16	37.1334
3638.09	37.1235
3639.2	160.465
3640.09	160.444
3641.05	37.1887
3642.18	37.3187
3643.17	37.1846
3644.3	37.0428
3645.15	37.1904
3646.16	37.0727
3647.23	37.1778
3648.15	37.1732
3649.13	37.1647
3650.23	160.407
3651.12	37.1793
3652.32	37.0448
3653.21	37.1305
3654.1	37.0818
3655.22	37.0596
3656.17	37.1782
3657.08	36.9662
3658.21	160.326
3659.14	37.0769
3660.06	37.0277
3661.22	36.9862
3662.13	36.9504
3663.23	37.0666
3664.15	37.1244
3665.09	36.986
3666.17	37.087
3667.14	37.136
3668.1	37.1262
3669.24	160.254
3670.13	160.189
3671.26	36.9967
3672.16	37.0036
3673.08	36.9708
3674.2	37.0108
3675.19	37.0466
3676.05	36.8277
3677.23	36.8618
3678.15	36.9445
3679.09	36.9025
3680.21	36.9051
3681.12	36.8861
3682.22	36.9401
3683.22	36.9608
3684.16	36.8684
3685.26	37.0259
3686.12	36.9965
3687.19	36.937
3688.18	36.8827
3689.11	36.9112
3690.28	36.9064
3691.25	36.959
3692.1	36.8518
3693.22	36.8882
3694.19	36.7472
3695.13	36.9277
3696.24	160.047
3697.15	36.8639
3698.06	36.8458
3699.2	36.8803
3700.14	36.8571
3701.24	36.8689
3702.18	36.9868
3703.1	36.888
3704.22	36.7877
3705.13	160.103
3706.09	36.7944
3707.24	36.8002
3708.17	36.8807
3709.22	36.8367
3710.18	36.7096
3711.11	36.7383
3712.23	36.7794
3713.17	36.7816
3714.08	36.7639
3715.18	36.893
3716.15	36.6905
3717.06	36.7908
3718.19	36.7696
3719.14	160.022
3720.2	160.017
3721.21	36.749
3722.12	36.7895
3723.17	36.6044
3724.2	36.7347
3725.08	36.7768
3726.16	36.7381
3727.2	36.8158
3728.29	36.7239
3729.16	36.7876
3730.13	36.6503
3731.2	36.6544
3732.2	36.584
3733.09	36.7951
3734.22	36.7891
3735.11	36.7538
3736.08	36.5856
3737.18	36.7558
3738.13	36.6881
3739.27	36.6894
3740.12	159.943
3741.08	-200.015
3742.2	36.6894
3743.15	36.6519
3744.11	36.7069
3745.24	36.5376
3746.15	36.7257
3747.23	36.5473
3748.19	36.6964
3749.13	36.6375
3750.25	36.651
3751.13	36.5998
3752.1	36.5141
3753.19	36.5828
3754.15	36.5275
3755.28	36.5847
3756.27	36.5902
3757.05	36.6706
3758.26	36.5134
3759.15	36.6128
3760.13	36.6276
3761.19	36.6098
3762.16	36.6001
3763.11	36.4724
3764.21	36.6258
3765.09	36.5253
3766.24	-200.236
3767.16	36.606
3768.14	36.4671
3769.24	36.444
3770.16	-200.37
3771.15	36.4572
3772.23	36.4197
3773.12	-200.25
3774.23	36.5546
3775.25	36.5858
3776.1	-200.326
3777.19	36.4956
3778.18	36.5297
3779.06	36.5239
3780.2	36.5051
3781.16	36.4997
3782.07	36.5168
3783.22	36.5135
3784.16	36.4161
3785.26	36.4574
3786.2	36.547
3787.13	-200.385
3788.26	36.5368
3789.17	36.5015
3790.07	36.5857
3791.15	36.5418
3792.16	36.4477
3793.19	36.5159
3794.17	36.5646
3795.14	-200.391
3796.25	36.4877
3797.16	36.4247
3798.1	36.4727
3799.27	36.3044
3800.15	36.354
3801.07	-200.394
3802.2	36.4116
3804.23	36.3939
3805.19	36.468
3806.08	36.3899
3807.19	-200.347
3808.13	36.371
3809.08	36.3898
3810.16	36.3726
3811.12	36.4493
3812.27	36.3602
3813.15	36.4563
3814.1	36.2605
3815.24	36.3843
3816.16	36.3033
3817.07	36.2999
3818.17	36.4376
3819.11	36.4442
3820.05	-200.338
3821.2	36.4299
3822.11	36.4695
3823.24	36.2653
3824.18	36.4219
3825.1	36.2673
3826.28	36.2187
3827.11	36.3143
3828.09	36.3085
3829.2	36.2608
3830.11	36.2882
3831.19	36.3423
3832.18	-200.505
3833.08	36.4128
3834.2	36.2278
3835.23	-200.556
3836.09	36.4128
3837.2	36.3012
3838.15	36.1936
3839.05	-200.539
3840.16	36.2933
3841.03	36.3307
3842.24	-200.403
3843.2	36.3528
3844.04	36.1758
3845.25	36.2805
3846.13	36.1641
3847.04	36.2679
3848.18	36.2755
3849.14	36.2439
3850.25	36.2443
3851.23	36.2616
3852.11	36.2537
3853.14	36.2524
3854.15	-200.57
3855.12	36.1702
3856.17	36.2722
3857.15	36.2137
3858.01	36.2012
3859.15	-200.556
3860.16	36.197
3862.17	36.1268
3863.07	36.1918
3864.2	36.1278
3865.15	36.1798
3866.05	36.2252
3867.14	36.2132
3868.12	-200.64
3869.33	36.1444
3870.17	36.2637
3871.11	36.2227
3872.22	36.1811
3873.12	36.2565
3874.09	36.1257
3875.14	36.1482
3876.13	36.1476
3877.06	36.058
3878.14	36.0721
3879.05	36.1431
3880.21	36.2009
3881.08	-200.706
3882.11	36.1795
3883.23	35.9661
3884.12	-200.726
3885.04	36.1084
3886.22	36.1287
3887.16	36.1098
3888.25	36.0499
3889.12	36.19
3890.15	36.1594
3891.24	36.0553
3892.13	36.0302
3892.99	36.1443
3894.17	-200.73
3895.15	36.1149
3896.04	36.1075
3897.15	36.0959
3898.15	36.0709
3899.2	36.1295
3900.14	36.0437
3901.11	36.0145
3902.23	36.0483
3903.13	36.1948
3904	36.0084
3905.06	-200.692
3906.05	36.0159
3907.18	36.0046
3908.13	-200.766
3909.07	-200.757
3910.24	36.0722
3911.08	36.0306
3912.02	-200.796
3913.17	35.9522
3914.13	35.9303
3915.05	36.0141
3916.1	35.9695
3917.08	36.1217
3918.17	36.0242
3919.09	36.0347
3920.09	36.0826
3921.16	35.985
3922.15	35.9385
3922.99	-200.699
3924.18	-200.793
3925.02	-200.772
3926.19	35.9932
3927.14	36.104
3928.13	35.9959
3929.25	35.8367
3930.1	36.1176
3931.06	35.9051
3932.21	35.9685
3933.13	36.0124
3934.16	36.0498
3935.12	36.0154
3936.05	35.8796
3937.16	36.0062
3938.12	35.9433
3939.03	-200.78
3940.2	36.0444
3941.05	35.9423
3941.98	36.0102
3943.03	-200.804
3944.05	35.9616
3945.25	36.0229
3946.14	35.9965
3947.13	35.953
3948.17	35.9554
3949.05	35.8078
3950.04	36.0292
3951.27	35.8385
3952.1	35.9794
3953.22	35.9187
3954.07	36.0373
3954.99	35.9677
3956.21	35.9236
3957.08	35.9399
3958.14	35.9473
3959.16	36.0637
3960.08	36.0139
3961	36.0107
3962.13	-200.872
3963.07	36.0354
3964.15	-200.826
3965.15	35.9688
3966.11	35.9031
3967.17	35.8039
3968.07	35.8873
3969.02	-200.865
3970.06	35.9494
3971.06	36.0177
3972.23	-200.824
3973.02	35.9556
3974.04	35.9033
3975.16	35.9414
3976.13	35.9513
3976.96	35.9141
3978.18	35.9007
3979.14	35.8736
3979.98	35.8379
3981.15	35.8928
3982.09	35.8689
3983.08	35.8752
3984.13	36.0047
3985.03	35.8771
3986.17	35.7556
3987.06	35.9649
3988.12	35.8833
3989.11	35.9794
3990.08	35.8082
3991.12	35.819
3992.13	35.8926
3993.02	35.8413
3994.12	35.7911
3995.11	35.8353
3996.04	35.7445
3997.12	-200.991
3998.17	35.7956
3999.01	35.8745
4000.05	35.7787
4001.06	35.7299
4002.16	35.679
4003.06	35.8716
4003.94	35.7406
4005.1	35.7648
4006.1	35.8289
4007.02	35.8766
4008.01	35.7741
4008.95	159.017
4010.16	35.8612
4011.02	35.7072
4012.08	35.8329
4013.02	35.9507
4014.1	35.7671
4014.93	35.7872
4016.05	35.7711
4016.97	35.7666
4017.93	35.6911
4019.11	35.8076
4020	35.7875
4021.07	35.788
4022.04	35.8521
4022.99	35.7739
4024.13	35.704
4025.06	35.7365
4025.96	35.8395
4027.1	35.7868
4028.05	35.8659
4029.07	35.8887
4030.05	35.8098
4031.01	158.973
4032.02	35.8432
4033	35.699
4033.89	35.8278
4035.01	35.8759
4036.01	35.7194
4036.92	158.914
4037.99	35.7494
4039.01	35.8429
4040.1	35.7523
4041.07	35.7289
4041.99	35.6973
4043.12	35.6513
4044.03	35.7457
4044.96	35.7424
4046.15	35.722
4047.03	35.7738
4048.11	35.7403
4048.96	35.7622
4050	158.935
4051.15	35.7484
4052.03	35.6659
4052.9	35.6554
4054.16	35.7593
4055.01	35.6222
4055.91	158.942
4057.07	35.7381
4057.97	35.7831
4059.14	35.7477
4059.95	35.7432
4061.07	35.5957
4062.11	35.5828
4063.07	35.6116
4063.86	35.7218
4065.1	35.6841
4066.07	35.6498
4067.13	35.7851
4068.06	35.5973
4068.97	35.7806
4070.12	35.6702
4071.1	35.7596
4071.97	35.7097
4073.07	35.6499
4074.04	35.7442
4074.98	35.711
4076.07	35.6227
4076.99	35.7417
4078.13	35.5491
4079.03	35.7666
4080.03	158.859
4081.08	35.582
4082	158.872
4082.88	35.6552
4084.1	35.6038
4084.92	35.6886
4086.1	35.6179
4087.03	35.6571
4087.98	35.6391
4089.06	35.5917
4090.02	158.864
4091.01	35.5528
4092.12	35.765
4093.01	35.6266
4093.93	35.6578
4095.1	35.5242
4096	35.5684
4097.13	35.6982
4098.03	35.6914
4098.98	35.5779
4100.07	35.7497
4101.07	35.6671
4102.01	158.798
4103.07	35.6672
4104.03	35.6372
4105.15	35.6346
4106.02	35.6606
4106.99	35.4516
4108.1	35.616
4109.06	35.5552
4109.93	35.5994
4111.09	35.516
4112.03	35.5632
4113.13	35.6051
4114.03	35.7273
4114.95	35.7244
4116.1	35.601
4117.01	158.787
4117.99	35.5685
4119.07	35.5398
4119.98	35.6291
4120.94	35.5674
4122.12	35.6672
4122.97	35.5922
4124.1	35.6437
4125.08	35.5086
4126.02	35.6872
4127.02	35.5843
4128.05	35.5296
4128.99	35.4259
4130.07	35.6982
4130.98	35.6224
4132.1	35.5473
4133.08	35.5178
4134.01	35.5149
4135.1	35.6775
4136.03	35.46
4136.98	158.809
4138.11	35.6604
4138.95	35.6131
4139.98	35.6872
4141.07	35.5804
4141.97	35.5716
4143.12	35.5951
4144.05	35.4577
4144.97	35.5648
4146.08	35.5403
4147.01	35.6801
4147.97	35.6508
4149.08	35.4803
4150.01	35.5146
4151.13	35.568
4152.01	35.6008
4152.94	35.4985
4154.15	35.6415
4155.05	35.554
4155.95	35.59
4157.08	35.593
4157.99	35.5437
4158.94	35.5167
4160.05	35.4846
4160.99	35.5396
4162.06	158.82
4163.06	35.4526
4163.96	158.736
4165.15	35.4465
4166.01	35.5653
