Frequency - Phase	Phase - Phase
1801.42	28.482
1800.96	28.5278
1801.95	-208.304
1803.13	-208.322
1803.93	28.469
1805.16	28.4507
1806.08	-208.193
1806.94	28.4376
1808.13	28.4686
1809.08	28.485
1809.97	28.4986
1811.09	28.4762
1812.01	28.4753
1812.93	28.4582
1814.04	28.4661
1815.03	28.5306
1816.16	28.5224
1817.04	-208.298
1817.9	-208.291
1819.13	-208.092
1820.02	28.4319
1820.96	-208.227
1822.07	-208.237
1823.06	28.4303
1824.17	-208.258
1825.06	28.4723
1825.94	28.5254
1827.07	-208.36
1828.08	28.4591
1828.94	28.4796
1830.04	-208.243
1831.03	28.5068
1831.92	28.5351
1833.06	28.5748
1834	28.4474
1835.12	28.4654
1836.06	28.4289
1836.96	28.4771
1838.05	-208.265
1839.02	-208.286
1839.93	-208.282
1841.05	28.477
1842.04	28.5216
1843.13	28.4344
1844.08	28.4455
1845.02	-208.189
1846.12	28.4636
1847.05	28.5222
1847.93	-208.235
1849.11	-208.225
1849.97	28.4578
1850.92	-208.155
1852.05	28.433
1853.05	-208.374
1854.15	28.4825
1855.04	28.4731
1855.99	-208.307
1857.08	28.4673
1858.03	28.4576
1858.91	28.4593
1860.05	-208.201
1860.97	-208.348
1862.1	28.4223
1863.05	-208.209
1863.93	28.4367
1865.14	28.4584
1866.02	28.52
1866.97	28.4511
1868.05	28.5171
1868.98	28.5024
1869.92	28.5183
1871.07	-208.293
1872.06	28.46
1873.08	-208.258
1874.02	-208.276
1875	-208.306
1876.09	-208.258
1876.99	-208.236
1877.95	-208.242
1879.07	-208.356
1880	-208.246
1881.1	28.4291
1882.08	28.5197
1882.96	28.5061
1884.09	28.4262
1885.03	-208.205
1885.94	-208.217
1887.11	28.5158
1887.95	28.5223
1888.9	-208.256
1890.05	28.5033
1890.93	28.5595
1892.16	28.5189
1893.04	28.4815
1894.04	28.4409
1895.05	-208.333
1896.02	28.503
1896.92	28.4612
1898.04	-208.213
1898.98	-208.259
1900.11	28.508
1900.98	28.5143
1901.94	28.5237
1903.12	28.5064
1904.02	28.472
1904.94	28.4786
1906	28.4928
1907.04	28.4468
1907.99	-208.276
1909.06	28.5329
1909.98	28.5125
1911.11	28.463
1912.11	28.4399
1913.04	28.4504
1914.12	28.4707
1916.01	28.5227
1917.13	-208.334
1917.97	-208.164
1919.12	28.5263
1920.07	28.4997
1920.98	28.4296
1922.14	-208.211
1922.99	-208.195
1923.93	-208.342
1925.05	-208.312
1925.96	28.467
1927.09	28.5185
1928	28.5631
1928.93	28.4596
1930.13	28.5095
1931.07	28.508
1931.93	28.4673
1933.13	28.4397
1934.06	28.4612
1934.92	28.5391
1936.07	-208.175
1936.88	28.4289
1938.2	28.4542
1939.92	28.4721
1941.07	28.5018
1942.04	28.5114
1943.06	28.5011
1944.01	28.493
1944.98	-208.103
1946.11	-208.265
1947.08	28.4439
1948.01	28.5204
1949.11	28.4751
1950.09	-208.21
1951.01	28.4793
1951.97	28.4981
1953.07	28.4925
1953.98	28.4834
1955.1	-208.173
1955.97	28.4834
1957.07	28.4855
1958.04	28.5064
1958.91	28.4363
1960.15	28.5439
1961.02	-208.255
1961.9	28.481
1963.01	-208.355
1963.99	-208.242
1965.18	-208.253
1966.04	-208.279
1966.81	-208.265
1968.08	-208.257
1968.98	28.5033
1969.93	-208.321
1971.07	28.5598
1971.97	28.5136
1972.94	-208.295
1974.06	28.3228
1975.04	28.4856
1976.09	-208.185
1976.99	-208.198
1977.97	28.5559
1979.1	-208.154
1980.03	28.488
1981	-208.271
1982.03	28.5346
1982.97	-208.267
1984.09	-208.325
1984.95	28.4943
1985.95	-208.227
1987.08	-208.175
1987.93	28.4805
1988.95	28.4476
1990.1	28.4639
1990.93	28.469
1991.92	-208.281
1993.04	28.5326
1994.05	28.4997
1995.07	28.502
1996.06	28.5246
1996.96	-208.263
1997.99	28.5595
1999	28.4479
1999.93	28.5393
2001.08	151.779
2002.03	28.3662
2003.07	151.711
2004.03	28.5185
2004.93	151.724
2006.02	28.4888
2007.04	28.5298
2007.93	28.5168
2009.03	151.808
2009.98	28.5567
2010.89	151.809
2012.07	28.5022
2012.96	28.4724
2014.11	28.5613
2015	28.5477
2015.9	28.5343
2017.1	28.4875
2017.98	28.5057
2018.94	28.4922
2020.08	28.4916
2021	28.4997
2022.07	28.5836
2022.97	151.805
2024.04	28.5843
2025.12	28.4784
2026.09	28.5223
2026.97	28.4805
2028.04	28.4894
2029.03	151.735
2029.86	28.4717
2030.98	28.5353
2032.01	151.705
2033.09	28.44
2034.03	28.5284
2034.99	151.769
2036.1	28.4972
2037.02	28.5443
2037.88	28.4934
2039.04	28.5185
2040.04	28.4764
2041.02	28.5279
2042.03	28.5455
2042.97	28.5563
2044.1	28.4659
2045.05	28.5027
2045.93	151.782
2047.02	151.696
2047.95	151.77
2049	28.4796
2050	28.485
2051.01	151.795
2052.09	28.555
2053.06	28.455
2053.9	28.5763
2055.03	28.524
2056.08	28.515
2056.97	151.792
2058.03	28.5261
2058.88	28.5191
2060.04	28.5305
2061.08	28.5156
2061.93	28.4732
2063.05	28.5242
2063.98	151.817
2064.93	28.5206
2066.11	28.447
2066.96	28.4989
2067.87	28.4571
2069.08	151.781
2069.96	28.4955
2071.07	28.4732
2071.98	151.744
2073	28.4674
2074.08	28.5586
2075	28.4644
2075.94	28.3463
2077.03	28.5228
2077.95	28.3722
2080	28.4003
2080.97	28.4569
2082.14	28.4711
2083.01	28.5325
2083.94	151.83
2085.04	28.5231
2085.97	28.5323
2086.86	28.5008
2088.11	151.834
2088.94	151.746
2090.13	28.5261
2091.03	28.5527
2091.95	28.5172
2093.07	151.719
2093.98	28.5113
2094.91	28.4964
2095.92	28.5548
2096.94	28.4882
2098.06	28.5267
2098.96	151.809
2099.99	28.513
2101.08	28.5954
2102.05	28.4261
2102.97	28.5398
2104.04	28.5983
2104.98	28.5344
2106.12	28.5243
2107.09	151.803
2107.96	151.827
2109.07	151.761
2110	28.3639
2110.88	28.5227
2112.06	28.5262
2113	151.868
2113.91	151.774
2115.03	28.4755
2115.93	28.4347
2117.15	28.4982
2118.02	28.5337
2118.99	28.5274
2120.07	28.5261
2121	151.712
2121.96	151.921
2123.04	28.386
2124.03	28.5043
2125.1	28.465
2126.04	28.459
2126.97	28.2808
2128.11	28.433
2129.01	28.583
2129.93	28.4919
2131.02	28.5238
2131.97	151.845
2132.92	28.4858
2134.09	28.4942
2135	151.757
2136.03	151.828
2137	28.5722
2138.03	28.5291
2139.02	28.5169
2140	28.5192
2140.93	151.782
2142.03	151.757
2142.98	28.5141
2144.1	28.491
2145.11	28.4742
2145.97	28.4635
2147.03	28.4553
2148.01	28.4513
2148.95	28.5032
2150.05	151.849
2150.97	28.5489
2151.91	28.4856
2153.03	28.5068
2153.96	28.4741
2155.07	151.712
2155.99	28.4387
2156.86	151.797
2158.07	28.4947
2158.93	28.5467
2159.95	28.5236
2161.09	28.4664
2161.96	28.4865
2163.17	28.5239
2164.03	28.5534
2164.98	28.4623
2166.07	151.764
2166.98	28.5417
2167.89	28.5323
2169.03	28.4501
2170.02	28.523
2170.98	28.506
2172.04	151.759
2172.97	151.783
2174.05	28.5501
2175.04	28.5016
2175.92	28.4345
2177.01	28.4802
2177.92	28.5572
2178.91	28.4266
2180.06	28.4664
2180.97	28.4416
2182.14	28.4939
2183.02	28.5285
2183.94	151.81
2185.07	28.5561
2186.02	28.4919
2186.93	28.5761
2188.02	28.5369
2188.94	28.5422
2190	151.809
2191.08	28.5215
2191.96	151.812
2193.09	28.5068
2194	151.96
2194.9	28.4961
2196.05	151.831
2196.96	28.5532
2197.93	151.702
2199.06	28.4464
2200.01	28.4607
2201.14	28.525
2202.01	28.4127
2202.93	28.5564
2204.09	28.5708
2205.02	28.5659
2205.92	28.5211
2207.03	151.802
2207.98	28.478
2208.89	28.4874
2210.01	28.5217
2210.99	28.4538
2212.05	151.852
2213.02	28.4113
2213.96	151.802
2215.03	28.5833
2215.99	151.771
2216.89	28.4727
2218.12	151.817
2218.99	28.519
2220.02	28.4873
2221.07	151.672
2221.92	28.5413
2223.02	28.4059
2224	28.526
2224.96	28.2925
2226.12	28.5774
2226.91	151.809
2227.97	151.758
2229	28.5381
2229.92	151.746
2231.11	28.5037
2231.95	28.5169
2232.93	151.76
2234.03	28.546
2234.97	151.886
2235.86	28.4848
2237.09	28.5013
2237.91	151.768
2239.08	28.5797
2240.01	28.5858
2240.91	28.5474
2242.02	151.781
2242.95	28.5721
2243.97	28.5765
2245	28.5312
2245.96	28.5253
2246.91	28.5094
2247.98	28.5214
2248.96	28.5272
2250.09	151.8
2251.08	151.724
2251.93	28.5018
2253.08	28.4732
2253.98	28.4038
2254.94	28.5041
2256.05	151.774
2257	28.522
2258.05	151.771
2258.98	28.542
2259.91	28.5482
2261.08	151.796
2261.99	28.5446
2262.89	151.729
2264.06	28.534
2264.94	28.4476
2265.89	151.816
2267.03	28.5655
2267.95	151.828
2269.04	28.373
2270.04	28.4746
2270.93	28.5059
2272.08	28.5605
2272.91	28.6141
2273.94	28.5195
2275.02	151.721
2276.01	28.5749
2277.07	28.5802
2278	28.5818
2278.92	151.796
2280.07	28.5327
2281	151.735
2281.96	28.5039
2283.04	28.4696
2283.94	28.4768
2285.11	28.5247
2286.01	28.5301
2286.96	28.4974
2288.11	28.5086
2288.97	28.4434
2289.93	28.4688
2291.11	28.5027
2291.99	28.5143
2292.93	151.781
2294	28.4818
2294.92	151.821
2296.1	28.5031
2297.01	28.5518
2297.9	28.5441
2299.06	28.4092
2299.93	28.5776
2300.96	28.47
2302.01	28.4529
2302.92	151.753
2304.08	28.4846
2304.99	28.5129
2305.94	28.4862
2307.05	151.717
2308	28.5141
2308.92	28.5314
2310.03	28.4997
2310.96	28.4148
2311.88	28.5267
2312.99	28.4839
2313.94	151.853
2315.06	28.5056
2316.03	151.714
2316.91	28.5729
2318.05	28.5205
2318.98	28.5459
2319.9	28.526
2321.01	28.563
2321.94	151.835
2323.03	151.844
2324	28.5147
2324.98	28.5
2326.1	151.775
2327	28.5692
2327.86	151.693
2329.02	28.5497
2329.95	28.5459
2330.95	28.4822
2332.03	28.5
2332.98	28.5044
2334.01	28.5393
2334.93	28.485
2335.84	28.4937
2337.04	28.5267
2337.99	151.705
2338.87	28.5061
2340.03	28.498
2340.92	151.783
2342.08	28.5072
2343.04	28.506
2343.95	151.768
2345.08	28.5446
2345.96	28.6164
2346.92	28.5555
2348.11	151.768
2349.02	28.592
2349.89	151.772
2351.04	151.778
2351.9	28.5161
2353.06	28.5293
2354.05	28.4843
2354.93	151.741
2356.06	28.5087
2356.98	28.4884
2357.88	28.5619
2359.09	28.5135
2360.01	28.4887
2361.1	151.702
2361.98	28.5523
2362.91	28.5627
2364.04	28.5671
2365	28.5061
2365.91	28.4927
2367.02	151.743
2367.96	151.734
2368.92	151.722
2370	28.5133
2370.97	28.5038
2372.07	28.5645
2372.94	151.803
2373.93	28.58
2375.05	28.5213
2376.01	28.518
2376.85	28.5506
2378.02	28.4844
2378.87	28.5281
2380.1	28.5614
2381	28.4976
2381.96	151.802
2383.04	28.5703
2383.98	28.5292
2384.95	28.4951
2386.05	28.6238
2387.9	28.5347
2388.98	28.5182
2389.97	28.5336
2391.03	151.871
2392	28.4818
2392.9	28.5588
2394.04	28.5514
2394.97	151.828
2395.02	28.5243
2397.08	28.4149
2397.97	28.5668
2399.1	151.86
2399.95	28.371
2400.9	28.4145
2402.11	28.5466
2402.94	28.3973
2403.9	28.5513
2405.01	28.4012
2405.96	28.5279
2406.87	28.5693
2408	28.55
2408.92	28.4955
2410.08	28.5033
2410.98	28.5457
2411.9	28.57
2413.07	28.5322
2414.01	28.4494
2414.9	28.5491
2416.08	151.664
2416.95	28.5315
2418.01	28.3649
2418.99	151.817
2419.91	28.4415
2421.04	28.5341
2421.98	28.5541
2422.9	28.4783
2424.07	151.877
2424.97	28.5768
2425.87	151.805
2427.05	28.4725
2427.93	28.5131
2429.08	28.452
2430.01	28.5135
2430.92	28.6097
2432.02	151.83
2432.94	28.5563
2433.92	151.789
2435.04	28.491
2435.9	28.5447
2437.06	28.4168
2437.99	-208.191
2438.94	28.5911
2440.03	28.4662
2440.96	28.3932
2441.88	-208.115
2443	28.5665
2443.94	28.5716
2444.91	28.5554
2446.03	-208.208
2446.99	28.6156
2448.07	28.5701
2449.09	28.536
2449.92	28.5635
2451.03	28.522
2451.95	28.5514
2452.85	28.4851
2453.98	28.5273
2454.94	28.4904
2456.07	-208.268
2456.99	-208.095
2457.97	28.5335
2459.06	28.5576
2459.96	28.5624
2460.91	-208.162
2462.08	28.4872
2462.94	28.5478
2463.88	-208.167
2465	28.5824
2465.88	28.581
2467.1	-208.259
2468.01	28.591
2468.93	28.5586
2470.02	28.5635
2470.96	28.4901
2471.87	28.5535
2473.03	-208.165
2473.91	-208.247
2475.04	-208.143
2476.03	28.537
2476.92	28.5951
2478	-208.238
2479.01	28.5884
2479.93	28.5886
2480.99	28.5836
2481.93	28.4927
2483.1	28.5015
2484.03	28.5107
2484.9	28.624
2486.03	28.4914
2486.99	-208.19
2487.95	28.6381
2489.07	28.561
2489.95	28.5514
2490.9	28.5249
2492.05	28.4986
2492.92	28.4983
2494.07	28.5854
2494.97	28.5247
2496	28.5228
2497.03	-208.2
2497.94	28.5236
2498.93	28.4395
2500.09	28.4964
2500.98	28.5594
2502.04	28.5527
2503	28.5171
2503.97	28.4965
2505.05	28.5339
2506	-208.185
2506.89	28.531
2508.1	-208.228
2508.99	28.5812
2509.91	28.5147
2511.06	28.5407
2512	-208.253
2513.09	28.6066
2514.04	-208.253
2514.95	28.5138
2516.11	-208.1
2516.95	28.5936
2517.93	28.5517
2518.99	28.4882
2520.01	28.5786
2521.09	28.512
2522.02	-208.126
2522.99	28.616
2524.05	28.641
2524.96	28.6043
2525.91	28.5857
2527.08	-208.13
2527.95	-208.152
2528.96	28.5628
2530.01	28.5165
2530.91	28.3853
2532.01	28.5301
2532.98	-208.211
2533.9	28.5321
2535.07	28.5395
2535.93	28.5417
2536.85	-208.078
2538.07	28.5434
2538.98	-208.233
2540.11	28.6004
2541.03	28.4923
2541.92	28.5553
2543.11	28.4974
2544.02	28.6261
2544.93	28.5527
2545.98	28.565
2547.03	-208.264
2547.94	-208.182
2548.98	28.3712
2550.03	28.4005
2551.1	-208.197
2552.94	-208.098
2554.07	28.5363
2554.97	28.5953
2555.89	28.5992
2557.02	28.5533
2557.96	28.4573
2559.07	28.5855
2560.02	28.4971
2560.94	28.5139
2562.03	28.5851
2563.01	28.3296
2563.91	28.4975
2565.09	28.5237
2566	28.6016
2566.93	28.6243
2568.02	28.5644
2568.97	28.5153
2570.04	28.4276
2570.96	28.5377
2571.92	28.4767
2573.07	28.5392
2574	28.4722
2574.98	28.5556
2576.07	28.3362
2576.98	-208.121
2578.09	28.5442
2579.95	28.6015
2581.1	28.5727
2582.06	28.516
2583.01	28.4882
2584	-208.219
2585.02	28.6386
2585.96	28.5709
2586.98	-208.198
2588	28.5608
2589.03	-208.246
2590.01	28.4462
2590.92	28.5558
2592.01	28.5094
2593.01	28.6529
2593.99	28.3916
2595.08	28.5249
2595.94	28.5752
2597.09	28.5094
2598.04	28.5704
2599.01	28.6129
2600.06	28.5567
2601.03	28.5607
2601.94	28.5926
2603.11	28.5417
2603.94	28.5677
2604.94	28.6074
2606.07	-208.145
2607	28.637
2608.08	28.5464
2609.04	28.5355
2610.01	28.4858
2611.08	28.5503
2612.03	28.5682
2612.99	28.5154
2614.05	28.5673
2614.98	28.5176
2616.12	28.5277
2617.02	-208.098
2617.98	28.5915
2619.09	28.5647
2620.06	28.5791
2620.92	28.5789
2622.16	28.528
2623.02	28.6153
2623.86	28.5003
2625.08	28.55
2625.93	28.5704
2627.09	28.5112
2628.12	28.4926
2628.96	28.5868
2630.06	28.4617
2631	28.5676
2632.02	-208.207
2633.08	28.4594
2633.98	28.6152
2635.06	28.6195
2636	28.6052
2636.97	28.5483
2638.15	28.4517
2639.07	28.5017
2639.99	28.5887
2641.18	28.5135
2642.01	28.5243
2643.01	28.5788
2644.05	28.5379
2645.01	28.5381
2646.22	28.4918
2647.09	28.5776
2647.98	28.4535
2649.17	28.5415
2650.11	28.4988
2650.96	28.5622
2652.14	-208.221
2653.04	-208.207
2654.15	28.5913
2655.12	28.5191
2656.06	28.5867
2657.06	28.5034
2658.06	28.6081
2659.09	-208.25
2660.09	28.4661
2661.01	-208.117
2661.07	28.5446
2663.13	28.5765
2664.03	28.5967
2665.12	28.3918
2666.05	28.6389
2667.04	28.5277
2668.03	28.6343
2669.09	28.527
2669.93	151.648
2671.14	28.6257
2672.04	28.5884
2673.06	28.4721
2674.16	151.858
2674.97	28.5152
2676.17	28.5943
2677.08	28.6295
2678.02	28.6369
2679.15	28.5533
2680.08	28.6468
2681.22	28.6318
2682.09	28.628
2683.09	28.5648
2684.2	28.4155
2685.11	28.4061
2686.07	151.932
2687.09	28.5653
2688.17	28.5245
2689.03	151.773
2690.18	28.4106
2691.04	28.554
2692.18	28.5443
2693.2	28.5488
2694	28.6023
2695.11	28.5174
2696.14	28.585
2697.1	28.4015
2698.22	28.5739
2699.08	151.812
2700.25	28.5198
2701.16	151.953
2702.03	28.6336
2703.22	151.782
2704.22	28.5745
2705.01	28.4622
2706.12	28.6067
2707.17	28.4555
2708.07	28.5492
2709.16	151.931
2710.17	28.5328
2711.26	28.5568
2712.14	151.86
2713.15	28.5447
2714.23	28.6338
2715.19	28.5841
2716.09	151.885
2717.16	28.5246
2718.23	28.5252
2719.29	28.5969
2720.17	151.769
2721.19	28.4028
2722.22	151.854
2723.23	28.4125
2724.2	28.57
2725.21	28.3879
2726.21	28.4565
2727.15	28.5885
2728.29	151.806
2729.18	28.3976
2730.27	151.898
2731.27	151.932
2732.21	28.4744
2733.33	28.4754
2734.19	28.6097
2735.24	28.4316
2736.21	151.86
2737.2	28.426
2738.4	151.933
2739.16	151.906
2740.19	28.4936
2741.32	28.6006
2742.27	28.566
2743.23	28.5705
2744.34	28.5307
2745.26	28.4342
2746.24	28.4517
2747.22	151.886
2748.29	28.5953
2749.39	28.5531
2750.29	28.5537
2751.23	151.706
2752.32	28.5576
2753.26	28.5164
2754.21	28.4975
2755.36	28.4194
2756.24	28.5749
2757.36	28.5645
2758.37	28.5799
2759.21	28.5819
2760.42	28.5263
2761.33	28.5024
2762.28	28.449
2763.33	28.487
2764.35	28.4889
2765.24	28.5615
2766.4	28.6096
2767.41	28.5827
2768.51	28.5167
2769.32	28.5076
2770.4	28.6023
2771.5	28.4491
2772.39	28.4345
2773.25	28.4705
2774.46	151.635
2775.42	28.5251
2776.48	151.868
2777.39	28.4988
2778.38	28.5169
2779.43	28.5247
2780.4	28.5241
2781.36	28.4352
2782.49	28.4279
2783.48	28.4677
2784.37	28.4292
2785.54	28.572
2786.45	151.754
2787.51	28.4383
2788.46	28.4005
2789.48	28.3684
2790.54	28.4792
2791.49	28.4675
2792.37	28.4627
2793.48	28.4039
2794.52	28.5178
2795.59	28.5639
2796.52	28.5183
2797.53	28.4536
2798.62	28.4081
2799.57	28.4954
2800.48	28.5011
2801.62	28.4836
2802.53	28.425
2803.58	28.4998
2804.62	28.4602
2805.56	28.4231
2806.6	28.4475
2807.62	28.4947
2808.6	28.5881
2809.62	28.4811
2810.6	28.5068
2811.59	28.5406
2812.67	151.892
2813.57	28.4903
2814.72	28.4718
2815.81	28.4863
2816.61	151.903
2817.77	28.4955
2818.76	28.4116
2819.54	28.4302
2820.68	28.46
2821.7	28.443
2822.65	28.4882
2823.81	28.4052
2824.63	151.946
2825.91	151.95
2826.71	28.3817
2827.66	28.447
2828.85	28.4741
2829.87	28.5335
2830.62	28.3841
2831.76	28.399
2832.66	28.4262
2833.96	28.3921
2834.88	28.4202
2835.73	28.326
2836.74	28.4265
2837.77	28.4353
2838.74	28.4123
2839.89	28.4539
2840.76	28.4208
2841.85	151.908
2842.85	28.4316
2843.81	28.4341
2844.77	28.4925
2845.7	28.4434
2846.79	28.4011
2847.9	151.95
2848.7	28.3091
2849.69	151.923
2850.74	28.4612
2851.66	151.959
2852.76	28.3996
2853.73	28.3991
2854.61	28.3872
2855.79	28.5284
2856.62	28.3911
2857.55	28.4016
2858.64	28.3815
2859.44	28.4151
2860.71	28.4023
2861.61	28.354
2862.47	28.4139
2863.56	28.4139
2864.49	28.2753
2865.26	28.4373
2866.49	152.01
2867.45	151.972
2868.2	28.3535
2869.36	28.4001
2870.2	151.954
2871.29	28.3602
2872.14	28.3147
2873.15	28.5049
2874.06	28.3224
2875.05	28.3777
2875.93	28.4239
2876.94	28.4796
2877.82	28.4823
2878.99	28.3248
2879.87	28.4791
2880.8	28.3371
2881.94	151.988
2882.68	28.4239
2883.56	28.415
2884.62	28.4867
2885.61	28.3982
2886.35	28.2696
2887.62	28.4444
2888.52	28.4161
2889.45	28.3438
2890.4	28.4275
2891.24	28.3437
2892.36	28.3678
2893.26	28.4402
2894.27	28.3378
2895.23	28.3263
2896.19	28.4523
2897.37	28.4096
2898.23	28.4879
2899.15	28.3665
2900.16	28.3803
2901.09	28.4086
2901.83	28.463
2903.04	28.4336
2903.94	28.4126
2904.89	28.4166
2906.03	28.3048
2906.99	28.4048
2908.06	28.3662
2908.87	151.882
2909.81	28.4701
2910.89	28.3572
2911.98	28.4511
2912.76	28.4412
2913.82	28.3659
2914.89	28.3413
2915.93	28.4038
2916.91	28.4476
2917.83	28.4637
2918.97	28.3872
2919.95	151.913
2920.71	28.4671
2921.83	28.3922
2922.84	28.3863
2923.82	151.931
2924.77	151.91
2925.68	28.3975
2926.79	28.4633
2927.82	28.4509
2928.65	28.4616
2929.85	28.3357
2930.82	28.4177
2931.64	28.4256
2932.85	28.4311
2933.82	28.3946
2934.88	28.378
2935.77	28.3646
2937.81	28.4599
2938.73	28.2998
2939.8	28.4086
2940.8	28.4025
2941.81	28.3647
2943.8	28.4538
2944.86	151.956
2945.79	28.4366
2946.81	28.4289
2947.73	28.4315
2948.88	28.4247
2949.91	28.418
2950.74	28.4838
2951.87	28.4422
2952.87	28.35
2953.9	28.3915
2954.92	151.949
2955.81	28.3696
2956.99	28.497
2957.91	28.411
2958.82	28.5149
2959.99	28.449
2960.84	151.96
2961.77	28.4591
2962.93	28.4824
2963.84	28.3876
2964.97	28.4676
2965.92	28.4302
2966.92	28.4903
2967.94	28.3791
2968.87	28.5326
2969.84	28.4497
2970.95	28.3852
2971.93	28.6063
2973	28.4019
2973.82	28.4884
2974.89	28.4985
2976.04	28.4207
2976.99	28.4281
2977.88	28.4615
2979.08	28.4126
2980.02	28.4635
2980.9	28.4048
2982.06	28.4852
2982.93	28.538
2984.1	28.5257
2984.99	28.5426
2985.99	28.4857
2987.01	28.4251
2988.01	28.4012
2989.01	28.5219
2990.08	28.4366
2991.05	28.4777
2992.27	151.858
2993.09	28.4157
2993.94	151.949
2995.15	28.5426
2996.05	151.844
2997.05	152.064
2998.1	28.4439
2999.12	28.4727
2999.99	28.6176
3001.18	28.4819
3002.03	151.902
3003.2	28.4608
3004.11	28.5519
3005.07	28.4728
3006.15	28.4571
3007.13	28.4414
3008.09	28.4894
3009.21	28.609
3010.12	28.5312
3011.25	28.5648
3012.25	28.5992
3013.09	28.4809
3014.24	28.5453
3015.23	151.839
3016.1	28.3409
3017.2	28.5124
3018.2	151.881
3019.3	28.526
3020.19	28.4587
3021.16	28.4336
3022.34	28.5272
3023.2	28.5198
3024.16	28.4785
3025.31	151.866
3026.27	28.4235
3027.2	28.5337
3028.3	28.5552
3029.21	151.901
3030.29	152.019
3031.34	28.5175
3032.22	28.4291
3033.29	28.4945
3034.16	28.58
3035.11	28.6329
3036.29	28.5375
3037.33	151.904
3038.33	28.4126
3039.39	28.4148
3040.24	28.5052
3041.42	28.57
3042.28	28.5859
3043.27	28.6387
3044.27	28.5978
3045.3	28.5591
3046.25	28.6283
3047.38	28.3734
3048.28	28.5073
3049.4	28.5638
3050.3	28.5889
3051.3	28.5141
3052.45	28.4277
3053.33	28.5763
3054.26	28.4833
3055.43	28.5496
3056.31	28.4624
3057.42	28.4257
3058.37	28.385
3059.37	28.4749
3060.44	28.3691
3061.39	28.4991
3062.26	28.5654
3063.42	28.5433
3064.36	28.3994
3065.4	151.9
3066.4	28.4297
3067.38	28.6462
3068.48	28.529
3069.36	28.449
3070.38	28.6021
3071.48	28.4728
3072.43	28.5287
3073.41	28.5324
3074.45	28.5544
3075.43	28.4872
3076.58	28.5567
3077.53	28.5514
3078.38	28.4911
3079.51	28.5338
3080.55	151.957
3081.4	28.5647
3082.53	28.6245
3083.42	28.5914
3084.37	28.5454
3085.47	28.4785
3086.43	28.5087
3087.61	28.5876
3088.49	28.557
3089.51	28.6371
3090.55	28.6604
3091.5	28.4427
3092.43	28.5546
3094.48	28.4818
3095.59	28.5825
3096.54	28.499
3097.5	28.6321
3098.64	28.5332
3099.53	28.6632
3100.39	28.4881
3101.55	28.5695
3102.57	28.5882
3103.47	28.5774
3104.58	28.4851
3105.52	28.5815
3106.57	28.6345
3107.51	28.5975
3108.5	28.5609
3109.66	28.5427
3110.6	28.4515
3111.47	28.6127
3112.64	28.6149
3113.5	28.5595
3114.6	28.4409
3115.57	28.5871
3116.51	28.5222
3117.62	28.5827
3118.6	-208.174
3119.4	28.4854
3120.59	28.6074
3121.58	28.5725
3122.5	28.5487
3123.56	28.5846
3124.5	28.6028
3125.56	28.6149
3126.57	28.5352
3127.56	28.6299
3128.62	28.6431
3129.61	28.6196
3130.53	28.5503
3131.64	28.4751
3132.56	28.4923
3133.65	28.5748
3134.6	28.6642
3135.59	28.6384
3136.67	28.5081
3137.61	28.6237
3138.54	28.5665
3139.71	28.5402
3140.65	28.5738
3141.53	28.5559
3142.64	28.4438
3143.62	28.5049
3144.72	28.4246
3145.67	28.6147
3146.63	28.5802
3147.72	28.5359
3148.64	28.614
3149.61	28.5798
3150.69	28.5722
3151.68	-208.159
3152.79	28.3745
3153.65	28.6211
3154.63	28.4288
3155.7	28.5806
3156.61	28.4323
3157.57	28.5166
3158.68	28.4498
3159.71	28.4891
3160.57	28.5798
3161.62	28.6316
3162.67	28.5421
3163.81	28.5552
3164.73	28.5671
3165.64	28.5999
3166.73	28.4836
3167.65	28.633
3169.75	28.552
3170.65	28.569
3171.81	28.5553
3172.69	28.5208
3173.65	28.5226
3174.77	28.644
3175.72	28.4905
3176.62	28.566
3177.78	28.6063
3178.65	28.5819
3179.59	28.5376
3180.79	-208.064
3181.68	28.5443
3182.83	28.5904
3183.73	28.5495
3184.72	28.4459
3185.77	28.5202
3186.76	-208.25
3187.66	28.5153
3188.74	28.519
3189.71	28.5977
3190.83	28.5588
3191.72	28.6153
3192.72	28.6099
3193.83	28.4876
3194.74	28.6412
3195.64	28.6476
3196.8	28.5651
3197.77	28.4644
3198.87	28.4655
3199.84	28.6326
3200.68	28.4532
3201.85	28.5662
3202.8	28.4259
3203.73	28.618
3204.81	28.6479
3205.78	28.4514
3206.77	28.6972
3207.73	28.6557
3208.77	28.5206
3209.77	28.6215
3210.73	28.5687
3211.7	28.6065
3212.89	28.5543
3213.77	28.6468
3214.77	28.5627
3215.8	28.5871
3216.75	28.5457
3217.89	28.5133
3218.87	28.5813
3219.75	28.5228
3220.93	28.6615
3221.86	28.6602
3222.75	28.5325
3223.87	-208.06
3224.78	28.4368
3225.65	-208.166
3226.86	28.664
3227.83	28.6314
3228.84	28.5978
3229.83	28.4763
3230.74	28.4948
3231.87	28.6543
3232.76	28.4625
3233.66	28.643
3234.89	28.4652
3235.91	28.6228
3236.91	28.5988
3237.85	28.569
3238.83	28.6137
3239.88	28.6974
3240.9	28.5484
3241.8	28.5961
3243	-208.162
3243.81	28.6908
3244.75	28.5377
3245.91	28.5823
3246.76	28.6351
3247.94	28.6141
3248.86	28.6753
3249.85	28.6313
3250.82	28.6652
3251.9	28.536
3252.83	28.6125
3253.93	28.5003
3254.82	28.6508
3256.04	28.5336
3256.89	28.5873
3257.87	28.5416
3258.94	28.685
3259.88	28.579
3260.81	28.5654
3261.99	28.5609
3262.89	28.5857
3263.74	28.6112
3264.96	-208.207
3265.76	28.6745
3266.94	28.6178
3267.94	28.607
3268.88	28.6095
3269.87	28.6339
3270.87	-208.241
3271.84	28.5594
3272.93	28.6574
3273.87	28.5726
3275	28.473
3275.97	28.5782
3276.87	28.622
3277.96	28.6252
3278.9	28.5013
3279.91	-208.209
3281.01	28.5403
3281.86	28.4994
3282.88	28.5613
3283.89	28.5078
3284.85	28.4287
3286.04	28.6563
3287.02	28.6669
3287.87	28.7241
3289	28.6451
3289.96	28.4957
3290.89	28.615
3292.06	-208.221
3292.92	28.6256
3294.02	28.6424
3294.96	28.5908
3295.9	-208.136
3297.04	28.58
3297.93	-208.238
3298.87	-208.171
3300.05	28.6636
3301.03	-208.272
3301.78	28.7137
3302.98	28.6954
3303.87	28.669
3305.07	-208.161
3305.98	28.5126
3306.95	28.6556
3307.97	28.4952
3308.96	28.5344
3309.96	28.4858
3311.05	28.7059
3311.96	28.59
3313.07	28.5918
3313.98	28.6188
3314.94	28.532
3316.11	28.5925
3317	28.6404
3317.96	28.6167
3319.01	28.5581
3319.97	28.6457
3320.88	28.5941
3322.01	28.6607
3322.96	28.4735
3324.12	28.6723
3325.01	28.5983
3325.97	28.5817
3327.14	28.6788
3327.99	28.5956
3328.92	-208.243
3330.04	28.6641
3330.95	28.674
3332.11	28.5777
3333.06	28.5828
3333.98	28.6028
3335.07	28.6482
3336.04	28.4762
3336.95	28.5869
3338.08	28.7419
3338.89	28.6404
3339.95	28.7165
3340.98	28.4968
3341.95	28.683
3343.09	28.503
3343.98	28.6619
3344.93	28.5216
3346.12	28.6249
3346.98	28.507
3347.91	28.5544
3349.04	28.5904
3350.01	151.843
3351.09	28.5361
3352	28.5031
3353.02	28.5553
3354.04	28.5057
3354.99	28.644
3355.93	28.5429
3356.98	28.6434
3357.93	28.6765
3358.92	28.5172
3359.99	28.6274
3360.96	28.6306
3362.07	28.5004
3363.03	151.783
3363.95	28.6234
3365.12	28.6869
3365.96	28.6203
3366.99	28.5552
3368.08	28.684
3368.97	28.5553
3370.12	28.5857
3371.05	28.6295
3371.92	28.5619
3373.03	28.5369
3374.08	28.6788
3374.96	28.6819
3376.08	28.7271
3377.05	28.5492
3377.92	28.5744
3379.1	28.5787
3379.95	28.6413
3381.06	28.6553
3382.02	28.6329
3382.95	28.5886
3384.04	151.901
3385.05	28.6367
3386.02	28.6089
3387.09	28.6447
3387.96	28.6961
3389.09	28.6434
3390.06	28.6353
3391	28.7131
3392.15	28.6717
3393.04	28.6262
3393.99	28.6616
3395.15	28.6645
3396.02	28.5919
3397.07	28.5927
3398.06	28.7229
3399.01	28.5493
3400.13	28.6852
3401.01	28.6096
3401.98	151.965
3403.06	28.6014
3404.01	28.6311
3405	28.6548
3406.07	28.6812
3407	28.6322
3408.12	28.5666
3409.05	28.6533
3410.04	151.672
3411.05	28.7045
3412.13	28.6806
3413.04	28.6928
3414.07	28.6281
3415.05	28.6502
3416.17	28.6909
3417.07	28.4648
3418.02	28.6299
3419.08	151.809
3420.06	28.5292
3420.95	151.774
3422.18	28.5219
3423.12	28.6378
3423.98	28.5103
3425.09	28.6581
3426.02	28.683
3427.2	28.5882
3428.06	28.6992
3429.08	28.7435
3430.12	28.6904
3431.04	28.6683
3432.04	28.5433
3433.14	28.6833
3434.01	28.559
3435.16	28.5735
3436.16	28.6904
3437	28.6942
3438.07	151.873
3439.07	28.6341
3439.98	28.6428
3441.12	28.7529
3442.06	28.6644
3442.94	28.6726
3444.12	28.6025
3445.08	28.5403
3446.26	28.5768
3447.14	28.6517
3448	28.5664
3449.21	28.6301
3450.09	28.6131
3450.99	28.6024
3452.16	28.5765
3453.12	28.6153
3454.15	28.649
3455.13	28.6329
3456.1	28.6404
3457.18	28.5911
3458.08	28.7139
3459.02	28.5531
3460.14	151.878
3461.1	28.5222
3462.13	28.6203
3463.1	28.5901
3464.04	28.5552
3465.2	28.6329
3466.06	28.5029
3467.02	28.6726
3468.14	28.6375
3469.09	28.5906
3470.01	28.5675
3471.15	28.6604
3472.05	28.7102
3473.17	28.6998
3474.1	28.5849
3475.14	28.6563
3476.17	28.631
3477.09	28.5649
3478.05	28.5464
3479.14	28.5339
3480.08	28.6786
3481.03	28.5226
3482.16	28.6564
3483.04	28.5612
3484.23	28.6337
3485.1	28.6513
3486.03	28.5997
3487.18	28.5423
3488.06	28.5772
3489.01	28.6046
3490.13	28.6344
3491.08	151.929
3492.15	28.605
3493.1	28.5528
3494.1	28.7111
3495.17	28.6177
3496.12	28.631
3497.07	28.5383
3498.2	28.7625
3499.13	151.736
3500.02	28.5964
3501.17	28.751
3502.06	28.7081
3503.16	28.5471
3504.1	28.5133
3505.11	28.6367
3506.2	28.6579
3507.12	28.6817
3507.97	28.5364
3509.15	28.5
3510.08	28.5289
3511.25	28.6775
3512.23	28.5478
3513.04	28.682
3514.23	151.972
3515.12	28.5407
3516.1	28.6301
3517.17	28.6289
3518.1	28.6668
3519.01	28.5596
3520.15	151.723
3521.06	28.6533
3522.23	28.5902
3524.03	28.7808
3525.16	28.6761
3526.14	28.6536
3527.04	28.6413
3528.16	28.6266
3529.08	151.812
3530.24	151.767
3531.18	28.6919
3532.07	151.845
3533.21	28.6306
3534.22	28.5896
3535.02	28.7077
3536.21	28.6413
3537.15	28.737
3538.08	28.5356
3539.16	28.6368
3540.08	28.5743
3541.22	28.5827
3542.18	28.7546
3543.1	28.6618
3544.19	28.743
3545.13	28.7437
3546.15	28.6515
3547.23	28.5565
3548.08	28.6313
3549.25	28.6256
3550.11	28.7208
3551.04	28.4951
3552.2	151.835
3553.12	28.602
3554.09	28.7077
3555.19	28.5599
3556.13	28.5885
3557.02	28.7017
3558.2	28.6222
3559.07	28.7005
3560.26	28.5188
3561.18	151.816
3562.07	151.878
3563.22	28.6332
3564.12	28.5455
3565.08	28.6856
3566.14	28.5569
3567.11	28.5208
3568.13	28.6248
3569.11	28.734
3570.17	151.874
3571.26	151.907
3572.17	28.68
3573.12	28.5088
3574.14	28.6724
3575.15	28.7395
3576.22	28.653
3577.21	28.6681
3578.08	28.7197
3579.21	151.839
3580.23	28.5497
3581.14	28.6622
3582.25	28.5325
3583.13	28.6052
3584.12	28.5754
3585.2	28.6385
3587.28	28.616
3588.2	28.6332
3589.11	28.6325
3590.25	28.5922
3591.14	28.6524
3592.06	151.788
3593.19	28.6405
3594.15	28.6748
3595.19	28.5672
3596.13	28.5851
3597.17	28.5701
3598.18	28.7142
3599.16	28.692
3600.12	151.785
3601.22	28.6058
3602.15	28.7173
3603.07	28.587
3604.18	28.6812
3605.16	28.676
3606.22	28.6622
3607.16	28.6699
3608.13	28.5801
3609.23	28.712
3610.16	28.6718
3611.11	28.4802
3612.27	28.5828
3613.15	28.5874
3614.31	151.837
3615.22	28.6587
3616.15	28.5601
3617.2	28.6449
3618.13	28.6031
3619.13	28.6365
3620.18	28.5396
3621.1	28.6897
3622.06	151.89
3623.21	28.7887
3624.09	28.5686
3625.23	28.7115
3626.18	28.4932
3627.11	28.6769
3628.22	28.6575
3629.19	28.5503
3630.05	151.807
3631.2	28.6827
3632.11	28.5805
3633.25	28.5736
3634.19	28.6891
3635.11	28.5023
3636.25	28.5124
3637.16	28.5738
3638.09	28.5658
3639.2	151.9
3640.09	151.887
3641.05	28.6409
3642.18	28.787
3643.17	28.6708
3644.3	28.5252
3645.15	28.6713
3646.16	28.5909
3647.23	28.67
3648.15	28.6713
3649.13	28.6734
3650.23	151.928
3651.12	28.7028
3652.32	28.5834
3653.21	28.6698
3654.1	28.6194
3655.22	28.5944
3656.17	28.7469
3657.08	28.5302
3658.21	151.876
3659.14	28.6505
3660.06	28.5995
3661.22	28.5731
3662.13	28.5499
3663.23	28.6562
3664.15	28.7317
3665.09	28.5745
3666.17	28.6786
3667.14	28.7538
3668.1	28.762
3669.24	151.894
3670.13	151.815
3671.26	28.6331
3672.16	28.652
3673.08	28.6359
3674.2	28.6644
3675.19	28.6972
3676.05	28.4745
3677.23	28.5341
3678.15	28.6434
3679.09	28.5833
3680.21	28.593
3681.12	28.5859
3682.22	28.6156
3683.22	28.6495
3684.16	28.6057
3685.26	28.7462
3686.12	28.7126
3687.19	28.6907
3688.18	28.6254
3689.11	28.6418
3690.28	28.652
3691.25	28.7085
3692.1	28.5991
3693.22	28.649
3694.19	28.5144
3695.13	28.6987
3696.24	151.819
3697.15	28.6369
3698.06	28.6123
3699.2	28.6746
3700.14	28.6699
3701.24	28.6723
3702.18	28.7606
3703.1	28.684
3704.22	28.5851
3705.13	151.918
3706.09	28.6349
3707.24	28.6389
3708.17	28.7237
3709.22	28.649
3710.18	28.5559
3711.11	28.5782
3712.23	28.6453
3713.17	28.648
3714.08	28.6186
3715.18	28.7458
3716.15	28.5691
3717.06	28.661
3718.19	28.6614
3719.14	151.912
3720.2	151.894
3721.21	28.6634
3722.12	28.7118
3723.17	28.5039
3724.2	28.6609
3725.08	28.6905
3726.16	28.6345
3727.2	28.7567
3728.29	28.6657
3729.16	28.7273
3730.13	28.5866
3731.2	28.615
3732.2	28.5385
3733.09	28.7684
3734.22	28.7511
3735.11	28.7256
3736.08	28.5616
3737.18	28.7185
3738.13	28.6827
3739.27	28.6727
3740.12	151.923
3741.08	151.975
3742.2	28.6741
3743.15	28.6399
3744.11	28.7251
3745.24	28.5547
3746.15	28.7513
3747.23	28.5708
3748.19	28.715
3749.13	28.6542
3750.25	28.705
3751.13	28.6212
3752.1	28.5468
3753.19	28.6404
3754.15	28.5844
3755.28	28.6477
3756.27	28.6737
3757.05	28.7211
3758.26	28.595
3759.15	28.6723
3760.13	28.7155
3761.19	28.6819
3762.16	28.6888
3763.11	28.5701
3764.21	28.718
3765.09	28.6009
3766.24	151.848
3767.16	28.7151
3768.14	28.5785
3769.24	28.5707
3770.16	151.756
3771.15	28.6061
3772.23	28.5687
3773.12	-208.119
3774.23	28.7035
3775.25	28.7517
3776.1	-208.182
3777.19	28.6356
3778.18	28.6758
3779.06	28.6738
3780.2	28.6745
3781.16	28.6679
3782.07	28.6917
3783.22	28.7015
3784.16	28.599
3785.26	28.6286
3786.2	28.7379
3787.13	-208.201
3788.26	28.737
3789.17	28.6994
3790.07	28.7856
3791.15	28.7151
3792.16	28.6763
3793.19	28.703
3794.17	28.7778
3795.14	-208.174
3796.25	28.7219
3797.16	28.6424
3798.1	28.7136
3799.27	28.5599
3800.15	28.5946
3801.07	-208.166
3802.2	28.6507
3804.23	28.6428
3805.19	28.7179
3806.08	28.6325
3807.19	-208.091
3808.13	28.6443
3809.08	28.6588
3810.16	28.6465
3811.12	28.7201
3812.27	28.6542
3813.15	28.7318
3814.1	28.5612
3815.24	28.701
3816.16	28.6005
3817.07	28.5892
3818.17	28.7504
3819.11	28.7478
3820.05	-208.024
3821.2	28.7345
3822.11	28.8015
3823.24	28.572
3824.18	28.7666
3825.1	28.5961
3826.28	28.5785
3827.11	28.6517
3828.09	28.6631
3829.2	28.6225
3830.11	28.6357
3831.19	28.7023
3832.18	-208.136
3833.08	28.7783
3834.2	28.6042
3835.23	-208.18
3836.09	28.8041
3837.2	28.6759
3838.15	28.5962
3839.05	-208.155
3840.16	28.6773
3841.03	28.706
3842.24	-207.982
3843.2	28.7489
3844.04	28.5488
3845.25	28.6863
3846.13	28.5726
3847.04	28.6812
3848.18	28.6952
3849.14	28.6673
3850.25	28.6743
3851.23	28.6961
3852.11	28.6752
3853.14	28.6654
3854.15	-208.13
3855.12	28.6098
3856.17	28.6983
3857.15	28.6682
3858.01	28.6272
3859.15	-208.111
3860.16	28.6802
3862.17	28.6058
3863.07	28.6708
3864.2	28.6195
3865.15	28.6609
3866.05	28.6969
3867.14	28.6874
3868.12	-208.139
3869.33	28.6695
3870.17	28.7503
3871.11	28.7008
3872.22	28.6765
3873.12	28.7432
3874.09	28.6551
3875.14	28.6337
3876.13	28.6575
3877.06	28.5662
3878.14	28.6047
3879.05	28.6406
3880.21	28.7175
3881.08	-208.191
3882.11	28.7024
3883.23	28.5383
3884.12	-208.19
3885.04	28.6378
3886.22	28.6883
3887.16	28.6687
3888.25	28.6122
3889.12	28.711
3890.15	28.734
3891.24	28.6064
3892.13	28.5866
3892.99	28.6812
3894.17	-208.176
3895.15	28.6792
3896.04	28.6705
3897.15	28.6803
3898.15	28.6435
3899.2	28.7054
3900.14	28.6333
3901.11	28.6167
3902.23	28.6598
3903.13	28.7879
3904	28.5895
3905.06	-208.117
3906.05	28.581
3907.18	28.5779
3908.13	-208.171
3909.07	-208.167
3910.24	28.7069
3911.08	28.6275
3912.02	-208.197
3913.17	28.5747
3914.13	28.5651
3915.05	28.6522
3916.1	28.5765
3917.08	28.725
3918.17	28.6242
3919.09	28.6325
3920.09	28.7365
3921.16	28.6066
3922.15	28.5766
3922.99	-208.076
3924.18	-208.15
3925.02	-208.152
3926.19	28.6402
3927.14	28.7581
3928.13	28.6599
3929.25	28.5132
3930.1	28.772
3931.06	28.582
3932.21	28.6432
3933.13	28.7013
3934.16	28.7044
3935.12	28.7024
3936.05	28.5509
3937.16	28.6938
3938.12	28.6429
3939.03	-208.09
3940.2	28.7467
3941.05	28.5932
3941.98	28.7071
3943.03	-208.128
3944.05	28.633
3945.25	28.7374
3946.14	28.6926
3947.13	28.6926
3948.17	28.6751
3949.05	28.5178
3950.04	28.7346
3951.27	28.6001
3952.1	28.6913
3953.22	28.629
3954.07	28.7545
3954.99	28.6769
3956.21	28.6684
3957.08	28.653
3958.14	28.7074
3959.16	28.7891
3960.08	28.7498
3961	28.7639
3962.13	-208.148
3963.07	28.7772
3964.15	-208.07
3965.15	28.7315
3966.11	28.6533
3967.17	28.5798
3968.07	28.6552
3969.02	-208.131
3970.06	28.6776
3971.06	28.7751
3972.23	-208.073
3973.02	28.6977
3974.04	28.6649
3975.16	28.7269
3976.13	28.7438
3976.96	28.6601
3978.18	28.7072
3979.14	28.6794
3979.98	28.6203
3981.15	28.6661
3982.09	28.6553
3983.08	28.6444
3984.13	28.8072
3985.03	28.6701
3986.17	28.5457
3987.06	28.7373
3988.12	28.6851
3989.11	28.7783
3990.08	28.6252
3991.12	28.6122
3992.13	28.7213
3993.02	28.6807
3994.12	28.6159
3995.11	28.6649
3996.04	28.578
3997.12	-208.173
3998.17	28.6686
3999.01	28.7194
4000.05	28.6077
4001.06	28.5904
4002.16	28.5296
4003.06	28.7141
4003.94	28.5897
4005.1	28.602
4006.1	28.6908
4007.02	28.7244
4008.01	28.584
4008.95	151.873
4010.16	28.7377
4011.02	28.5423
4012.08	28.7036
4013.02	28.7861
4014.1	28.6735
4014.93	28.6388
4016.05	28.6424
4016.97	28.6503
4017.93	28.5617
4019.11	28.6815
4020	28.6793
4021.07	28.69
4022.04	28.7295
4022.99	28.6662
4024.13	28.6099
4025.06	28.6333
4025.96	28.7439
4027.1	28.6735
4028.05	28.7723
4029.07	28.7582
4030.05	28.7088
4031.01	151.897
4032.02	28.7103
4033	28.5941
4033.89	28.7416
4035.01	28.7729
4036.01	28.63
4036.92	151.826
4037.99	28.6403
4039.01	28.7582
4040.1	28.6767
4041.07	28.6557
4041.99	28.6439
4043.12	28.5955
4044.03	28.6956
4044.96	28.6722
4046.15	28.6541
4047.03	28.7249
4048.11	28.6954
4048.96	28.6661
4050	151.873
4051.15	28.7255
4052.03	28.6173
4052.9	28.5922
4054.16	28.744
4055.01	28.5899
4055.91	151.892
4057.07	28.6752
4057.97	28.7394
4059.14	28.7154
4059.95	28.6863
4061.07	28.5838
4062.11	28.5558
4063.07	28.5772
4063.86	28.6844
4065.1	28.6674
4066.07	28.6459
4067.13	28.7912
4068.06	28.5928
4068.97	28.7624
4070.12	28.6484
4071.1	28.759
4071.97	28.702
4073.07	28.6418
4074.04	28.743
4074.98	28.715
4076.07	28.6221
4076.99	28.75
4078.13	28.5536
4079.03	28.7484
4080.03	151.878
4081.08	28.5829
4082	151.885
4082.88	28.646
4084.1	28.6287
4084.92	28.697
4086.1	28.6307
4087.03	28.6779
4087.98	28.671
4089.06	28.594
4090.02	151.884
4091.01	28.5925
4092.12	28.8006
4093.01	28.659
4093.93	28.7107
4095.1	28.5798
4096	28.6288
4097.13	28.7432
4098.03	28.7246
4098.98	28.6449
4100.07	28.7921
4101.07	28.7191
4102.01	151.86
4103.07	28.7233
4104.03	28.7019
4105.15	28.6925
4106.02	28.7046
4106.99	28.5117
4108.1	28.6717
4109.06	28.6341
4109.93	28.646
4111.09	28.5802
4112.03	28.6393
4113.13	28.6611
4114.03	28.7966
4114.95	28.7914
4116.1	28.687
4117.01	151.853
4117.99	28.6618
4119.07	28.6265
4119.98	28.6989
4120.94	28.6539
4122.12	28.7736
4122.97	28.6789
4124.1	28.7332
4125.08	28.6079
4126.02	28.778
4127.02	28.6547
4128.05	28.6362
4128.99	28.5228
4130.07	28.7848
4130.98	28.6991
4132.1	28.6704
4133.08	28.6443
4134.01	28.6331
4135.1	28.7859
4136.03	28.5619
4136.98	151.932
4138.11	28.7841
4138.95	28.7218
4139.98	28.7982
4141.07	28.6951
4141.97	28.69
4143.12	28.7133
4144.05	28.5587
4144.97	28.6755
4146.08	28.6713
4147.01	28.8121
4147.97	28.8012
4149.08	28.6201
4150.01	28.6645
4151.13	28.7043
4152.01	28.74
4152.94	28.6385
4154.15	28.7878
4155.05	28.6873
4155.95	28.724
4157.08	28.7261
4157.99	28.6825
4158.94	28.6483
4160.05	28.6241
4160.99	28.698
4162.06	151.955
4163.06	28.6193
4163.96	151.862
4165.15	28.613
4166.01	28.6935
