1019.5 1.90104 0.3 0.000260942783610217
1039.47 1.90082 0.3 0.000260942783610217
1060.18 1.89914 0.3 0.000260942783610217
1080.31 1.89851 0.3 0.000260942783610217
1100.48 1.89822 0.3 0.000260942783610217
1120.29 1.89741 0.3 0.000260942783610217
1140.36 1.89761 0.3 0.000260942783610217
1160.49 1.89708 0.3 0.000260942783610217
1180.28 1.8971 0.3 0.000260942783610217
1199.73 1.89688 0.3 0.000260942783610217
1219.81 1.89633 0.3 0.000260942783610217
1239.83 1.89602 0.3 0.000260942783610217
1259.88 1.89571 0.3 0.000260942783610217
1279.76 1.8952 0.3 0.000260942783610217
1299.76 1.89473 0.3 0.000260942783610217
1319.86 1.89409 0.3 0.000260942783610217
1339.81 1.89344 0.3 0.000260942783610217
1359.97 1.89301 0.3 0.000260942783610217
1379.93 1.8921 0.3 0.000260942783610217
1399.84 1.89158 0.3 0.000260942783610217
1420.07 1.89073 0.3 0.000260942783610217
1440 1.89056 0.3 0.000260942783610217
1459.93 1.88964 0.3 0.000260942783610217
1480 1.88896 0.3 0.000260942783610217
1500.03 1.88807 0.3 0.000260942783610217
1519.87 1.88742 0.3 0.000260942783610217
1540.05 1.88671 0.3 0.000260942783610217
1559.93 1.88529 0.3 0.000260942783610217
1580.1 1.88477 0.3 0.000260942783610217
1599.99 1.88394 0.3 0.000260942783610217
1619.97 1.88296 0.3 0.000260942783610217
1640.04 1.88147 0.3 0.000260942783610217
1660.06 1.88025 0.3 0.000260942783610217
1679.98 1.87945 0.3 0.000260942783610217
1700.09 1.8781 0.3 0.000260942783610217
1719.94 1.87702 0.3 0.000260942783610217
1740.15 1.87556 0.3 0.000260942783610217
1760.07 1.87383 0.3 0.000260942783610217
1780.02 1.87241 0.3 0.000260942783610217
1800.07 1.87083 0.3 0.000260942783610217
1820.01 1.86896 0.3 0.000260942783610217
1839.9 1.86724 0.3 0.000260942783610217
1860.02 1.86521 0.3 0.000260942783610217
1879.9 1.86334 0.3 0.000260942783610217
1900.05 1.86088 0.3 0.000260942783610217
1919.98 1.85804 0.3 0.000260942783610217
1939.91 1.85581 0.3 0.000260942783610217
1960.07 1.85306 0.3 0.000260942783610217
1979.98 1.84999 0.3 0.000260942783610217
1999.95 1.84692 0.3 0.000260942783610217
2020.03 1.84345 0.3 0.000260942783610217
2039.81 1.84009 0.3 0.000260942783610217
2060.06 1.83631 0.3 0.000260942783610217
2079.99 1.83219 0.3 0.000260942783610217
2099.86 1.8277 0.3 0.000260942783610217
2119.97 1.82277 0.3 0.000260942783610217
2139.94 1.81758 0.3 0.000260942783610217
2159.83 1.81171 0.3 0.000260942783610217
2179.88 1.80574 0.3 0.000260942783610217
2199.83 1.7987 0.3 0.000260942783610217
2219.9 1.79132 0.3 0.000260942783610217
2239.9 1.78322 0.3 0.000260942783610217
2259.87 1.77404 0.3 0.000260942783610217
2279.97 1.76432 0.3 0.000260942783610217
2299.89 1.75365 0.3 0.000260942783610217
2319.84 1.74198 0.3 0.000260942783610217
2339.94 1.72864 0.3 0.000260942783610217
2359.89 1.71373 0.3 0.000260942783610217
2379.97 1.69711 0.3 0.000260942783610217
2399.97 1.67897 0.3 0.000260942783610217
2419.86 1.65833 0.3 0.000260942783610217
2440.11 1.63522 0.3 0.000260942783610217
2460.06 1.60864 0.3 0.000260942783610217
2479.98 1.57967 0.3 0.000260942783610217
2500.22 1.54575 0.3 0.000260942783610217
2520.11 1.50804 0.3 0.000260942783610217
2540.3 1.46456 0.3 0.000260942783610217
2560.24 1.41611 0.3 0.000260942783610217
2580.31 1.36087 0.3 0.000260942783610217
2600.42 1.29861 0.3 0.000260942783610217
2620.37 1.22999 0.3 0.000260942783610217
2640.38 1.15342 0.3 0.000260942783610217
2660.6 1.06887 0.3 0.000260942783610217
2680.79 0.979469 0.3 0.000260942783610217
2700.79 0.884065 0.3 0.000260942783610217
2720.89 0.78636 0.3 0.000260942783610217
2741.06 0.689353 0.3 0.000260942783610217
2761.05 0.595773 0.3 0.000260942783610217
2781.03 0.513623 0.3 0.000260942783610217
2800.6 0.449977 0.3 0.000260942783610217
2819.99 0.41318 0.3 0.000260942783610217
2839.15 0.410799 0.3 0.000260942783610217
2858.72 0.440212 0.3 0.000260942783610217
2878.24 0.492648 0.3 0.000260942783610217
2898.41 0.558043 0.3 0.000260942783610217
2918.48 0.630676 0.3 0.000260942783610217
2938.62 0.704723 0.3 0.000260942783610217
2958.75 0.77738 0.3 0.000260942783610217
2978.99 0.849079 0.3 0.000260942783610217
2999.11 0.917055 0.3 0.000260942783610217
3019.36 0.98154 0.3 0.000260942783610217
3039.37 1.04125 0.3 0.000260942783610217
3059.4 1.09783 0.3 0.000260942783610217
3079.6 1.15061 0.3 0.000260942783610217
3099.59 1.1994 0.3 0.000260942783610217
3119.6 1.24461 0.3 0.000260942783610217
3139.85 1.28721 0.3 0.000260942783610217
3159.84 1.32618 0.3 0.000260942783610217
3179.77 1.3619 0.3 0.000260942783610217
3199.89 1.39543 0.3 0.000260942783610217
3219.86 1.42629 0.3 0.000260942783610217
3240.08 1.4549 0.3 0.000260942783610217
3260.01 1.48145 0.3 0.000260942783610217
3280.1 1.50558 0.3 0.000260942783610217
3300.21 1.52843 0.3 0.000260942783610217
3320.24 1.54947 0.3 0.000260942783610217
3339.85 1.56878 0.3 0.000260942783610217
3360.08 1.58701 0.3 0.000260942783610217
3380.06 1.60377 0.3 0.000260942783610217
3400.06 1.61965 0.3 0.000260942783610217
3420.08 1.63379 0.3 0.000260942783610217
3440 1.64744 0.3 0.000260942783610217
3460.1 1.65977 0.3 0.000260942783610217
3480.05 1.67156 0.3 0.000260942783610217
3500.09 1.68232 0.3 0.000260942783610217
3520.18 1.69296 0.3 0.000260942783610217
3540.11 1.7024 0.3 0.000260942783610217
3560.21 1.71144 0.3 0.000260942783610217
3580.16 1.72011 0.3 0.000260942783610217
3600.13 1.72787 0.3 0.000260942783610217
3620.21 1.73533 0.3 0.000260942783610217
3640.16 1.74206 0.3 0.000260942783610217
3660.08 1.74886 0.3 0.000260942783610217
3680.17 1.75497 0.3 0.000260942783610217
3700.12 1.76084 0.3 0.000260942783610217
3720.22 1.76659 0.3 0.000260942783610217
3740.19 1.77181 0.3 0.000260942783610217
3760.15 1.77656 0.3 0.000260942783610217
3780.26 1.78107 0.3 0.000260942783610217
3800.13 1.78543 0.3 0.000260942783610217
3820.16 1.7897 0.3 0.000260942783610217
3840.19 1.79381 0.3 0.000260942783610217
3860.17 1.79741 0.3 0.000260942783610217
3880.22 1.80118 0.3 0.000260942783610217
3900.11 1.8043 0.3 0.000260942783610217
3920 1.80738 0.3 0.000260942783610217
3940.13 1.8104 0.3 0.000260942783610217
3960.15 1.81359 0.3 0.000260942783610217
3980 1.81642 0.3 0.000260942783610217
4000.08 1.81943 0.3 0.000260942783610217
4019.96 1.82197 0.3 0.000260942783610217
4040.1 1.8239 0.3 0.000260942783610217
4060.02 1.82628 0.3 0.000260942783610217
4079.98 1.82827 0.3 0.000260942783610217
4100.16 1.83073 0.3 0.000260942783610217
4120.01 1.83282 0.3 0.000260942783610217
4139.94 1.83479 0.3 0.000260942783610217
4160.07 1.83638 0.3 0.000260942783610217
4179.98 1.83824 0.3 0.000260942783610217
4200.11 1.83989 0.3 0.000260942783610217
4220.03 1.84132 0.3 0.000260942783610217
4239.94 1.84296 0.3 0.000260942783610217
4260.08 1.8446 0.3 0.000260942783610217
4280.06 1.84624 0.3 0.000260942783610217
4299.98 1.84737 0.3 0.000260942783610217
4320.05 1.8487 0.3 0.000260942783610217
4340.06 1.85015 0.3 0.000260942783610217
4360.14 1.85133 0.3 0.000260942783610217
4380.02 1.85268 0.3 0.000260942783610217
4399.97 1.85373 0.3 0.000260942783610217
4420.1 1.85482 0.3 0.000260942783610217
4440.04 1.85583 0.3 0.000260942783610217
4459.99 1.85724 0.3 0.000260942783610217
4480.03 1.85822 0.3 0.000260942783610217
4499.98 1.85892 0.3 0.000260942783610217
4520.1 1.85991 0.3 0.000260942783610217
4540.08 1.86057 0.3 0.000260942783610217
4560.01 1.86144 0.3 0.000260942783610217
4580.07 1.86256 0.3 0.000260942783610217
4600.04 1.86311 0.3 0.000260942783610217
4619.91 1.86409 0.3 0.000260942783610217
4640.06 1.86497 0.3 0.000260942783610217
4659.92 1.86561 0.3 0.000260942783610217
4680.12 1.86648 0.3 0.000260942783610217
4700.16 1.86714 0.3 0.000260942783610217
4719.97 1.86761 0.3 0.000260942783610217
4740.19 1.86841 0.3 0.000260942783610217
4760 1.86877 0.3 0.000260942783610217
4779.97 1.86963 0.3 0.000260942783610217
4800.09 1.87014 0.3 0.000260942783610217
4820 1.87077 0.3 0.000260942783610217
4840.2 1.87112 0.3 0.000260942783610217
4860.07 1.87174 0.3 0.000260942783610217
4879.98 1.87287 0.3 0.000260942783610217
4900.09 1.87292 0.3 0.000260942783610217
4939.9 1.87367 0.3 0.000260942783610217
4960.08 1.8745 0.3 0.000260942783610217
4979.96 1.87459 0.3 0.000260942783610217
5000.14 1.87525 0.3 0.000260942783610217
5020.05 1.87594 0.3 0.000260942783610217
5039.99 1.87597 0.3 0.000260942783610217
5060.08 1.87656 0.3 0.000260942783610217
5080.08 1.87729 0.3 0.000260942783610217
5099.98 1.87758 0.3 0.000260942783610217
5120.08 1.87791 0.3 0.000260942783610217
5140.04 1.87819 0.3 0.000260942783610217
5160.1 1.87859 0.3 0.000260942783610217
5180 1.87882 0.3 0.000260942783610217
5199.98 1.87924 0.3 0.000260942783610217
5220.15 1.87952 0.3 0.000260942783610217
5240.04 1.8802 0.3 0.000260942783610217
5260.02 1.88025 0.3 0.000260942783610217
5280.05 1.88043 0.3 0.000260942783610217
5300 1.88086 0.3 0.000260942783610217
5320.01 1.88129 0.3 0.000260942783610217
5340.06 1.88149 0.3 0.000260942783610217
5360.04 1.88162 0.3 0.000260942783610217
5380.05 1.88205 0.3 0.000260942783610217
5400.06 1.88219 0.3 0.000260942783610217
5419.98 1.88244 0.3 0.000260942783610217
5440.05 1.88272 0.3 0.000260942783610217
5459.93 1.88309 0.3 0.000260942783610217
5480.15 1.88339 0.3 0.000260942783610217
5500.04 1.88353 0.3 0.000260942783610217
5520.02 1.88373 0.3 0.000260942783610217
5540.11 1.88383 0.3 0.000260942783610217
5560.05 1.88393 0.3 0.000260942783610217
5579.99 1.88407 0.3 0.000260942783610217
5600.11 1.88463 0.3 0.000260942783610217
5620.04 1.88482 0.3 0.000260942783610217
5640.17 1.88513 0.3 0.000260942783610217
5660.06 1.88527 0.3 0.000260942783610217
5680.01 1.88541 0.3 0.000260942783610217
5700.09 1.88552 0.3 0.000260942783610217
5720.02 1.88583 0.3 0.000260942783610217
5739.98 1.88609 0.3 0.000260942783610217
5760.07 1.88583 0.3 0.000260942783610217
5779.96 1.88656 0.3 0.000260942783610217
5800.1 1.88635 0.3 0.000260942783610217
5820.07 1.88653 0.3 0.000260942783610217
5839.99 1.88706 0.3 0.000260942783610217
5860.13 1.8872 0.3 0.000260942783610217
5880.08 1.88733 0.3 0.000260942783610217
5900.06 1.88732 0.3 0.000260942783610217
5920.13 1.88742 0.3 0.000260942783610217
5940.01 1.88747 0.3 0.000260942783610217
5960.13 1.88804 0.3 0.000260942783610217
5980.07 1.88779 0.3 0.000260942783610217
6000.04 1.8882 0.3 0.000260942783610217
6020.07 1.88802 0.3 0.000260942783610217
6039.99 1.88804 0.3 0.000260942783610217
6060.02 1.88825 0.3 0.000260942783610217
6080.14 1.88846 0.3 0.000260942783610217
6100.04 1.88878 0.3 0.000260942783610217
6119.97 1.88867 0.3 0.000260942783610217
6140.15 1.88882 0.3 0.000260942783610217
6160.01 1.88915 0.3 0.000260942783610217
6180.16 1.88935 0.3 0.000260942783610217
6200.03 1.88904 0.3 0.000260942783610217
6219.99 1.88918 0.3 0.000260942783610217
6240.14 1.88946 0.3 0.000260942783610217
6260.05 1.88926 0.3 0.000260942783610217
6279.98 1.88974 0.3 0.000260942783610217
6300.06 1.88929 0.3 0.000260942783610217
6320.06 1.88975 0.3 0.000260942783610217
6340.12 1.88996 0.3 0.000260942783610217
6360.04 1.88975 0.3 0.000260942783610217
6380.02 1.8901 0.3 0.000260942783610217
6400.1 1.89003 0.3 0.000260942783610217
6420.04 1.89023 0.3 0.000260942783610217
6439.96 1.89032 0.3 0.000260942783610217
6460.11 1.89024 0.3 0.000260942783610217
6480 1.89052 0.3 0.000260942783610217
6500.1 1.8906 0.3 0.000260942783610217
6520.05 1.89063 0.3 0.000260942783610217
6539.96 1.89076 0.3 0.000260942783610217
6560.07 1.89079 0.3 0.000260942783610217
6580.03 1.89094 0.3 0.000260942783610217
6599.95 1.89124 0.3 0.000260942783610217
6620.07 1.89128 0.3 0.000260942783610217
6639.98 1.89138 0.3 0.000260942783610217
6660.13 1.89121 0.3 0.000260942783610217
6680.11 1.8913 0.3 0.000260942783610217
6700.01 1.89153 0.3 0.000260942783610217
6720.1 1.89147 0.3 0.000260942783610217
6740.03 1.89143 0.3 0.000260942783610217
6760.02 1.89174 0.3 0.000260942783610217
6780.06 1.8918 0.3 0.000260942783610217
6799.96 1.8919 0.3 0.000260942783610217
6820.18 1.89173 0.3 0.000260942783610217
6840.05 1.89202 0.3 0.000260942783610217
6859.95 1.89194 0.3 0.000260942783610217
6880.13 1.89196 0.3 0.000260942783610217
6900.05 1.89181 0.3 0.000260942783610217
6919.92 1.8921 0.3 0.000260942783610217
6940.06 1.8922 0.3 0.000260942783610217
6960.01 1.89222 0.3 0.000260942783610217
6980.18 1.89255 0.3 0.000260942783610217
7000.07 1.8922 0.3 0.000260942783610217
7020.02 1.89239 0.3 0.000260942783610217
7040.13 1.8925 0.3 0.000260942783610217
7060.06 1.89266 0.3 0.000260942783610217
7079.99 1.89282 0.3 0.000260942783610217
7100.13 1.8928 0.3 0.000260942783610217
7120.02 1.89283 0.3 0.000260942783610217
7140.17 1.89262 0.3 0.000260942783610217
7160.09 1.8927 0.3 0.000260942783610217
7179.98 1.89282 0.3 0.000260942783610217
7200.12 1.89294 0.3 0.000260942783610217
7220.01 1.89293 0.3 0.000260942783610217
7240.07 1.89285 0.3 0.000260942783610217
7260.06 1.89325 0.3 0.000260942783610217
7280.06 1.89312 0.3 0.000260942783610217
7300.12 1.89322 0.3 0.000260942783610217
7320.15 1.89298 0.3 0.000260942783610217
7340.03 1.89311 0.3 0.000260942783610217
7360.07 1.89317 0.3 0.000260942783610217
7380.06 1.89347 0.3 0.000260942783610217
7400.04 1.89331 0.3 0.000260942783610217
7420.04 1.8935 0.3 0.000260942783610217
7439.96 1.89324 0.3 0.000260942783610217
7460.12 1.89351 0.3 0.000260942783610217
7480.09 1.89349 0.3 0.000260942783610217
7500 1.89345 0.3 0.000260942783610217
7520.04 1.89336 0.3 0.000260942783610217
7540.11 1.89369 0.3 0.000260942783610217
7560.01 1.89346 0.3 0.000260942783610217
7580.11 1.89329 0.3 0.000260942783610217
7600.02 1.89358 0.3 0.000260942783610217
7620.15 1.89345 0.3 0.000260942783610217
7640.07 1.89366 0.3 0.000260942783610217
7660.05 1.89346 0.3 0.000260942783610217
7680.17 1.89357 0.3 0.000260942783610217
7700.05 1.89324 0.3 0.000260942783610217
7720.01 1.89375 0.3 0.000260942783610217
7740.07 1.89363 0.3 0.000260942783610217
7760.01 1.89367 0.3 0.000260942783610217
7780.13 1.89382 0.3 0.000260942783610217
7800.06 1.89372 0.3 0.000260942783610217
7819.98 1.89398 0.3 0.000260942783610217
7840.08 1.89414 0.3 0.000260942783610217
7860.07 1.89398 0.3 0.000260942783610217
7879.98 1.89384 0.3 0.000260942783610217
7900.1 1.8937 0.3 0.000260942783610217
7920.06 1.89377 0.3 0.000260942783610217
7940.14 1.89363 0.3 0.000260942783610217
7960.05 1.89367 0.3 0.000260942783610217
7979.94 1.89419 0.3 0.000260942783610217
8000.12 1.89415 0.3 0.000260942783610217
8020.04 1.894 0.3 0.000260942783610217
8040.04 1.89406 0.3 0.000260942783610217
8060.07 1.89397 0.3 0.000260942783610217
8080.03 1.89424 0.3 0.000260942783610217
8100.15 1.89403 0.3 0.000260942783610217
8120.07 1.89425 0.3 0.000260942783610217
8139.98 1.89433 0.3 0.000260942783610217
8160.11 1.8941 0.3 0.000260942783610217
8180.04 1.89386 0.3 0.000260942783610217
8200.03 1.89409 0.3 0.000260942783610217
8220.17 1.8941 0.3 0.000260942783610217
8240.1 1.89401 0.3 0.000260942783610217
8260.13 1.89412 0.3 0.000260942783610217
8280.04 1.8941 0.3 0.000260942783610217
8299.99 1.89409 0.3 0.000260942783610217
8320.13 1.89411 0.3 0.000260942783610217
8340.12 1.89431 0.3 0.000260942783610217
8359.99 1.89432 0.3 0.000260942783610217
8380.13 1.89423 0.3 0.000260942783610217
8400.04 1.89419 0.3 0.000260942783610217
8420.18 1.89398 0.3 0.000260942783610217
8440.1 1.894 0.3 0.000260942783610217
8460.03 1.89413 0.3 0.000260942783610217
8480.11 1.89418 0.3 0.000260942783610217
8500.09 1.89444 0.3 0.000260942783610217
8519.97 1.89426 0.3 0.000260942783610217
8540.13 1.89417 0.3 0.000260942783610217
8559.96 1.89432 0.3 0.000260942783610217
8580.04 1.89423 0.3 0.000260942783610217
8600.07 1.89407 0.3 0.000260942783610217
8619.95 1.89429 0.3 0.000260942783610217
8640.1 1.89407 0.3 0.000260942783610217
8660.04 1.89415 0.3 0.000260942783610217
8680.04 1.89426 0.3 0.000260942783610217
8720.09 1.89396 0.3 0.000260942783610217
8740.16 1.89419 0.3 0.000260942783610217
8760.13 1.89426 0.3 0.000260942783610217
8780.06 1.89441 0.3 0.000260942783610217
8800.12 1.89436 0.3 0.000260942783610217
8820.13 1.89457 0.3 0.000260942783610217
8839.95 1.89457 0.3 0.000260942783610217
8860.12 1.89418 0.3 0.000260942783610217
8880.03 1.89443 0.3 0.000260942783610217
8900.21 1.89441 0.3 0.000260942783610217
8920.13 1.89411 0.3 0.000260942783610217
8939.99 1.89443 0.3 0.000260942783610217
8960.2 1.89415 0.3 0.000260942783610217
8980.08 1.89405 0.3 0.000260942783610217
9000.01 1.89444 0.3 0.000260942783610217
9020.13 1.89426 0.3 0.000260942783610217
9040.07 1.89446 0.3 0.000260942783610217
9060.2 1.89422 0.3 0.000260942783610217
9080.07 1.89384 0.3 0.000260942783610217
9099.97 1.89403 0.3 0.000260942783610217
9120.12 1.89427 0.3 0.000260942783610217
9140.08 1.89411 0.3 0.000260942783610217
9160.02 1.89397 0.3 0.000260942783610217
9180.1 1.89401 0.3 0.000260942783610217
9200.07 1.89412 0.3 0.000260942783610217
9219.9 1.89417 0.3 0.000260942783610217
9240.15 1.89394 0.3 0.000260942783610217
9260.04 1.89416 0.3 0.000260942783610217
9280.16 1.89397 0.3 0.000260942783610217
9300.1 1.89391 0.3 0.000260942783610217
9319.95 1.89409 0.3 0.000260942783610217
9340.18 1.89405 0.3 0.000260942783610217
9360.06 1.89427 0.3 0.000260942783610217
9380.03 1.89396 0.3 0.000260942783610217
9400.12 1.89389 0.3 0.000260942783610217
9420.02 1.89384 0.3 0.000260942783610217
9440.12 1.89386 0.3 0.000260942783610217
9460.04 1.89382 0.3 0.000260942783610217
9480.03 1.89379 0.3 0.000260942783610217
9500.12 1.89382 0.3 0.000260942783610217
9520.17 1.89402 0.3 0.000260942783610217
9540.01 1.89397 0.3 0.000260942783610217
9560.19 1.89358 0.3 0.000260942783610217
9580.02 1.89337 0.3 0.000260942783610217
9600.18 1.89382 0.3 0.000260942783610217
9620.11 1.89361 0.3 0.000260942783610217
9660.12 1.89379 0.3 0.000260942783610217
9680.05 1.89384 0.3 0.000260942783610217
9699.96 1.8936 0.3 0.000260942783610217
9720.16 1.8933 0.3 0.000260942783610217
9740.02 1.89359 0.3 0.000260942783610217
9760.14 1.8935 0.3 0.000260942783610217
9780.1 1.89346 0.3 0.000260942783610217
9800.06 1.89352 0.3 0.000260942783610217
9820.1 1.89361 0.3 0.000260942783610217
9840.08 1.89361 0.3 0.000260942783610217
9859.94 1.89358 0.3 0.000260942783610217
9880.09 1.89341 0.3 0.000260942783610217
9900.04 1.89347 0.3 0.000260942783610217
9920.25 1.89339 0.3 0.000260942783610217
9940.06 1.89341 0.3 0.000260942783610217
9960.01 1.89327 0.3 0.000260942783610217
9980.07 1.89315 0.3 0.000260942783610217
10000 1.89346 0.3 0.000260942783610217
10020 1.89333 0.3 0.000260942783610217
10040.1 1.8934 0.3 0.000260942783610217
10060.1 1.89341 0.3 0.000260942783610217
10080.2 1.89339 0.3 0.000260942783610217
10100.1 1.89323 0.3 0.000260942783610217
10120.1 1.89317 0.3 0.000260942783610217
10140.2 1.89309 0.3 0.000260942783610217
10160.1 1.89334 0.3 0.000260942783610217
10180 1.89302 0.3 0.000260942783610217
10200.1 1.89301 0.3 0.000260942783610217
10220.1 1.89299 0.3 0.000260942783610217
10240.2 1.89316 0.3 0.000260942783610217
10260.1 1.89302 0.3 0.000260942783610217
10280 1.89266 0.3 0.000260942783610217
10300.1 1.89307 0.3 0.000260942783610217
10320.1 1.89288 0.3 0.000260942783610217
10340 1.89283 0.3 0.000260942783610217
10360.1 1.89282 0.3 0.000260942783610217
10380 1.89293 0.3 0.000260942783610217
10400.2 1.89266 0.3 0.000260942783610217
10420.1 1.89254 0.3 0.000260942783610217
10440.1 1.89276 0.3 0.000260942783610217
10460.2 1.89251 0.3 0.000260942783610217
10480.1 1.89266 0.3 0.000260942783610217
10500 1.89269 0.3 0.000260942783610217
10520.1 1.8924 0.3 0.000260942783610217
10560.2 1.89259 0.3 0.000260942783610217
10580.1 1.89246 0.3 0.000260942783610217
10600 1.89236 0.3 0.000260942783610217
10620.2 1.89224 0.3 0.000260942783610217
10640.1 1.89219 0.3 0.000260942783610217
10660.1 1.89229 0.3 0.000260942783610217
10680.2 1.8922 0.3 0.000260942783610217
10700 1.89206 0.3 0.000260942783610217
10720.2 1.89224 0.3 0.000260942783610217
10740.1 1.89225 0.3 0.000260942783610217
10760 1.89223 0.3 0.000260942783610217
10780.2 1.89236 0.3 0.000260942783610217
10800.1 1.8921 0.3 0.000260942783610217
10820 1.89198 0.3 0.000260942783610217
10840.1 1.89202 0.3 0.000260942783610217
10860.1 1.89165 0.3 0.000260942783610217
10880.2 1.89177 0.3 0.000260942783610217
10900.1 1.89192 0.3 0.000260942783610217
10920 1.89183 0.3 0.000260942783610217
10940.1 1.89189 0.3 0.000260942783610217
10960.1 1.89149 0.3 0.000260942783610217
10980 1.89172 0.3 0.000260942783610217
11000.1 1.89142 0.3 0.000260942783610217
11020.1 1.89181 0.3 0.000260942783610217
11040.2 1.89167 0.3 0.000260942783610217
11060.1 1.89147 0.3 0.000260942783610217
11080 1.89144 0.3 0.000260942783610217
11100.1 1.89138 0.3 0.000260942783610217
11120.1 1.89115 0.3 0.000260942783610217
11140.1 1.89128 0.3 0.000260942783610217
11160.2 1.89124 0.3 0.000260942783610217
11180.1 1.89108 0.3 0.000260942783610217
11200.1 1.89131 0.3 0.000260942783610217
11220.1 1.89114 0.3 0.000260942783610217
11240.1 1.89105 0.3 0.000260942783610217
11260.2 1.891 0.3 0.000260942783610217
11280.1 1.89106 0.3 0.000260942783610217
11300 1.89093 0.3 0.000260942783610217
11320.1 1.89092 0.3 0.000260942783610217
11340 1.89067 0.3 0.000260942783610217
11360.2 1.8907 0.3 0.000260942783610217
11380.1 1.89055 0.3 0.000260942783610217
11400.1 1.89058 0.3 0.000260942783610217
11420.1 1.8905 0.3 0.000260942783610217
11440.1 1.89045 0.3 0.000260942783610217
11459.9 1.89046 0.3 0.000260942783610217
11480.2 1.89036 0.3 0.000260942783610217
11500.1 1.89028 0.3 0.000260942783610217
11520.2 1.89014 0.3 0.000260942783610217
11540.1 1.89021 0.3 0.000260942783610217
11560.1 1.89022 0.3 0.000260942783610217
11580.1 1.88986 0.3 0.000260942783610217
11600.1 1.88976 0.3 0.000260942783610217
11620 1.88998 0.3 0.000260942783610217
11640.1 1.8899 0.3 0.000260942783610217
11660.1 1.88986 0.3 0.000260942783610217
11680.1 1.88974 0.3 0.000260942783610217
11700.2 1.88954 0.3 0.000260942783610217
11720 1.88966 0.3 0.000260942783610217
11740.2 1.8895 0.3 0.000260942783610217
11760.1 1.8894 0.3 0.000260942783610217
11780 1.88951 0.3 0.000260942783610217
11800.1 1.88968 0.3 0.000260942783610217
11820 1.88954 0.3 0.000260942783610217
11840.2 1.88922 0.3 0.000260942783610217
11860 1.88929 0.3 0.000260942783610217
11880.1 1.88902 0.3 0.000260942783610217
11900.1 1.88873 0.3 0.000260942783610217
11920.1 1.88913 0.3 0.000260942783610217
11940 1.88866 0.3 0.000260942783610217
11960.1 1.88868 0.3 0.000260942783610217
11980 1.88888 0.3 0.000260942783610217
12000.1 1.88876 0.3 0.000260942783610217
12020.1 1.8889 0.3 0.000260942783610217
12040.1 1.88842 0.3 0.000260942783610217
12060.2 1.88855 0.3 0.000260942783610217
12080.1 1.88842 0.3 0.000260942783610217
12100 1.88824 0.3 0.000260942783610217
12120.2 1.88811 0.3 0.000260942783610217
12140.1 1.8882 0.3 0.000260942783610217
12160.2 1.88791 0.3 0.000260942783610217
12180.1 1.88788 0.3 0.000260942783610217
12200.1 1.88782 0.3 0.000260942783610217
12220.2 1.88765 0.3 0.000260942783610217
12240.1 1.8878 0.3 0.000260942783610217
12260 1.88763 0.3 0.000260942783610217
12280.1 1.88729 0.3 0.000260942783610217
12300.1 1.88745 0.3 0.000260942783610217
12320 1.88712 0.3 0.000260942783610217
12340.2 1.88732 0.3 0.000260942783610217
12360 1.88715 0.3 0.000260942783610217
12380.2 1.88698 0.3 0.000260942783610217
12400.1 1.88688 0.3 0.000260942783610217
12420 1.88679 0.3 0.000260942783610217
12440.2 1.88691 0.3 0.000260942783610217
12460.1 1.88681 0.3 0.000260942783610217
12480 1.88654 0.3 0.000260942783610217
12500.1 1.88615 0.3 0.000260942783610217
12520 1.88622 0.3 0.000260942783610217
12540.2 1.88631 0.3 0.000260942783610217
12560.1 1.88608 0.3 0.000260942783610217
12580 1.88612 0.3 0.000260942783610217
12600.2 1.88585 0.3 0.000260942783610217
12620.1 1.88576 0.3 0.000260942783610217
12640 1.88591 0.3 0.000260942783610217
12660.2 1.88576 0.3 0.000260942783610217
12680 1.88566 0.3 0.000260942783610217
12700.2 1.88567 0.3 0.000260942783610217
12720.1 1.88526 0.3 0.000260942783610217
12740 1.88531 0.3 0.000260942783610217
12760.2 1.88526 0.3 0.000260942783610217
12780 1.88506 0.3 0.000260942783610217
12800 1.88498 0.3 0.000260942783610217
12820.1 1.88473 0.3 0.000260942783610217
12840.1 1.88474 0.3 0.000260942783610217
12860.2 1.8843 0.3 0.000260942783610217
12880.1 1.88428 0.3 0.000260942783610217
12900.1 1.88416 0.3 0.000260942783610217
12920.2 1.88433 0.3 0.000260942783610217
12940.1 1.88413 0.3 0.000260942783610217
12960.1 1.88387 0.3 0.000260942783610217
12980.2 1.88403 0.3 0.000260942783610217
13000.1 1.88343 0.3 0.000260942783610217
13020.2 1.88333 0.3 0.000260942783610217
13040.1 1.88331 0.3 0.000260942783610217
13060.1 1.88329 0.3 0.000260942783610217
13080.1 1.88313 0.3 0.000260942783610217
13100.1 1.88277 0.3 0.000260942783610217
13120.1 1.88269 0.3 0.000260942783610217
13140.2 1.88231 0.3 0.000260942783610217
13160.1 1.88248 0.3 0.000260942783610217
13180.2 1.88244 0.3 0.000260942783610217
13200.1 1.88224 0.3 0.000260942783610217
13220.1 1.88194 0.3 0.000260942783610217
13240.2 1.88179 0.3 0.000260942783610217
13260 1.88198 0.3 0.000260942783610217
13280 1.88166 0.3 0.000260942783610217
13300.1 1.88143 0.3 0.000260942783610217
13320.1 1.88124 0.3 0.000260942783610217
13340.2 1.88119 0.3 0.000260942783610217
13360 1.88085 0.3 0.000260942783610217
13380.1 1.88059 0.3 0.000260942783610217
13400.2 1.8809 0.3 0.000260942783610217
13420.1 1.88066 0.3 0.000260942783610217
13440.1 1.88046 0.3 0.000260942783610217
13460.2 1.87981 0.3 0.000260942783610217
13480.1 1.87995 0.3 0.000260942783610217
13500.2 1.88007 0.3 0.000260942783610217
13520.1 1.87974 0.3 0.000260942783610217
13540.1 1.87923 0.3 0.000260942783610217
13560.2 1.87941 0.3 0.000260942783610217
13580.1 1.8791 0.3 0.000260942783610217
13600.1 1.87894 0.3 0.000260942783610217
13620.2 1.87877 0.3 0.000260942783610217
13640.1 1.87841 0.3 0.000260942783610217
13660.2 1.8783 0.3 0.000260942783610217
13680.1 1.87833 0.3 0.000260942783610217
13700.1 1.87789 0.3 0.000260942783610217
13720.2 1.87747 0.3 0.000260942783610217
13740.1 1.87775 0.3 0.000260942783610217
13760 1.87707 0.3 0.000260942783610217
13780.1 1.87732 0.3 0.000260942783610217
13800 1.87676 0.3 0.000260942783610217
13820.3 1.87678 0.3 0.000260942783610217
13840.1 1.87676 0.3 0.000260942783610217
13860.1 1.87608 0.3 0.000260942783610217
13880.2 1.87591 0.3 0.000260942783610217
13900.1 1.8759 0.3 0.000260942783610217
13920 1.87569 0.3 0.000260942783610217
13940.1 1.87557 0.3 0.000260942783610217
13960.1 1.87484 0.3 0.000260942783610217
13980.2 1.87502 0.3 0.000260942783610217
14000.1 1.87469 0.3 0.000260942783610217
14020.1 1.87447 0.3 0.000260942783610217
14040.2 1.87439 0.3 0.000260942783610217
14060.1 1.874 0.3 0.000260942783610217
14080.1 1.87401 0.3 0.000260942783610217
14100.1 1.87335 0.3 0.000260942783610217
14120 1.87325 0.3 0.000260942783610217
14140.2 1.87272 0.3 0.000260942783610217
14160.1 1.87266 0.3 0.000260942783610217
14180.1 1.8725 0.3 0.000260942783610217
14200.2 1.87224 0.3 0.000260942783610217
14220.2 1.8719 0.3 0.000260942783610217
14240.1 1.87156 0.3 0.000260942783610217
14260.2 1.87133 0.3 0.000260942783610217
14280.1 1.87132 0.3 0.000260942783610217
14300.2 1.87067 0.3 0.000260942783610217
14320.1 1.87027 0.3 0.000260942783610217
14340.1 1.86993 0.3 0.000260942783610217
14360.2 1.86962 0.3 0.000260942783610217
14380.2 1.86955 0.3 0.000260942783610217
14400 1.86926 0.3 0.000260942783610217
14420.1 1.86889 0.3 0.000260942783610217
14440.1 1.8688 0.3 0.000260942783610217
14460.2 1.86831 0.3 0.000260942783610217
14480.2 1.86796 0.3 0.000260942783610217
14500 1.86755 0.3 0.000260942783610217
14520.2 1.86737 0.3 0.000260942783610217
14540 1.86693 0.3 0.000260942783610217
14560.1 1.86648 0.3 0.000260942783610217
14580.2 1.86622 0.3 0.000260942783610217
14600.1 1.86562 0.3 0.000260942783610217
14620.2 1.86531 0.3 0.000260942783610217
14640.2 1.86497 0.3 0.000260942783610217
14660 1.86469 0.3 0.000260942783610217
14680.2 1.86412 0.3 0.000260942783610217
14700.1 1.86367 0.3 0.000260942783610217
14720.1 1.86336 0.3 0.000260942783610217
14740.1 1.86295 0.3 0.000260942783610217
14760.1 1.86236 0.3 0.000260942783610217
14780.2 1.86221 0.3 0.000260942783610217
14800.1 1.86176 0.3 0.000260942783610217
14820.1 1.86111 0.3 0.000260942783610217
14840.2 1.86062 0.3 0.000260942783610217
14860.1 1.86049 0.3 0.000260942783610217
14880.1 1.85973 0.3 0.000260942783610217
14900.2 1.8595 0.3 0.000260942783610217
14920.1 1.85898 0.3 0.000260942783610217
14940.2 1.85866 0.3 0.000260942783610217
14960.2 1.85811 0.3 0.000260942783610217
14980.1 1.85739 0.3 0.000260942783610217
15000.2 1.85697 0.3 0.000260942783610217
15020.1 1.85653 0.3 0.000260942783610217
15040 1.85569 0.3 0.000260942783610217
15060.2 1.85547 0.3 0.000260942783610217
15080.1 1.85471 0.3 0.000260942783610217
15100.2 1.85445 0.3 0.000260942783610217
15120.1 1.85396 0.3 0.000260942783610217
15140.1 1.8532 0.3 0.000260942783610217
15160.2 1.8526 0.3 0.000260942783610217
15180.2 1.8519 0.3 0.000260942783610217
15200.1 1.85146 0.3 0.000260942783610217
15220.1 1.85119 0.3 0.000260942783610217
15240 1.85019 0.3 0.000260942783610217
15260.2 1.84956 0.3 0.000260942783610217
15280.1 1.8491 0.3 0.000260942783610217
15300.2 1.84827 0.3 0.000260942783610217
15320.2 1.84763 0.3 0.000260942783610217
15340.1 1.84676 0.3 0.000260942783610217
15360.1 1.84638 0.3 0.000260942783610217
15380.2 1.84541 0.3 0.000260942783610217
15400.1 1.84491 0.3 0.000260942783610217
15420.1 1.84408 0.3 0.000260942783610217
15440.2 1.84343 0.3 0.000260942783610217
15460.1 1.84242 0.3 0.000260942783610217
15480.2 1.84178 0.3 0.000260942783610217
15500.1 1.84093 0.3 0.000260942783610217
15520.2 1.84059 0.3 0.000260942783610217
15540.2 1.83941 0.3 0.000260942783610217
15560.1 1.83847 0.3 0.000260942783610217
15580.1 1.83784 0.3 0.000260942783610217
15600.2 1.83729 0.3 0.000260942783610217
15620.1 1.83609 0.3 0.000260942783610217
15640.2 1.83507 0.3 0.000260942783610217
15660.1 1.83433 0.3 0.000260942783610217
15680.1 1.8334 0.3 0.000260942783610217
15700.2 1.83213 0.3 0.000260942783610217
15720.2 1.8312 0.3 0.000260942783610217
15740 1.83032 0.3 0.000260942783610217
15760.1 1.82926 0.3 0.000260942783610217
15780.1 1.82821 0.3 0.000260942783610217
15800.2 1.82696 0.3 0.000260942783610217
15820.2 1.8259 0.3 0.000260942783610217
15840 1.82496 0.3 0.000260942783610217
15860.2 1.82387 0.3 0.000260942783610217
15880.1 1.82267 0.3 0.000260942783610217
15900.1 1.82161 0.3 0.000260942783610217
15920.2 1.82036 0.3 0.000260942783610217
15940.1 1.81908 0.3 0.000260942783610217
15960.2 1.81771 0.3 0.000260942783610217
15980.2 1.81632 0.3 0.000260942783610217
16000 1.81517 0.3 0.000260942783610217
16020.2 1.8138 0.3 0.000260942783610217
16040.1 1.81246 0.3 0.000260942783610217
16060.1 1.81126 0.3 0.000260942783610217
16080.2 1.80949 0.3 0.000260942783610217
16100.1 1.80786 0.3 0.000260942783610217
16120.2 1.80669 0.3 0.000260942783610217
16140.2 1.80488 0.3 0.000260942783610217
16160 1.8034 0.3 0.000260942783610217
16180.2 1.80179 0.3 0.000260942783610217
16200.1 1.8002 0.3 0.000260942783610217
16220 1.79819 0.3 0.000260942783610217
16240.1 1.79638 0.3 0.000260942783610217
16260.1 1.79486 0.3 0.000260942783610217
16280.2 1.79289 0.3 0.000260942783610217
16300.1 1.7912 0.3 0.000260942783610217
16320.1 1.78931 0.3 0.000260942783610217
16340.2 1.78721 0.3 0.000260942783610217
16360.2 1.78513 0.3 0.000260942783610217
16380.1 1.78313 0.3 0.000260942783610217
16400.1 1.78124 0.3 0.000260942783610217
16420.1 1.77871 0.3 0.000260942783610217
16440.3 1.77657 0.3 0.000260942783610217
16460.2 1.77424 0.3 0.000260942783610217
16480.1 1.77193 0.3 0.000260942783610217
16500.3 1.76952 0.3 0.000260942783610217
16520.1 1.7668 0.3 0.000260942783610217
16540 1.76441 0.3 0.000260942783610217
16560.1 1.76194 0.3 0.000260942783610217
16580.1 1.75929 0.3 0.000260942783610217
16600.2 1.75653 0.3 0.000260942783610217
16620.2 1.75348 0.3 0.000260942783610217
16640.1 1.75065 0.3 0.000260942783610217
16660.2 1.74781 0.3 0.000260942783610217
16680.1 1.74473 0.3 0.000260942783610217
16700.1 1.74151 0.3 0.000260942783610217
16720.2 1.73819 0.3 0.000260942783610217
16740.1 1.73463 0.3 0.000260942783610217
16760.2 1.73124 0.3 0.000260942783610217
16780.2 1.72789 0.3 0.000260942783610217
16800.1 1.72392 0.3 0.000260942783610217
16820.2 1.72012 0.3 0.000260942783610217
16840.1 1.71651 0.3 0.000260942783610217
16860 1.71252 0.3 0.000260942783610217
16880.2 1.70813 0.3 0.000260942783610217
16900.1 1.70388 0.3 0.000260942783610217
16920.3 1.69957 0.3 0.000260942783610217
16940.2 1.695 0.3 0.000260942783610217
16960.1 1.6903 0.3 0.000260942783610217
16980.2 1.68541 0.3 0.000260942783610217
17000.1 1.68042 0.3 0.000260942783610217
17020 1.67556 0.3 0.000260942783610217
17040.2 1.67005 0.3 0.000260942783610217
17060.1 1.66465 0.3 0.000260942783610217
17080.2 1.65883 0.3 0.000260942783610217
17100.2 1.65334 0.3 0.000260942783610217
17120.1 1.6472 0.3 0.000260942783610217
17140.1 1.64088 0.3 0.000260942783610217
17160.2 1.63462 0.3 0.000260942783610217
17180 1.62805 0.3 0.000260942783610217
17200.2 1.62087 0.3 0.000260942783610217
17220.1 1.61393 0.3 0.000260942783610217
17240.2 1.60653 0.3 0.000260942783610217
17260.1 1.5989 0.3 0.000260942783610217
17280.2 1.5909 0.3 0.000260942783610217
17300.2 1.58301 0.3 0.000260942783610217
17320.2 1.57454 0.3 0.000260942783610217
17340 1.56615 0.3 0.000260942783610217
17360.1 1.55703 0.3 0.000260942783610217
17380 1.54781 0.3 0.000260942783610217
17400.2 1.53838 0.3 0.000260942783610217
17420.1 1.52845 0.3 0.000260942783610217
17440.1 1.51828 0.3 0.000260942783610217
17460.2 1.50778 0.3 0.000260942783610217
17480.2 1.49724 0.3 0.000260942783610217
17500 1.4858 0.3 0.000260942783610217
17520.2 1.4744 0.3 0.000260942783610217
17540.1 1.4627 0.3 0.000260942783610217
17560.2 1.45043 0.3 0.000260942783610217
17580.2 1.43798 0.3 0.000260942783610217
17600.1 1.42538 0.3 0.000260942783610217
17620.2 1.41202 0.3 0.000260942783610217
17640.2 1.39859 0.3 0.000260942783610217
17660.1 1.38487 0.3 0.000260942783610217
17680.1 1.37047 0.3 0.000260942783610217
17700.2 1.35588 0.3 0.000260942783610217
17720.3 1.34095 0.3 0.000260942783610217
17740.1 1.32592 0.3 0.000260942783610217
17760.1 1.31037 0.3 0.000260942783610217
17780.3 1.29425 0.3 0.000260942783610217
17800.2 1.27857 0.3 0.000260942783610217
17820.1 1.26206 0.3 0.000260942783610217
17840.3 1.24581 0.3 0.000260942783610217
17860.3 1.22941 0.3 0.000260942783610217
17880.3 1.21253 0.3 0.000260942783610217
17900.2 1.19641 0.3 0.000260942783610217
17920.1 1.17948 0.3 0.000260942783610217
17940.3 1.16292 0.3 0.000260942783610217
17960.2 1.14668 0.3 0.000260942783610217
17980.1 1.13039 0.3 0.000260942783610217
18000.3 1.11462 0.3 0.000260942783610217
18020.3 1.09923 0.3 0.000260942783610217
18040.2 1.08408 0.3 0.000260942783610217
18080.2 1.05623 0.3 0.000260942783610217
18100.4 1.04233 0.3 0.000260942783610217
18120.3 1.03014 0.3 0.000260942783610217
18140.3 1.01863 0.3 0.000260942783610217
18160.3 1.00767 0.3 0.000260942783610217
18180.2 0.99783 0.3 0.000260942783610217
18200.3 0.98949 0.3 0.000260942783610217
18220.2 0.981377 0.3 0.000260942783610217
18240.2 0.975129 0.3 0.000260942783610217
18260.5 0.969892 0.3 0.000260942783610217
18280.1 0.96568 0.3 0.000260942783610217
18300.2 0.962867 0.3 0.000260942783610217
18320.2 0.960718 0.3 0.000260942783610217
18340.1 0.96052 0.3 0.000260942783610217
18360 0.961084 0.3 0.000260942783610217
18380.1 0.962996 0.3 0.000260942783610217
18400 0.965947 0.3 0.000260942783610217
18420.1 0.969847 0.3 0.000260942783610217
18440 0.975028 0.3 0.000260942783610217
18459.9 0.980862 0.3 0.000260942783610217
18480.2 0.987996 0.3 0.000260942783610217
18500.1 0.995732 0.3 0.000260942783610217
18519.9 1.00431 0.3 0.000260942783610217
18540 1.01385 0.3 0.000260942783610217
18560.2 1.02365 0.3 0.000260942783610217
18580.1 1.03427 0.3 0.000260942783610217
18600.1 1.04521 0.3 0.000260942783610217
18619.9 1.0568 0.3 0.000260942783610217
18640.1 1.06861 0.3 0.000260942783610217
18659.9 1.08085 0.3 0.000260942783610217
18680.1 1.09348 0.3 0.000260942783610217
18700 1.10628 0.3 0.000260942783610217
18720.1 1.11908 0.3 0.000260942783610217
18740.1 1.13209 0.3 0.000260942783610217
18760.2 1.14533 0.3 0.000260942783610217
18780 1.15859 0.3 0.000260942783610217
18800.2 1.17171 0.3 0.000260942783610217
18820.1 1.18487 0.3 0.000260942783610217
18840.1 1.19804 0.3 0.000260942783610217
18860.1 1.21134 0.3 0.000260942783610217
18880.1 1.22458 0.3 0.000260942783610217
18900.2 1.2373 0.3 0.000260942783610217
18920.1 1.2503 0.3 0.000260942783610217
18940.1 1.26271 0.3 0.000260942783610217
18960.1 1.27527 0.3 0.000260942783610217
18980.1 1.28774 0.3 0.000260942783610217
19000 1.30003 0.3 0.000260942783610217
19000 1.29925 0.3 0.000260942783610217
19040.1 1.32389 0.3 0.000260942783610217
19060.2 1.33557 0.3 0.000260942783610217
19080.2 1.34701 0.3 0.000260942783610217
19100.1 1.35831 0.3 0.000260942783610217
19120.2 1.36936 0.3 0.000260942783610217
19140.1 1.37998 0.3 0.000260942783610217
19160.1 1.39089 0.3 0.000260942783610217
19180.2 1.4012 0.3 0.000260942783610217
19200.2 1.4114 0.3 0.000260942783610217
19220.2 1.42154 0.3 0.000260942783610217
19240.2 1.43113 0.3 0.000260942783610217
19260.2 1.44083 0.3 0.000260942783610217
19280.3 1.45029 0.3 0.000260942783610217
19300.3 1.45927 0.3 0.000260942783610217
19320.1 1.46833 0.3 0.000260942783610217
19340.2 1.47744 0.3 0.000260942783610217
19360.1 1.48583 0.3 0.000260942783610217
19380.3 1.49419 0.3 0.000260942783610217
19400.2 1.50268 0.3 0.000260942783610217
19420.1 1.5105 0.3 0.000260942783610217
19440.2 1.51829 0.3 0.000260942783610217
19460.2 1.52581 0.3 0.000260942783610217
19480.1 1.53334 0.3 0.000260942783610217
19500.1 1.54072 0.3 0.000260942783610217
19520.1 1.54757 0.3 0.000260942783610217
19540.2 1.5549 0.3 0.000260942783610217
19560.1 1.56131 0.3 0.000260942783610217
19580.1 1.56821 0.3 0.000260942783610217
19600.2 1.5745 0.3 0.000260942783610217
19620.2 1.58095 0.3 0.000260942783610217
19640.1 1.58705 0.3 0.000260942783610217
19660.2 1.59349 0.3 0.000260942783610217
19680.1 1.59919 0.3 0.000260942783610217
19700.2 1.60476 0.3 0.000260942783610217
19720.1 1.61023 0.3 0.000260942783610217
19740.1 1.61564 0.3 0.000260942783610217
19760.3 1.62117 0.3 0.000260942783610217
19780.1 1.62639 0.3 0.000260942783610217
19800.1 1.63156 0.3 0.000260942783610217
19820.2 1.63641 0.3 0.000260942783610217
19840.2 1.6413 0.3 0.000260942783610217
19860.3 1.6463 0.3 0.000260942783610217
19880.2 1.6504 0.3 0.000260942783610217
19900.1 1.65543 0.3 0.000260942783610217
19920.3 1.65951 0.3 0.000260942783610217
19940.1 1.66439 0.3 0.000260942783610217
19960.2 1.66813 0.3 0.000260942783610217
19980.2 1.67224 0.3 0.000260942783610217
20000.1 1.67601 0.3 0.000260942783610217
20020.3 1.68049 0.3 0.000260942783610217
20040.2 1.68398 0.3 0.000260942783610217
20060.1 1.68773 0.3 0.000260942783610217
20080.2 1.69171 0.3 0.000260942783610217
20100.1 1.69499 0.3 0.000260942783610217
20120.1 1.69823 0.3 0.000260942783610217
20140.2 1.70189 0.3 0.000260942783610217
20160.1 1.70511 0.3 0.000260942783610217
20180.3 1.70848 0.3 0.000260942783610217
20200.2 1.71165 0.3 0.000260942783610217
20220.1 1.7149 0.3 0.000260942783610217
20240.2 1.71774 0.3 0.000260942783610217
20260.2 1.72093 0.3 0.000260942783610217
20280.1 1.72344 0.3 0.000260942783610217
20300.3 1.72664 0.3 0.000260942783610217
20320.2 1.72925 0.3 0.000260942783610217
20340.3 1.73209 0.3 0.000260942783610217
20360.2 1.7346 0.3 0.000260942783610217
20380.2 1.73716 0.3 0.000260942783610217
20400.2 1.73997 0.3 0.000260942783610217
20420.2 1.74218 0.3 0.000260942783610217
20440.1 1.74461 0.3 0.000260942783610217
20460.3 1.74702 0.3 0.000260942783610217
20480.1 1.74933 0.3 0.000260942783610217
20500.3 1.75165 0.3 0.000260942783610217
20520.1 1.75403 0.3 0.000260942783610217
20540.2 1.75597 0.3 0.000260942783610217
20560.3 1.75811 0.3 0.000260942783610217
20580.1 1.76046 0.3 0.000260942783610217
20600 1.76219 0.3 0.000260942783610217
20620.2 1.76428 0.3 0.000260942783610217
20640.1 1.76634 0.3 0.000260942783610217
20660.3 1.76822 0.3 0.000260942783610217
20680.2 1.77005 0.3 0.000260942783610217
20700.1 1.77201 0.3 0.000260942783610217
20720.2 1.77376 0.3 0.000260942783610217
20740.2 1.77537 0.3 0.000260942783610217
20760.2 1.77702 0.3 0.000260942783610217
20780.3 1.77885 0.3 0.000260942783610217
20800.1 1.78058 0.3 0.000260942783610217
20820.2 1.78217 0.3 0.000260942783610217
20840.2 1.78366 0.3 0.000260942783610217
20860.2 1.7854 0.3 0.000260942783610217
20880.2 1.78661 0.3 0.000260942783610217
20900.1 1.78811 0.3 0.000260942783610217
20920.1 1.78951 0.3 0.000260942783610217
20940.2 1.79142 0.3 0.000260942783610217
20960.1 1.79281 0.3 0.000260942783610217
20980.3 1.79402 0.3 0.000260942783610217
21000.2 1.79532 0.3 0.000260942783610217
21020.1 1.79665 0.3 0.000260942783610217
21040.3 1.79808 0.3 0.000260942783610217
21060.2 1.79937 0.3 0.000260942783610217
21080.1 1.80072 0.3 0.000260942783610217
21100.3 1.8019 0.3 0.000260942783610217
21120.2 1.80297 0.3 0.000260942783610217
21140.3 1.80428 0.3 0.000260942783610217
21160.2 1.80537 0.3 0.000260942783610217
21180.2 1.80655 0.3 0.000260942783610217
21200.3 1.80772 0.3 0.000260942783610217
21220.2 1.80853 0.3 0.000260942783610217
21240.1 1.80994 0.3 0.000260942783610217
21260.2 1.81098 0.3 0.000260942783610217
21280.1 1.81231 0.3 0.000260942783610217
21300.3 1.81321 0.3 0.000260942783610217
21320.2 1.81429 0.3 0.000260942783610217
21340.1 1.81524 0.3 0.000260942783610217
21360.3 1.81631 0.3 0.000260942783610217
21380.2 1.81721 0.3 0.000260942783610217
21400.1 1.8183 0.3 0.000260942783610217
21420.3 1.81932 0.3 0.000260942783610217
21440.2 1.82009 0.3 0.000260942783610217
21460 1.82066 0.3 0.000260942783610217
21480.2 1.82168 0.3 0.000260942783610217
21500.2 1.82253 0.3 0.000260942783610217
21520.3 1.82357 0.3 0.000260942783610217
21540.2 1.82427 0.3 0.000260942783610217
21560.1 1.82515 0.3 0.000260942783610217
21580.2 1.82613 0.3 0.000260942783610217
21600.2 1.82688 0.3 0.000260942783610217
21620.1 1.82755 0.3 0.000260942783610217
21640.2 1.82797 0.3 0.000260942783610217
21660.1 1.829 0.3 0.000260942783610217
21680.2 1.82978 0.3 0.000260942783610217
21700.2 1.83066 0.3 0.000260942783610217
21720.1 1.83134 0.3 0.000260942783610217
21740.3 1.83211 0.3 0.000260942783610217
21760.1 1.83293 0.3 0.000260942783610217
21780.1 1.83335 0.3 0.000260942783610217
21800.2 1.83411 0.3 0.000260942783610217
21820.2 1.83483 0.3 0.000260942783610217
21840.2 1.83524 0.3 0.000260942783610217
21860.2 1.836 0.3 0.000260942783610217
21880.1 1.83656 0.3 0.000260942783610217
21900.2 1.83728 0.3 0.000260942783610217
21920.2 1.83783 0.3 0.000260942783610217
21940.1 1.83856 0.3 0.000260942783610217
21960.2 1.83925 0.3 0.000260942783610217
21980.1 1.8397 0.3 0.000260942783610217
22000.3 1.84054 0.3 0.000260942783610217
22020.2 1.84077 0.3 0.000260942783610217
22040.1 1.84137 0.3 0.000260942783610217
22060.2 1.84189 0.3 0.000260942783610217
22080.1 1.84265 0.3 0.000260942783610217
22100.1 1.84307 0.3 0.000260942783610217
22120.2 1.84375 0.3 0.000260942783610217
22140.1 1.84428 0.3 0.000260942783610217
22160.3 1.84476 0.3 0.000260942783610217
22180.2 1.84537 0.3 0.000260942783610217
22200.1 1.84601 0.3 0.000260942783610217
22220.2 1.84638 0.3 0.000260942783610217
22240.2 1.84686 0.3 0.000260942783610217
22260 1.84721 0.3 0.000260942783610217
22280.2 1.8477 0.3 0.000260942783610217
22300.1 1.84821 0.3 0.000260942783610217
22320.3 1.84859 0.3 0.000260942783610217
22340.2 1.84929 0.3 0.000260942783610217
22360.1 1.84969 0.3 0.000260942783610217
22380.3 1.85004 0.3 0.000260942783610217
22400.2 1.85025 0.3 0.000260942783610217
22420.1 1.85107 0.3 0.000260942783610217
22440.2 1.85132 0.3 0.000260942783610217
22460.1 1.85216 0.3 0.000260942783610217
22480.3 1.85228 0.3 0.000260942783610217
22500.2 1.85267 0.3 0.000260942783610217
22520.1 1.85292 0.3 0.000260942783610217
22540.3 1.85361 0.3 0.000260942783610217
22560.2 1.85388 0.3 0.000260942783610217
22580.1 1.85434 0.3 0.000260942783610217
22600.2 1.85447 0.3 0.000260942783610217
22620.2 1.85496 0.3 0.000260942783610217
22640.3 1.85525 0.3 0.000260942783610217
22660.2 1.85582 0.3 0.000260942783610217
22680.2 1.8561 0.3 0.000260942783610217
22700.2 1.85602 0.3 0.000260942783610217
22720.2 1.85647 0.3 0.000260942783610217
22740.2 1.85697 0.3 0.000260942783610217
22760.2 1.85752 0.3 0.000260942783610217
22780.1 1.85763 0.3 0.000260942783610217
22800.3 1.8582 0.3 0.000260942783610217
22820.2 1.85849 0.3 0.000260942783610217
22840.2 1.85863 0.3 0.000260942783610217
22860.3 1.85924 0.3 0.000260942783610217
22880.1 1.85988 0.3 0.000260942783610217
22900.1 1.8596 0.3 0.000260942783610217
22920.2 1.85979 0.3 0.000260942783610217
22940.1 1.86013 0.3 0.000260942783610217
22960.3 1.86057 0.3 0.000260942783610217
22980.2 1.8612 0.3 0.000260942783610217
23000.2 1.86125 0.3 0.000260942783610217
23020.3 1.86123 0.3 0.000260942783610217
23040.2 1.86164 0.3 0.000260942783610217
23060.1 1.86224 0.3 0.000260942783610217
23080.2 1.86243 0.3 0.000260942783610217
23100.1 1.86293 0.3 0.000260942783610217
23120.3 1.86291 0.3 0.000260942783610217
23140.2 1.8631 0.3 0.000260942783610217
23160.1 1.8636 0.3 0.000260942783610217
23180.3 1.86371 0.3 0.000260942783610217
23200.2 1.86433 0.3 0.000260942783610217
23220.1 1.86451 0.3 0.000260942783610217
23240.2 1.86488 0.3 0.000260942783610217
23260.1 1.86483 0.3 0.000260942783610217
23280.3 1.86499 0.3 0.000260942783610217
23300.2 1.86516 0.3 0.000260942783610217
23320.2 1.86573 0.3 0.000260942783610217
23340.3 1.86567 0.3 0.000260942783610217
23360.2 1.86626 0.3 0.000260942783610217
23380.1 1.86637 0.3 0.000260942783610217
23400.2 1.86644 0.3 0.000260942783610217
23420.2 1.86657 0.3 0.000260942783610217
23440.3 1.86689 0.3 0.000260942783610217
23460.3 1.86743 0.3 0.000260942783610217
