979.436 1.87 0.3 0.227739067732957
1019.5 -4.0685 0.3 0.227739067732957
1039.47 -4.1061 0.3 0.227739067732957
1060.18 -4.2394 0.3 0.227739067732957
1080.31 -4.3434 0.3 0.227739067732957
1100.48 -4.408 0.3 0.227739067732957
1120.29 -4.5564 0.3 0.227739067732957
1140.36 -4.663 0.3 0.227739067732957
1160.49 -4.923 0.3 0.227739067732957
1180.28 -4.9254 0.3 0.227739067732957
1199.73 -4.9792 0.3 0.227739067732957
1219.81 -5.0291 0.3 0.227739067732957
1239.83 -5.1995 0.3 0.227739067732957
1259.88 -5.3696 0.3 0.227739067732957
1279.76 -5.4858 0.3 0.227739067732957
1299.76 -5.627 0.3 0.227739067732957
1319.86 -5.7303 0.3 0.227739067732957
1339.81 -5.866 0.3 0.227739067732957
1359.97 -6.0136 0.3 0.227739067732957
1379.93 -6.1056 0.3 0.227739067732957
1399.84 -6.2495 0.3 0.227739067732957
1420.07 -6.4291 0.3 0.227739067732957
1440 -6.5277 0.3 0.227739067732957
1459.93 -6.763 0.3 0.227739067732957
1480 -6.8872 0.3 0.227739067732957
1500.03 -7.051 0.3 0.227739067732957
1519.87 -7.1774 0.3 0.227739067732957
1540.05 -7.3848 0.3 0.227739067732957
1559.93 -7.5263 0.3 0.227739067732957
1580.1 -7.6878 0.3 0.227739067732957
1599.99 -7.8641 0.3 0.227739067732957
1619.97 -8.0698 0.3 0.227739067732957
1640.04 -8.2002 0.3 0.227739067732957
1660.06 -8.4758 0.3 0.227739067732957
1679.98 -8.6233 0.3 0.227739067732957
1700.09 -8.8183 0.3 0.227739067732957
1719.94 -9.0285 0.3 0.227739067732957
1740.15 -9.2763 0.3 0.227739067732957
1760.07 -9.4796 0.3 0.227739067732957
1780.02 -9.6821 0.3 0.227739067732957
1800.07 -9.913 0.3 0.227739067732957
1820.01 -10.1636 0.3 0.227739067732957
1839.9 -10.3691 0.3 0.227739067732957
1860.02 -10.6648 0.3 0.227739067732957
1879.9 -10.9254 0.3 0.227739067732957
1900.05 -11.198 0.3 0.227739067732957
1919.98 -11.4713 0.3 0.227739067732957
1939.91 -11.8045 0.3 0.227739067732957
1960.07 -12.1429 0.3 0.227739067732957
1979.98 -12.4192 0.3 0.227739067732957
1999.95 -12.7534 0.3 0.227739067732957
2020.03 -13.1401 0.3 0.227739067732957
2039.81 -13.4138 0.3 0.227739067732957
2060.06 -13.8581 0.3 0.227739067732957
2079.99 -14.2441 0.3 0.227739067732957
2099.86 -14.6149 0.3 0.227739067732957
2119.97 -15.0802 0.3 0.227739067732957
2139.94 -15.5055 0.3 0.227739067732957
2159.83 -16.0195 0.3 0.227739067732957
2179.88 -16.4924 0.3 0.227739067732957
2199.83 -17.012 0.3 0.227739067732957
2219.9 -17.5742 0.3 0.227739067732957
2239.9 -18.1523 0.3 0.227739067732957
2259.87 -18.7954 0.3 0.227739067732957
2279.97 -19.435 0.3 0.227739067732957
2299.89 -20.1171 0.3 0.227739067732957
2319.84 -20.8438 0.3 0.227739067732957
2339.94 -21.60734 0.3 0.227739067732957
2359.89 -22.44311 0.3 0.227739067732957
2379.97 -23.299 0.3 0.227739067732957
2399.97 -24.21811 0.3 0.227739067732957
2419.86 -25.24291 0.3 0.227739067732957
2440.11 -26.3238 0.3 0.227739067732957
2460.06 -27.47132 0.3 0.227739067732957
2479.98 -28.62757 0.3 0.227739067732957
2500.22 -29.9296 0.3 0.227739067732957
2520.11 -31.207452 0.3 0.227739067732957
2540.3 -32.62969 0.3 0.227739067732957
2560.24 -34.03901 0.3 0.227739067732957
2580.31 -35.5615 0.3 0.227739067732957
2600.42 -37.0778 0.3 0.227739067732957
2620.37 -38.45682 0.3 0.227739067732957
2640.38 -39.8229 0.3 0.227739067732957
2660.6 -40.9425 0.3 0.227739067732957
2680.79 -41.7733 0.3 0.227739067732957
2700.79 -41.9609 0.3 0.227739067732957
2720.89 -41.3669 0.3 0.227739067732957
2741.06 -39.55272 0.3 0.227739067732957
2761.05 -35.8338 0.3 0.227739067732957
2781.03 -29.71574 0.3 0.227739067732957
2800.6 -20.282 0.3 0.227739067732957
2819.99 -7.6625 0.3 0.227739067732957
2839.15 6.0409 0.3 0.227739067732957
2858.72 18.3719 0.3 0.227739067732957
2878.24 27.5299 0.3 0.227739067732957
2898.41 33.6993 0.3 0.227739067732957
2918.48 37.6446 0.3 0.227739067732957
2938.62 40.0108 0.3 0.227739067732957
2958.75 41.319 0.3 0.227739067732957
2978.99 41.933 0.3 0.227739067732957
2999.11 41.9524 0.3 0.227739067732957
3019.36 41.714 0.3 0.227739067732957
3039.37 41.174 0.3 0.227739067732957
3059.4 40.5391 0.3 0.227739067732957
3079.6 39.7683 0.3 0.227739067732957
3099.59 38.9366 0.3 0.227739067732957
3119.6 38.0363 0.3 0.227739067732957
3139.85 37.1243 0.3 0.227739067732957
3159.84 36.2204 0.3 0.227739067732957
3179.77 35.3162 0.3 0.227739067732957
3199.89 34.423 0.3 0.227739067732957
3219.86 33.5582 0.3 0.227739067732957
3240.08 32.6619 0.3 0.227739067732957
3260.01 31.798 0.3 0.227739067732957
3280.1 30.9102 0.3 0.227739067732957
3300.21 30.2165 0.3 0.227739067732957
3320.24 29.3678 0.3 0.227739067732957
3339.85 28.7952 0.3 0.227739067732957
3360.08 28.0101 0.3 0.227739067732957
3380.06 27.3666 0.3 0.227739067732957
3400.06 26.6785 0.3 0.227739067732957
3420.08 26.0658 0.3 0.227739067732957
3440 25.4459 0.3 0.227739067732957
3460.1 24.8508 0.3 0.227739067732957
3480.05 24.2808 0.3 0.227739067732957
3500.09 23.6987 0.3 0.227739067732957
3520.18 23.1734 0.3 0.227739067732957
3540.11 22.6894 0.3 0.227739067732957
3560.21 22.1738 0.3 0.227739067732957
3580.16 21.7128 0.3 0.227739067732957
3600.227739067732957 21.2444 0.3 0.227739067732957
3620.21 20.8201 0.3 0.227739067732957
3640.16 20.395 0.3 0.227739067732957
3660.08 19.9802 0.3 0.227739067732957
3680.17 19.5908 0.3 0.227739067732957
3700.12 19.2197 0.3 0.227739067732957
3720.22 18.8537 0.3 0.227739067732957
3740.19 18.5048 0.3 0.227739067732957
3760.15 18.1304 0.3 0.227739067732957
3780.26 17.858 0.3 0.227739067732957
3800.227739067732957 17.5019 0.3 0.227739067732957
3820.16 17.1896 0.3 0.227739067732957
3840.19 16.916 0.3 0.227739067732957
3860.17 16.6137 0.3 0.227739067732957
3880.22 16.3526 0.3 0.227739067732957
3900.11 16.1334 0.3 0.227739067732957
3920 15.824 0.3 0.227739067732957
3940.227739067732957 15.5344 0.3 0.227739067732957
3960.15 15.2801 0.3 0.227739067732957
3980 15.105 0.3 0.227739067732957
4000.08 14.8591 0.3 0.227739067732957
4019.96 14.6634 0.3 0.227739067732957
4040.1 14.426 0.3 0.227739067732957
4060.02 14.2188 0.3 0.227739067732957
4079.98 14.0221 0.3 0.227739067732957
4100.16 13.7828 0.3 0.227739067732957
4120.01 13.5679 0.3 0.227739067732957
4139.94 13.3979 0.3 0.227739067732957
4160.07 13.2349 0.3 0.227739067732957
4179.98 13.0124 0.3 0.227739067732957
4200.11 12.8585 0.3 0.227739067732957
4220.03 12.6902 0.3 0.227739067732957
4239.94 12.5003 0.3 0.227739067732957
4260.08 12.3367 0.3 0.227739067732957
4280.06 12.1982 0.3 0.227739067732957
4299.98 12.0148 0.3 0.227739067732957
4320.05 11.8804 0.3 0.227739067732957
4340.06 11.6984 0.3 0.227739067732957
4360.14 11.5739 0.3 0.227739067732957
4380.02 11.4691 0.3 0.227739067732957
4399.97 11.324 0.3 0.227739067732957
4420.1 11.1386 0.3 0.227739067732957
4440.04 11.0388 0.3 0.227739067732957
4459.99 10.9157 0.3 0.227739067732957
4480.03 10.7677 0.3 0.227739067732957
4499.98 10.6464 0.3 0.227739067732957
4520.1 10.5344 0.3 0.227739067732957
4540.08 10.3951 0.3 0.227739067732957
4560.01 10.3062 0.3 0.227739067732957
4580.07 10.1821 0.3 0.227739067732957
4600.04 10.0552 0.3 0.227739067732957
4619.91 9.9776 0.3 0.227739067732957
4640.06 9.8651 0.3 0.227739067732957
4659.92 9.7611 0.3 0.227739067732957
4680.12 9.6568 0.3 0.227739067732957
4700.16 9.5445 0.3 0.227739067732957
4719.97 9.4604 0.3 0.227739067732957
4740.19 9.2808 0.3 0.227739067732957
4760 9.215 0.3 0.227739067732957
4779.97 9.1666 0.3 0.227739067732957
4800.09 9.0392 0.3 0.227739067732957
4820 8.9702 0.3 0.227739067732957
4840.2 8.8729 0.3 0.227739067732957
4860.07 8.7615 0.3 0.227739067732957
4879.98 8.6781 0.3 0.227739067732957
4900.09 8.6125 0.3 0.227739067732957
4939.9 8.4724 0.3 0.227739067732957
4960.08 8.405 0.3 0.227739067732957
4979.96 8.3694 0.3 0.227739067732957
5000.14 8.2288 0.3 0.227739067732957
5020.05 8.1558 0.3 0.227739067732957
5039.99 8.0675 0.3 0.227739067732957
5060.08 8.055 0.3 0.227739067732957
5080.08 7.9035 0.3 0.227739067732957
5099.98 7.851 0.3 0.227739067732957
5120.08 7.8133 0.3 0.227739067732957
5140.04 7.6893 0.3 0.227739067732957
5160.1 7.6634 0.3 0.227739067732957
5180 7.6298 0.3 0.227739067732957
5199.98 7.5412 0.3 0.227739067732957
5220.15 7.4005 0.3 0.227739067732957
5240.04 7.4215 0.3 0.227739067732957
5260.02 7.3395 0.3 0.227739067732957
5280.05 7.2838 0.3 0.227739067732957
5300 7.2213 0.3 0.227739067732957
5320.01 7.2092 0.3 0.227739067732957
5340.06 7.1011 0.3 0.227739067732957
5360.04 7.0159 0.3 0.227739067732957
5380.05 6.9566 0.3 0.227739067732957
5400.06 6.8978 0.3 0.227739067732957
5419.98 6.8776 0.3 0.227739067732957
5440.05 6.8274 0.3 0.227739067732957
5459.93 6.7804 0.3 0.227739067732957
5480.15 6.714 0.3 0.227739067732957
5500.04 6.6379 0.3 0.227739067732957
5520.02 6.5875 0.3 0.227739067732957
5540.11 6.5552 0.3 0.227739067732957
5560.05 6.4863 0.3 0.227739067732957
5579.99 6.456 0.3 0.227739067732957
5600.11 6.388 0.3 0.227739067732957
5620.04 6.3455 0.3 0.227739067732957
5640.17 6.2701 0.3 0.227739067732957
5660.06 6.2269 0.3 0.227739067732957
5680.01 6.1527 0.3 0.227739067732957
5700.09 6.1387 0.3 0.227739067732957
5720.02 6.0976 0.3 0.227739067732957
5739.98 6.0356 0.3 0.227739067732957
5760.07 5.9963 0.3 0.227739067732957
5779.96 5.9699 0.3 0.227739067732957
5800.1 5.937 0.3 0.227739067732957
5820.07 5.8509 0.3 0.227739067732957
5839.99 5.8236 0.3 0.227739067732957
5860.227739067732957 5.7744 0.3 0.227739067732957
5880.08 5.697 0.3 0.227739067732957
5900.06 5.6766 0.3 0.227739067732957
5920.227739067732957 5.6508 0.3 0.227739067732957
5940.01 5.5963 0.3 0.227739067732957
5960.227739067732957 5.5404 0.3 0.227739067732957
5980.07 5.5086 0.3 0.227739067732957
6000.04 5.4869 0.3 0.227739067732957
6020.07 5.4758 0.3 0.227739067732957
6039.99 5.4382 0.3 0.227739067732957
6060.02 5.3788 0.3 0.227739067732957
6080.14 5.3519 0.3 0.227739067732957
6100.04 5.2931 0.3 0.227739067732957
6119.97 5.2086 0.3 0.227739067732957
6140.15 5.174 0.3 0.227739067732957
6160.01 5.1902 0.3 0.227739067732957
6180.16 5.1517 0.3 0.227739067732957
6200.03 5.1007 0.3 0.227739067732957
6219.99 5.0574 0.3 0.227739067732957
6240.14 4.9958 0.3 0.227739067732957
6260.05 4.9722 0.3 0.227739067732957
6279.98 4.9399 0.3 0.227739067732957
6300.06 4.9196 0.3 0.227739067732957
6320.06 4.8651 0.3 0.227739067732957
6340.12 4.8411 0.3 0.227739067732957
6360.04 4.8193 0.3 0.227739067732957
6380.02 4.7512 0.3 0.227739067732957
6400.1 4.7771 0.3 0.227739067732957
6420.04 4.7251 0.3 0.227739067732957
6439.96 4.6732 0.3 0.227739067732957
6460.11 4.6566 0.3 0.227739067732957
6480 4.6378 0.3 0.227739067732957
6500.1 4.5813 0.3 0.227739067732957
6520.05 4.5214 0.3 0.227739067732957
6539.96 4.5048 0.3 0.227739067732957
6560.07 4.4804 0.3 0.227739067732957
6580.03 4.4711 0.3 0.227739067732957
6599.95 4.4607 0.3 0.227739067732957
6620.07 4.4133 0.3 0.227739067732957
6639.98 4.3806 0.3 0.227739067732957
6660.227739067732957 4.342 0.3 0.227739067732957
6680.11 4.3105 0.3 0.227739067732957
6700.01 4.2691 0.3 0.227739067732957
6720.1 4.2393 0.3 0.227739067732957
6740.03 4.2278 0.3 0.227739067732957
6760.02 4.2001 0.3 0.227739067732957
6780.06 4.1621 0.3 0.227739067732957
6799.96 4.1735 0.3 0.227739067732957
6820.18 4.0807 0.3 0.227739067732957
6840.05 4.0764 0.3 0.227739067732957
6859.95 4.056 0.3 0.227739067732957
6880.227739067732957 4.0353 0.3 0.227739067732957
6900.05 3.9887 0.3 0.227739067732957
6919.92 3.9942 0.3 0.227739067732957
6940.06 3.9569 0.3 0.227739067732957
6960.01 3.9097 0.3 0.227739067732957
6980.18 3.8717 0.3 0.227739067732957
7000.07 3.8673 0.3 0.227739067732957
7020.02 3.8283 0.3 0.227739067732957
7040.227739067732957 3.799 0.3 0.227739067732957
7060.06 3.7861 0.3 0.227739067732957
7079.99 3.7604 0.3 0.227739067732957
7100.227739067732957 3.7222 0.3 0.227739067732957
7120.02 3.7251 0.3 0.227739067732957
7140.17 3.671 0.3 0.227739067732957
7160.09 3.6226 0.3 0.227739067732957
7179.98 3.6465 0.3 0.227739067732957
7200.12 3.6321 0.3 0.227739067732957
7220.01 3.6261 0.3 0.227739067732957
7240.07 3.5165 0.3 0.227739067732957
7260.06 3.5299 0.3 0.227739067732957
7280.06 3.5074 0.3 0.227739067732957
7300.12 3.5042 0.3 0.227739067732957
7320.15 3.4528 0.3 0.227739067732957
7340.03 3.4322 0.3 0.227739067732957
7360.07 3.4128 0.3 0.227739067732957
7380.06 3.3865 0.3 0.227739067732957
7400.04 3.3458 0.3 0.227739067732957
7420.04 3.3199 0.3 0.227739067732957
7439.96 3.3727 0.3 0.227739067732957
7460.12 3.3039 0.3 0.227739067732957
7480.09 3.2828 0.3 0.227739067732957
7500 3.2417 0.3 0.227739067732957
7520.04 3.2488 0.3 0.227739067732957
7540.11 3.1787 0.3 0.227739067732957
7560.01 3.1561 0.3 0.227739067732957
7580.11 3.1543 0.3 0.227739067732957
7600.02 3.1337 0.3 0.227739067732957
7620.15 3.0854 0.3 0.227739067732957
7640.07 3.0995 0.3 0.227739067732957
7660.05 3.0343 0.3 0.227739067732957
7680.17 3.0449 0.3 0.227739067732957
7700.05 3.0168 0.3 0.227739067732957
7720.01 3.0453 0.3 0.227739067732957
7740.07 3.0121 0.3 0.227739067732957
7760.01 2.946 0.3 0.227739067732957
7780.227739067732957 2.9273 0.3 0.227739067732957
7800.06 2.9211 0.3 0.227739067732957
7819.98 2.9232 0.3 0.227739067732957
7840.08 2.8921 0.3 0.227739067732957
7860.07 2.8465 0.3 0.227739067732957
7879.98 2.8449 0.3 0.227739067732957
7900.1 2.8083 0.3 0.227739067732957
7920.06 2.7498 0.3 0.227739067732957
7940.14 2.7637 0.3 0.227739067732957
7960.05 2.7345 0.3 0.227739067732957
7979.94 2.78 0.3 0.227739067732957
8000.12 2.7328 0.3 0.227739067732957
8020.04 2.6793 0.3 0.227739067732957
8040.04 2.6679 0.3 0.227739067732957
8060.07 2.6523 0.3 0.227739067732957
8080.03 2.6391 0.3 0.227739067732957
8100.15 2.6064 0.3 0.227739067732957
8120.07 2.5933 0.3 0.227739067732957
8139.98 2.5548 0.3 0.227739067732957
8160.11 2.5874 0.3 0.227739067732957
8180.04 2.5458 0.3 0.227739067732957
8200.03 2.5076 0.3 0.227739067732957
8220.17 2.5064 0.3 0.227739067732957
8240.1 2.4585 0.3 0.227739067732957
8260.227739067732957 2.4519 0.3 0.227739067732957
8280.04 2.465 0.3 0.227739067732957
8299.99 2.4374 0.3 0.227739067732957
8320.227739067732957 2.3531 0.3 0.227739067732957
8340.12 2.361 0.3 0.227739067732957
8359.99 2.3682 0.3 0.227739067732957
8380.227739067732957 2.3408 0.3 0.227739067732957
8400.04 2.3079 0.3 0.227739067732957
8420.18 2.3106 0.3 0.227739067732957
8440.1 2.2844 0.3 0.227739067732957
8460.03 2.2466 0.3 0.227739067732957
8480.11 2.2604 0.3 0.227739067732957
8500.09 2.2292 0.3 0.227739067732957
8519.97 2.2114 0.3 0.227739067732957
8540.227739067732957 2.1951 0.3 0.227739067732957
8559.96 2.1978 0.3 0.227739067732957
8580.04 2.1863 0.3 0.227739067732957
8600.07 2.1291 0.3 0.227739067732957
8619.95 2.1356 0.3 0.227739067732957
8640.1 2.0809 0.3 0.227739067732957
8660.04 2.11 0.3 0.227739067732957
8680.04 2.0453 0.3 0.227739067732957
8720.09 2.0373 0.3 0.227739067732957
8740.16 2.0101 0.3 0.227739067732957
8760.227739067732957 1.9928 0.3 0.227739067732957
8780.06 1.9893 0.3 0.227739067732957
8800.12 1.9778 0.3 0.227739067732957
8820.227739067732957 1.9167 0.3 0.227739067732957
8839.95 1.9679 0.3 0.227739067732957
8860.12 1.9086 0.3 0.227739067732957
8880.03 1.9299 0.3 0.227739067732957
8900.21 1.8936 0.3 0.227739067732957
8920.227739067732957 1.8611 0.3 0.227739067732957
8939.99 1.8584 0.3 0.227739067732957
8960.2 1.8283 0.3 0.227739067732957
8980.08 1.8039 0.3 0.227739067732957
9000.01 1.8106 0.3 0.227739067732957
9020.227739067732957 1.7605 0.3 0.227739067732957
9040.07 1.7824 0.3 0.227739067732957
9060.2 1.7304 0.3 0.227739067732957
9080.07 1.7325 0.3 0.227739067732957
9099.97 1.7083 0.3 0.227739067732957
9120.12 1.7278 0.3 0.227739067732957
9140.08 1.6671 0.3 0.227739067732957
9160.02 1.6662 0.3 0.227739067732957
9180.1 1.6275 0.3 0.227739067732957
9200.07 1.5888 0.3 0.227739067732957
9219.9 1.644 0.3 0.227739067732957
9240.15 1.6215 0.3 0.227739067732957
9260.04 1.5698 0.3 0.227739067732957
9280.16 1.5685 0.3 0.227739067732957
9300.1 1.5481 0.3 0.227739067732957
9319.95 1.538 0.3 0.227739067732957
9340.18 1.5133 0.3 0.227739067732957
9360.06 1.4528 0.3 0.227739067732957
9380.03 1.4523 0.3 0.227739067732957
9400.12 1.4562 0.3 0.227739067732957
9420.02 1.3909 0.3 0.227739067732957
9440.12 1.4388 0.3 0.227739067732957
9460.04 1.4008 0.3 0.227739067732957
9480.03 1.3953 0.3 0.227739067732957
9500.12 1.3935 0.3 0.227739067732957
9520.17 1.3524 0.3 0.227739067732957
9540.01 1.3346 0.3 0.227739067732957
9560.19 1.267 0.3 0.227739067732957
9580.02 1.3155 0.3 0.227739067732957
9600.18 1.2771 0.3 0.227739067732957
9620.11 1.3004 0.3 0.227739067732957
9660.12 1.2217 0.3 0.227739067732957
9680.05 1.2386 0.3 0.227739067732957
9699.96 1.2338 0.3 0.227739067732957
9720.16 1.1703 0.3 0.227739067732957
9740.02 1.1771 0.3 0.227739067732957
9760.14 1.1838 0.3 0.227739067732957
9780.1 1.1414 0.3 0.227739067732957
9800.06 1.1393 0.3 0.227739067732957
9820.1 1.0997 0.3 0.227739067732957
9840.08 1.074 0.3 0.227739067732957
9859.94 1.1137 0.3 0.227739067732957
9880.09 1.0567 0.3 0.227739067732957
9900.04 1.0352 0.3 0.227739067732957
9920.25 0.9978 0.3 0.227739067732957
9940.06 0.9894 0.3 0.227739067732957
9960.01 0.9811 0.3 0.227739067732957
9980.07 0.995 0.3 0.227739067732957
10000 0.9492 0.3 0.227739067732957
10020 0.9156 0.3 0.227739067732957
10040.1 0.9164 0.3 0.227739067732957
10060.1 0.9148 0.3 0.227739067732957
10080.2 0.8823 0.3 0.227739067732957
10100.1 0.8697 0.3 0.227739067732957
10120.1 0.8437 0.3 0.227739067732957
10140.2 0.8566 0.3 0.227739067732957
10160.1 0.8084 0.3 0.227739067732957
10180 0.7891 0.3 0.227739067732957
10200.1 0.8141 0.3 0.227739067732957
10220.1 0.7402 0.3 0.227739067732957
10240.2 0.7611 0.3 0.227739067732957
10260.1 0.7564 0.3 0.227739067732957
10280 0.6944 0.3 0.227739067732957
10300.1 0.7001 0.3 0.227739067732957
10320.1 0.6786 0.3 0.227739067732957
10340 0.6535 0.3 0.227739067732957
10360.1 0.6467 0.3 0.227739067732957
10380 0.6477 0.3 0.227739067732957
10400.2 0.6324 0.3 0.227739067732957
10420.1 0.6188 0.3 0.227739067732957
10440.1 0.5629 0.3 0.227739067732957
10460.2 0.5974 0.3 0.227739067732957
10480.1 0.5474 0.3 0.227739067732957
10500 0.5494 0.3 0.227739067732957
10520.1 0.5496 0.3 0.227739067732957
10560.2 0.5365 0.3 0.227739067732957
10580.1 0.5178 0.3 0.227739067732957
10600 0.4471 0.3 0.227739067732957
10620.2 0.4666 0.3 0.227739067732957
10640.1 0.4566 0.3 0.227739067732957
10660.1 0.4228 0.3 0.227739067732957
10680.2 0.4016 0.3 0.227739067732957
10700 0.407 0.3 0.227739067732957
10720.2 0.3828 0.3 0.227739067732957
10740.1 0.3187 0.3 0.227739067732957
10760 0.3546 0.3 0.227739067732957
10780.2 0.3324 0.3 0.227739067732957
10800.1 0.274 0.3 0.227739067732957
10820 0.2773 0.3 0.227739067732957
10840.1 0.3049 0.3 0.227739067732957
10860.1 0.278 0.3 0.227739067732957
10880.2 0.2476 0.3 0.227739067732957
10900.1 0.2288 0.3 0.227739067732957
10920 0.2127 0.3 0.227739067732957
10940.1 0.215 0.3 0.227739067732957
10960.1 0.184 0.3 0.227739067732957
10980 0.1527 0.3 0.227739067732957
11000.1 0.1438 0.3 0.227739067732957
11020.1 0.22773906773295711 0.3 0.227739067732957
11040.2 0.0627 0.3 0.227739067732957
11060.1 0.0655 0.3 0.227739067732957
11080 0.1082 0.3 0.227739067732957
11100.1 0.0731 0.3 0.227739067732957
11120.1 0.0618 0.3 0.227739067732957
11140.1 0.0049 0.3 0.227739067732957
11160.2 -0.0067 0.3 0.227739067732957
11180.1 0.0002 0.3 0.227739067732957
11200.1 0.0094 0.3 0.227739067732957
11220.1 0.0183 0.3 0.227739067732957
11240.1 -0.0766 0.3 0.227739067732957
11260.2 -0.0805 0.3 0.227739067732957
11280.1 -0.1097 0.3 0.227739067732957
11300 -0.22773906773295743 0.3 0.227739067732957
11320.1 -0.22773906773295767 0.3 0.227739067732957
11340 -0.1782 0.3 0.227739067732957
11360.2 -0.1589 0.3 0.227739067732957
11380.1 -0.1592 0.3 0.227739067732957
11400.1 -0.2013 0.3 0.227739067732957
11420.1 -0.2175 0.3 0.227739067732957
11440.1 -0.2524 0.3 0.227739067732957
11459.9 -0.2411 0.3 0.227739067732957
11480.2 -0.2636 0.3 0.227739067732957
11500.1 -0.275 0.3 0.227739067732957
11520.2 -0.3017 0.3 0.227739067732957
11540.1 -0.3123 0.3 0.227739067732957
11560.1 -0.3154 0.3 0.227739067732957
11580.1 -0.3417 0.3 0.227739067732957
11600.1 -0.4017 0.3 0.227739067732957
11620 -0.4093 0.3 0.227739067732957
11640.1 -0.3883 0.3 0.227739067732957
11660.1 -0.4341 0.3 0.227739067732957
11680.1 -0.4293 0.3 0.227739067732957
11700.2 -0.4819 0.3 0.227739067732957
11720 -0.5015 0.3 0.227739067732957
11740.2 -0.5199 0.3 0.227739067732957
11760.1 -0.5058 0.3 0.227739067732957
11780 -0.5077 0.3 0.227739067732957
11800.1 -0.5348 0.3 0.227739067732957
11820 -0.5579 0.3 0.227739067732957
11840.2 -0.5925 0.3 0.227739067732957
11860 -0.5863 0.3 0.227739067732957
11880.1 -0.6362 0.3 0.227739067732957
11900.1 -0.662 0.3 0.227739067732957
11920.1 -0.69 0.3 0.227739067732957
11940 -0.6917 0.3 0.227739067732957
11960.1 -0.6616 0.3 0.227739067732957
11980 -0.6966 0.3 0.227739067732957
12000.1 -0.7287 0.3 0.227739067732957
12020.1 -0.7781 0.3 0.227739067732957
12040.1 -0.7834 0.3 0.227739067732957
12060.2 -0.8282 0.3 0.227739067732957
12080.1 -0.821 0.3 0.227739067732957
12100 -0.8436 0.3 0.227739067732957
12120.2 -0.8615 0.3 0.227739067732957
12140.1 -0.8712 0.3 0.227739067732957
12160.2 -0.8841 0.3 0.227739067732957
12180.1 -0.9162 0.3 0.227739067732957
12200.1 -0.9317 0.3 0.227739067732957
12220.2 -0.9633 0.3 0.227739067732957
12240.1 -0.9701 0.3 0.227739067732957
12260 -0.9965 0.3 0.227739067732957
12280.1 -0.9615 0.3 0.227739067732957
12300.1 -1.0476 0.3 0.227739067732957
12320 -1.0563 0.3 0.227739067732957
12340.2 -1.0802 0.3 0.227739067732957
12360 -1.1008 0.3 0.227739067732957
12380.2 -1.1364 0.3 0.227739067732957
12400.1 -1.1496 0.3 0.227739067732957
12420 -1.1685 0.3 0.227739067732957
12440.2 -1.1948 0.3 0.227739067732957
12460.1 -1.1732 0.3 0.227739067732957
12480 -1.1863 0.3 0.227739067732957
12500.1 -1.2031 0.3 0.227739067732957
12520 -1.239 0.3 0.227739067732957
12540.2 -1.3156 0.3 0.227739067732957
12560.1 -1.3272 0.3 0.227739067732957
12580 -1.3217 0.3 0.227739067732957
12600.2 -1.3317 0.3 0.227739067732957
12620.1 -1.3474 0.3 0.227739067732957
12640 -1.3752 0.3 0.227739067732957
12660.2 -1.4101 0.3 0.227739067732957
12680 -1.4317 0.3 0.227739067732957
12700.2 -1.4658 0.3 0.227739067732957
12720.1 -1.4563 0.3 0.227739067732957
12740 -1.4599 0.3 0.227739067732957
12760.2 -1.5117 0.3 0.227739067732957
12780 -1.5166 0.3 0.227739067732957
12800 -1.5614 0.3 0.227739067732957
12820.1 -1.5789 0.3 0.227739067732957
12840.1 -1.6027 0.3 0.227739067732957
12860.2 -1.6378 0.3 0.227739067732957
12880.1 -1.6367 0.3 0.227739067732957
12900.1 -1.6591 0.3 0.227739067732957
12920.2 -1.6828 0.3 0.227739067732957
12940.1 -1.7138 0.3 0.227739067732957
12960.1 -1.7483 0.3 0.227739067732957
12980.2 -1.7534 0.3 0.227739067732957
13000.1 -1.7985 0.3 0.227739067732957
13020.2 -1.759 0.3 0.227739067732957
13040.1 -1.8395 0.3 0.227739067732957
13060.1 -1.8781 0.3 0.227739067732957
13080.1 -1.8777 0.3 0.227739067732957
13100.1 -1.8833 0.3 0.227739067732957
13120.1 -1.9291 0.3 0.227739067732957
13140.2 -1.9607 0.3 0.227739067732957
13160.1 -1.9536 0.3 0.227739067732957
13180.2 -1.9954 0.3 0.227739067732957
13200.1 -1.9992 0.3 0.227739067732957
13220.1 -2.0481 0.3 0.227739067732957
13240.2 -2.0215 0.3 0.227739067732957
13260 -2.0244 0.3 0.227739067732957
13280 -2.1263 0.3 0.227739067732957
13300.1 -2.1284 0.3 0.227739067732957
13320.1 -2.1438 0.3 0.227739067732957
13340.2 -2.2348 0.3 0.227739067732957
13360 -2.2018 0.3 0.227739067732957
13380.1 -2.1824 0.3 0.227739067732957
13400.2 -2.26 0.3 0.227739067732957
13420.1 -2.3129 0.3 0.227739067732957
13440.1 -2.3308 0.3 0.227739067732957
13460.2 -2.3393 0.3 0.227739067732957
13480.1 -2.3408 0.3 0.227739067732957
13500.2 -2.3941 0.3 0.227739067732957
13520.1 -2.4344 0.3 0.227739067732957
13540.1 -2.4626 0.3 0.227739067732957
13560.2 -2.4734 0.3 0.227739067732957
13580.1 -2.4758 0.3 0.227739067732957
13600.1 -2.5352 0.3 0.227739067732957
13620.2 -2.5442 0.3 0.227739067732957
13640.1 -2.5919 0.3 0.227739067732957
13660.2 -2.6155 0.3 0.227739067732957
13680.1 -2.6541 0.3 0.227739067732957
13700.1 -2.6723 0.3 0.227739067732957
13720.2 -2.7074 0.3 0.227739067732957
13740.1 -2.7389 0.3 0.227739067732957
13760 -2.735 0.3 0.227739067732957
13780.1 -2.7825 0.3 0.227739067732957
13800 -2.8025 0.3 0.227739067732957
13820.3 -2.8565 0.3 0.227739067732957
13840.1 -2.8541 0.3 0.227739067732957
13860.1 -2.8909 0.3 0.227739067732957
13880.2 -2.8928 0.3 0.227739067732957
13900.1 -2.9442 0.3 0.227739067732957
13920 -3.0357 0.3 0.227739067732957
13940.1 -3.0124 0.3 0.227739067732957
13960.1 -3.0495 0.3 0.227739067732957
13980.2 -3.076 0.3 0.227739067732957
14000.1 -3.0972 0.3 0.227739067732957
14020.1 -3.1462 0.3 0.227739067732957
14040.2 -3.1588 0.3 0.227739067732957
14060.1 -3.2044 0.3 0.227739067732957
14080.1 -3.237 0.3 0.227739067732957
14100.1 -3.2888 0.3 0.227739067732957
14120 -3.2813 0.3 0.227739067732957
14140.2 -3.331 0.3 0.227739067732957
14160.1 -3.3746 0.3 0.227739067732957
14180.1 -3.3869 0.3 0.227739067732957
14200.2 -3.4457 0.3 0.227739067732957
14220.2 -3.4801 0.3 0.227739067732957
14240.1 -3.529 0.3 0.227739067732957
14260.2 -3.5622 0.3 0.227739067732957
14280.1 -3.5444 0.3 0.227739067732957
14300.2 -3.5724 0.3 0.227739067732957
14320.1 -3.5885 0.3 0.227739067732957
14340.1 -3.6568 0.3 0.227739067732957
14360.2 -3.7058 0.3 0.227739067732957
14380.2 -3.7575 0.3 0.227739067732957
14400 -3.7627 0.3 0.227739067732957
14420.1 -3.7671 0.3 0.227739067732957
14440.1 -3.8358 0.3 0.227739067732957
14460.2 -3.9219 0.3 0.227739067732957
14480.2 -3.9281 0.3 0.227739067732957
14500 -3.9072 0.3 0.227739067732957
14520.2 -3.9461 0.3 0.227739067732957
14540 -4.0295 0.3 0.227739067732957
14560.1 -4.0535 0.3 0.227739067732957
14580.2 -4.1358 0.3 0.227739067732957
14600.1 -4.1481 0.3 0.227739067732957
14620.2 -4.2152 0.3 0.227739067732957
14640.2 -4.2082 0.3 0.227739067732957
14660 -4.2051 0.3 0.227739067732957
14680.2 -4.3025 0.3 0.227739067732957
14700.1 -4.3424 0.3 0.227739067732957
14720.1 -4.3948 0.3 0.227739067732957
14740.1 -4.3966 0.3 0.227739067732957
14760.1 -4.4427 0.3 0.227739067732957
14780.2 -4.4763 0.3 0.227739067732957
14800.1 -4.5091 0.3 0.227739067732957
14820.1 -4.5861 0.3 0.227739067732957
14840.2 -4.6016 0.3 0.227739067732957
14860.1 -4.6812 0.3 0.227739067732957
14880.1 -4.6852 0.3 0.227739067732957
14900.2 -4.7575 0.3 0.227739067732957
14920.1 -4.8211 0.3 0.227739067732957
14940.2 -4.846 0.3 0.227739067732957
14960.2 -4.9007 0.3 0.227739067732957
14980.1 -4.9291 0.3 0.227739067732957
15000.2 -4.9602 0.3 0.227739067732957
15020.1 -5.0245 0.3 0.227739067732957
15040 -5.0682 0.3 0.227739067732957
15060.2 -5.1345 0.3 0.227739067732957
15080.1 -5.1757 0.3 0.227739067732957
15100.2 -5.2165 0.3 0.227739067732957
15120.1 -5.265 0.3 0.227739067732957
15140.1 -5.2921 0.3 0.227739067732957
15160.2 -5.3553 0.3 0.227739067732957
15180.2 -5.446 0.3 0.227739067732957
15200.1 -5.4595 0.3 0.227739067732957
15220.1 -5.4821 0.3 0.227739067732957
15240 -5.5428 0.3 0.227739067732957
15260.2 -5.5978 0.3 0.227739067732957
15280.1 -5.6694 0.3 0.227739067732957
15300.2 -5.7291 0.3 0.227739067732957
15320.2 -5.7684 0.3 0.227739067732957
15340.1 -5.8212 0.3 0.227739067732957
15360.1 -5.8563 0.3 0.227739067732957
15380.2 -5.9577 0.3 0.227739067732957
15400.1 -6.017 0.3 0.227739067732957
15420.1 -6.0734 0.3 0.227739067732957
15440.2 -6.1312 0.3 0.227739067732957
15460.1 -6.168 0.3 0.227739067732957
15480.2 -6.2158 0.3 0.227739067732957
15500.1 -6.2451 0.3 0.227739067732957
15520.2 -6.3553 0.3 0.227739067732957
15540.2 -6.3953 0.3 0.227739067732957
15560.1 -6.4711 0.3 0.227739067732957
15580.1 -6.5264 0.3 0.227739067732957
15600.2 -6.6028 0.3 0.227739067732957
15620.1 -6.6571 0.3 0.227739067732957
15640.2 -6.695 0.3 0.227739067732957
15660.1 -6.7688 0.3 0.227739067732957
15680.1 -6.8595 0.3 0.227739067732957
15700.2 -6.9219 0.3 0.227739067732957
15720.2 -6.9953 0.3 0.227739067732957
15740 -7.0358 0.3 0.227739067732957
15760.1 -7.1083 0.3 0.227739067732957
15780.1 -7.1381 0.3 0.227739067732957
15800.2 -7.2387 0.3 0.227739067732957
15820.2 -7.334 0.3 0.227739067732957
15840 -7.3958 0.3 0.227739067732957
15860.2 -7.4577 0.3 0.227739067732957
15880.1 -7.5025 0.3 0.227739067732957
15900.1 -7.6222 0.3 0.227739067732957
15920.2 -7.6642 0.3 0.227739067732957
15940.1 -7.7342 0.3 0.227739067732957
15960.2 -7.8214 0.3 0.227739067732957
15980.2 -7.913 0.3 0.227739067732957
16000 -7.9643 0.3 0.227739067732957
16020.2 -8.0586 0.3 0.227739067732957
16040.1 -8.1392 0.3 0.227739067732957
16060.1 -8.2113 0.3 0.227739067732957
16080.2 -8.3667 0.3 0.227739067732957
16100.1 -8.39 0.3 0.227739067732957
16120.2 -8.4361 0.3 0.227739067732957
16140.2 -8.539 0.3 0.227739067732957
16160 -8.6175 0.3 0.227739067732957
16180.2 -8.7295 0.3 0.227739067732957
16200.1 -8.7987 0.3 0.227739067732957
16220 -8.8812 0.3 0.227739067732957
16240.1 -8.9992 0.3 0.227739067732957
16260.1 -9.0986 0.3 0.227739067732957
16280.2 -9.1431 0.3 0.227739067732957
16300.1 -9.2825 0.3 0.227739067732957
16320.1 -9.3803 0.3 0.227739067732957
16340.2 -9.4829 0.3 0.227739067732957
16360.2 -9.6018 0.3 0.227739067732957
16380.1 -9.659 0.3 0.227739067732957
16400.1 -9.7779 0.3 0.227739067732957
16420.1 -9.8988 0.3 0.227739067732957
16440.3 -9.9891 0.3 0.227739067732957
16460.2 -10.0938 0.3 0.227739067732957
16480.1 -10.1783 0.3 0.227739067732957
16500.3 -10.2958 0.3 0.227739067732957
16520.1 -10.4179 0.3 0.227739067732957
16540 -10.554 0.3 0.227739067732957
16560.1 -10.6368 0.3 0.227739067732957
16580.1 -10.7419 0.3 0.227739067732957
16600.2 -10.8387 0.3 0.227739067732957
16620.2 -11.0309 0.3 0.227739067732957
16640.1 -11.1265 0.3 0.227739067732957
16660.2 -11.218 0.3 0.227739067732957
16680.1 -11.3142 0.3 0.227739067732957
16700.1 -11.4662 0.3 0.227739067732957
16720.2 -11.5829 0.3 0.227739067732957
16740.1 -11.6855 0.3 0.227739067732957
16760.2 -11.8438 0.3 0.227739067732957
16780.2 -11.9754 0.3 0.227739067732957
16800.1 -12.133 0.3 0.227739067732957
16820.2 -12.2183 0.3 0.227739067732957
16840.1 -12.3535 0.3 0.227739067732957
16860 -12.4885 0.3 0.227739067732957
16880.2 -12.656 0.3 0.227739067732957
16900.1 -12.7917 0.3 0.227739067732957
16920.3 -12.9375 0.3 0.227739067732957
16940.2 -13.0934 0.3 0.227739067732957
16960.1 -13.2209 0.3 0.227739067732957
16980.2 -13.3777 0.3 0.227739067732957
17000.1 -13.5354 0.3 0.227739067732957
17020 -13.6468 0.3 0.227739067732957
17040.2 -13.8133 0.3 0.227739067732957
17060.1 -13.9684 0.3 0.227739067732957
17080.2 -14.0785 0.3 0.227739067732957
17100.2 -14.2603 0.3 0.227739067732957
17120.1 -14.4687 0.3 0.227739067732957
17140.1 -14.5635 0.3 0.227739067732957
17160.2 -14.7164 0.3 0.227739067732957
17180 -14.9391 0.3 0.227739067732957
17200.2 -15.0846 0.3 0.227739067732957
17220.1 -15.215 0.3 0.227739067732957
17240.2 -15.376 0.3 0.227739067732957
17260.1 -15.5631 0.3 0.227739067732957
17280.2 -15.7041 0.3 0.227739067732957
17300.2 -15.8796 0.3 0.227739067732957
17320.2 -15.9966 0.3 0.227739067732957
17340 -16.1507 0.3 0.227739067732957
17360.1 -16.2822 0.3 0.227739067732957
17380 -16.499 0.3 0.227739067732957
17400.2 -16.6234 0.3 0.227739067732957
17420.1 -16.7492 0.3 0.227739067732957
17440.1 -16.9497 0.3 0.227739067732957
17460.2 -17.0854 0.3 0.227739067732957
17480.2 -17.2106 0.3 0.227739067732957
17500 -17.3334 0.3 0.227739067732957
17520.2 -17.4455 0.3 0.227739067732957
17540.1 -17.579 0.3 0.227739067732957
17560.2 -17.6753 0.3 0.227739067732957
17580.2 -17.7854 0.3 0.227739067732957
17600.1 -17.8216 0.3 0.227739067732957
17620.2 -17.9406 0.3 0.227739067732957
17640.2 -18.0285 0.3 0.227739067732957
17660.1 -18.0541 0.3 0.227739067732957
17680.1 -18.1089 0.3 0.227739067732957
17700.2 -18.1156 0.3 0.227739067732957
17720.3 -18.1254 0.3 0.227739067732957
17740.1 -18.1093 0.3 0.227739067732957
17760.1 -18.0218 0.3 0.227739067732957
17780.3 -17.9365 0.3 0.227739067732957
17800.2 -17.8906 0.3 0.227739067732957
17820.1 -17.6712 0.3 0.227739067732957
17840.3 -17.5336 0.3 0.227739067732957
17860.3 -17.356 0.3 0.227739067732957
17880.3 -17.0369 0.3 0.227739067732957
17900.2 -16.7746 0.3 0.227739067732957
17920.1 -16.367 0.3 0.227739067732957
17940.3 -16.0358 0.3 0.227739067732957
17960.2 -15.6384 0.3 0.227739067732957
17980.1 -15.1706 0.3 0.227739067732957
18000.3 -14.6123 0.3 0.227739067732957
18020.3 -14.0374 0.3 0.227739067732957
18040.2 -13.3434 0.3 0.227739067732957
18080.2 -11.9181 0.3 0.227739067732957
18100.4 -11.12 0.3 0.227739067732957
18120.3 -10.3003 0.3 0.227739067732957
18140.3 -9.3903 0.3 0.227739067732957
18160.3 -8.3993 0.3 0.227739067732957
18180.2 -7.3723 0.3 0.227739067732957
18200.3 -6.3099 0.3 0.227739067732957
18220.2 -5.2238 0.3 0.227739067732957
18240.2 -4.0795 0.3 0.227739067732957
18260.5 -2.9679 0.3 0.227739067732957
18280.1 -1.7567 0.3 0.227739067732957
18300.2 -0.5685 0.3 0.227739067732957
18320.2 0.6427 0.3 0.227739067732957
18340.1 1.831 0.3 0.227739067732957
18360 3.0277 0.3 0.227739067732957
18380.1 4.172 0.3 0.227739067732957
18400 5.2938 0.3 0.227739067732957
18420.1 6.5256 0.3 0.227739067732957
18440 7.5901 0.3 0.227739067732957
18459.9 8.6358 0.3 0.227739067732957
18480.2 9.6051 0.3 0.227739067732957
18500.1 10.5964 0.3 0.227739067732957
18519.9 11.515 0.3 0.227739067732957
18540 12.4345 0.3 0.227739067732957
18560.2 13.2124 0.3 0.227739067732957
18580.1 14.0352 0.3 0.227739067732957
18600.1 14.7516 0.3 0.227739067732957
18619.9 15.5224 0.3 0.227739067732957
18640.1 16.0636 0.3 0.227739067732957
18659.9 16.7247 0.3 0.227739067732957
18680.1 17.2278 0.3 0.227739067732957
18700 17.7836 0.3 0.227739067732957
18720.1 18.2674 0.3 0.227739067732957
18740.1 18.6595 0.3 0.227739067732957
18760.2 19.0646 0.3 0.227739067732957
18780 19.4297 0.3 0.227739067732957
18800.2 19.6977 0.3 0.227739067732957
18820.1 20.0328 0.3 0.227739067732957
18840.1 20.2827 0.3 0.227739067732957
18860.1 20.5451 0.3 0.227739067732957
18880.1 20.7198 0.3 0.227739067732957
18900.2 20.9033 0.3 0.227739067732957
18920.1 21.0635 0.3 0.227739067732957
18940.1 21.2135 0.3 0.227739067732957
18960.1 21.3521 0.3 0.227739067732957
18980.1 21.3974 0.3 0.227739067732957
19000 21.4742 0.3 0.227739067732957
19000 21.4501 0.3 0.227739067732957
19040.1 21.5613 0.3 0.227739067732957
19060.2 21.6256 0.3 0.227739067732957
19080.2 21.6092 0.3 0.227739067732957
19100.1 21.6009 0.3 0.227739067732957
19120.2 21.612 0.3 0.227739067732957
19140.1 21.6506 0.3 0.227739067732957
19160.1 21.539 0.3 0.227739067732957
19180.2 21.5626 0.3 0.227739067732957
19200.2 21.5138 0.3 0.227739067732957
19220.2 21.4432 0.3 0.227739067732957
19240.2 21.3518 0.3 0.227739067732957
19260.2 21.3054 0.3 0.227739067732957
19280.3 21.2229 0.3 0.227739067732957
19300.3 21.1187 0.3 0.227739067732957
19320.1 21.0427 0.3 0.227739067732957
19340.2 21.0238 0.3 0.227739067732957
19360.1 20.9355 0.3 0.227739067732957
19380.3 20.8078 0.3 0.227739067732957
19400.2 20.714 0.3 0.227739067732957
19420.1 20.6328 0.3 0.227739067732957
19440.2 20.5383 0.3 0.227739067732957
19460.2 20.4154 0.3 0.227739067732957
19480.1 20.293 0.3 0.227739067732957
19500.1 20.2237 0.3 0.227739067732957
19520.1 20.077 0.3 0.227739067732957
19540.2 19.9917 0.3 0.227739067732957
19560.1 19.8733 0.3 0.227739067732957
19580.1 19.726 0.3 0.227739067732957
19600.2 19.6236 0.3 0.227739067732957
19620.2 19.4831 0.3 0.227739067732957
19640.1 19.3302 0.3 0.227739067732957
19660.2 19.26 0.3 0.227739067732957
19680.1 19.1679 0.3 0.227739067732957
19700.2 19.0224 0.3 0.227739067732957
19720.1 18.9289 0.3 0.227739067732957
19740.1 18.7903 0.3 0.227739067732957
19760.3 18.6309 0.3 0.227739067732957
19780.1 18.5461 0.3 0.227739067732957
19800.1 18.4113 0.3 0.227739067732957
19820.2 18.305 0.3 0.227739067732957
19840.2 18.1758 0.3 0.227739067732957
19860.3 18.0355 0.3 0.227739067732957
19880.2 17.9304 0.3 0.227739067732957
19900.1 17.8749 0.3 0.227739067732957
19920.3 17.7222 0.3 0.227739067732957
19940.1 17.6182 0.3 0.227739067732957
19960.2 17.4961 0.3 0.227739067732957
19980.2 17.363 0.3 0.227739067732957
20000.1 17.298 0.3 0.227739067732957
20020.3 17.1391 0.3 0.227739067732957
20040.2 17.0595 0.3 0.227739067732957
20060.1 16.9221 0.3 0.227739067732957
20080.2 16.7672 0.3 0.227739067732957
20100.1 16.7159 0.3 0.227739067732957
20120.1 16.6207 0.3 0.227739067732957
20140.2 16.4992 0.3 0.227739067732957
20160.1 16.3864 0.3 0.227739067732957
20180.3 16.2522 0.3 0.227739067732957
20200.2 16.1866 0.3 0.227739067732957
20220.1 16.0516 0.3 0.227739067732957
20240.2 15.9647 0.3 0.227739067732957
20260.2 15.8356 0.3 0.227739067732957
20280.1 15.7386 0.3 0.227739067732957
20300.3 15.6319 0.3 0.227739067732957
20320.2 15.5485 0.3 0.227739067732957
20340.3 15.4385 0.3 0.227739067732957
20360.2 15.3752 0.3 0.227739067732957
20380.2 15.2415 0.3 0.227739067732957
20400.2 15.1796 0.3 0.227739067732957
20420.2 15.04 0.3 0.227739067732957
20440.1 14.9658 0.3 0.227739067732957
20460.3 14.8821 0.3 0.227739067732957
20480.1 14.789 0.3 0.227739067732957
20500.3 14.6907 0.3 0.227739067732957
20520.1 14.6405 0.3 0.227739067732957
20540.2 14.5326 0.3 0.227739067732957
20560.3 14.44 0.3 0.227739067732957
20580.1 14.3753 0.3 0.227739067732957
20600 14.2948 0.3 0.227739067732957
20620.2 14.1998 0.3 0.227739067732957
20640.1 14.1016 0.3 0.227739067732957
20660.3 14.0293 0.3 0.227739067732957
20680.2 13.9364 0.3 0.227739067732957
20700.1 13.8324 0.3 0.227739067732957
20720.2 13.8078 0.3 0.227739067732957
20740.2 13.6875 0.3 0.227739067732957
20760.2 13.586 0.3 0.227739067732957
20780.3 13.5049 0.3 0.227739067732957
20800.1 13.4444 0.3 0.227739067732957
20820.2 13.4053 0.3 0.227739067732957
20840.2 13.3019 0.3 0.227739067732957
20860.2 13.2236 0.3 0.227739067732957
20880.2 13.1917 0.3 0.227739067732957
20900.1 13.1367 0.3 0.227739067732957
20920.1 13.0074 0.3 0.227739067732957
20940.2 12.9336 0.3 0.227739067732957
20960.1 12.8713 0.3 0.227739067732957
20980.3 12.8366 0.3 0.227739067732957
21000.2 12.7258 0.3 0.227739067732957
21020.1 12.6653 0.3 0.227739067732957
21040.3 12.5913 0.3 0.227739067732957
21060.2 12.5149 0.3 0.227739067732957
21080.1 12.5011 0.3 0.227739067732957
21100.3 12.3743 0.3 0.227739067732957
21120.2 12.3357 0.3 0.227739067732957
21140.3 12.2491 0.3 0.227739067732957
21160.2 12.2036 0.3 0.227739067732957
21180.2 12.1372 0.3 0.227739067732957
21200.3 12.1062 0.3 0.227739067732957
21220.2 12.0631 0.3 0.227739067732957
21240.1 11.9801 0.3 0.227739067732957
21260.2 11.8949 0.3 0.227739067732957
21280.1 11.8185 0.3 0.227739067732957
21300.3 11.7799 0.3 0.227739067732957
21320.2 11.7522 0.3 0.227739067732957
21340.1 11.6625 0.3 0.227739067732957
21360.3 11.5807 0.3 0.227739067732957
21380.2 11.5741 0.3 0.227739067732957
21400.1 11.4951 0.3 0.227739067732957
21420.3 11.4157 0.3 0.227739067732957
21440.2 11.3582 0.3 0.227739067732957
21460 11.3222 0.3 0.227739067732957
21480.2 11.2914 0.3 0.227739067732957
21500.2 11.2377 0.3 0.227739067732957
21520.3 11.1528 0.3 0.227739067732957
21540.2 11.1118 0.3 0.227739067732957
21560.1 11.0842 0.3 0.227739067732957
21580.2 11.0111 0.3 0.227739067732957
21600.2 10.9688 0.3 0.227739067732957
21620.1 10.9321 0.3 0.227739067732957
21640.2 10.8501 0.3 0.227739067732957
21660.1 10.8179 0.3 0.227739067732957
21680.2 10.7687 0.3 0.227739067732957
21700.2 10.7114 0.3 0.227739067732957
21720.1 10.6168 0.3 0.227739067732957
21740.3 10.5926 0.3 0.227739067732957
21760.1 10.5808 0.3 0.227739067732957
21780.1 10.5201 0.3 0.227739067732957
21800.2 10.4613 0.3 0.227739067732957
21820.2 10.4009 0.3 0.227739067732957
21840.2 10.3713 0.3 0.227739067732957
21860.2 10.3224 0.3 0.227739067732957
21880.1 10.2475 0.3 0.227739067732957
21900.2 10.2812 0.3 0.227739067732957
21920.2 10.1944 0.3 0.227739067732957
21940.1 10.1492 0.3 0.227739067732957
21960.2 10.22773906773295787 0.3 0.227739067732957
21980.1 10.0396 0.3 0.227739067732957
22000.3 10.0064 0.3 0.227739067732957
22020.2 9.96 0.3 0.227739067732957
22040.1 9.9366 0.3 0.227739067732957
22060.2 9.9104 0.3 0.227739067732957
22080.1 9.8771 0.3 0.227739067732957
22100.1 9.8396 0.3 0.227739067732957
22120.2 9.8084 0.3 0.227739067732957
22140.1 9.7565 0.3 0.227739067732957
22160.3 9.6938 0.3 0.227739067732957
22180.2 9.6625 0.3 0.227739067732957
22200.1 9.6585 0.3 0.227739067732957
22220.2 9.6368 0.3 0.227739067732957
22240.2 9.5598 0.3 0.227739067732957
22260 9.5489 0.3 0.227739067732957
22280.2 9.5034 0.3 0.227739067732957
22300.1 9.4489 0.3 0.227739067732957
22320.3 9.421 0.3 0.227739067732957
22340.2 9.3657 0.3 0.227739067732957
22360.1 9.3598 0.3 0.227739067732957
22380.3 9.2653 0.3 0.227739067732957
22400.2 9.2538 0.3 0.227739067732957
22420.1 9.2325 0.3 0.227739067732957
22440.2 9.1923 0.3 0.227739067732957
22460.1 9.1509 0.3 0.227739067732957
22480.3 9.137 0.3 0.227739067732957
22500.2 9.1091 0.3 0.227739067732957
22520.1 9.0755 0.3 0.227739067732957
22540.3 9.0356 0.3 0.227739067732957
22560.2 8.998 0.3 0.227739067732957
22580.1 8.9531 0.3 0.227739067732957
22600.2 8.9243 0.3 0.227739067732957
22620.2 8.8774 0.3 0.227739067732957
22640.3 8.8531 0.3 0.227739067732957
22660.2 8.8466 0.3 0.227739067732957
22680.2 8.7982 0.3 0.227739067732957
22700.2 8.7617 0.3 0.227739067732957
22720.2 8.743 0.3 0.227739067732957
22740.2 8.6973 0.3 0.227739067732957
22760.2 8.7076 0.3 0.227739067732957
22780.1 8.6232 0.3 0.227739067732957
22800.3 8.5998 0.3 0.227739067732957
22820.2 8.5964 0.3 0.227739067732957
22840.2 8.5502 0.3 0.227739067732957
22860.3 8.541 0.3 0.227739067732957
22880.1 8.5114 0.3 0.227739067732957
22900.1 8.4874 0.3 0.227739067732957
22920.2 8.4607 0.3 0.227739067732957
22940.1 8.4034 0.3 0.227739067732957
22960.3 8.3966 0.3 0.227739067732957
22980.2 8.3518 0.3 0.227739067732957
23000.2 8.3312 0.3 0.227739067732957
23020.3 8.2878 0.3 0.227739067732957
23040.2 8.3009 0.3 0.227739067732957
23060.1 8.242 0.3 0.227739067732957
23080.2 8.204 0.3 0.227739067732957
23100.1 8.2269 0.3 0.227739067732957
23120.3 8.1803 0.3 0.227739067732957
23140.2 8.1274 0.3 0.227739067732957
23160.1 8.0995 0.3 0.227739067732957
23180.3 8.0616 0.3 0.227739067732957
23200.2 8.0634 0.3 0.227739067732957
23220.1 8.0288 0.3 0.227739067732957
23240.2 8.0374 0.3 0.227739067732957
23260.1 8.0074 0.3 0.227739067732957
23280.3 7.972 0.3 0.227739067732957
23300.2 7.9088 0.3 0.227739067732957
23320.2 7.9163 0.3 0.227739067732957
23340.3 7.8731 0.3 0.227739067732957
23360.2 7.9141 0.3 0.227739067732957
23380.1 7.8564 0.3 0.227739067732957
23400.2 7.8124 0.3 0.227739067732957
23420.2 7.8122 0.3 0.227739067732957
23440.3 7.789 0.3 0.227739067732957
23460.3 7.6767 0.3 0.227739067732957
