1811.62 -12.8841 0.3 0.13
1801.96 -9.5903 0.3 0.13
1804 -9.6086 0.3 0.13
1806.09 -9.6149 0.3 0.13
1808.08 -9.6806 0.3 0.13
1809.91 -9.669 0.3 0.13
1812.03 -9.7461 0.3 0.13
1814.03 -9.7804 0.3 0.13
1816.16 -9.7729 0.3 0.13
1817.91 -9.7967 0.3 0.13
1820.04 -9.836 0.3 0.13
1822.1 -9.8762 0.3 0.13
1824.17 -9.8862 0.3 0.13
1825.99 -9.9313 0.3 0.13
1828.03 -9.9451 0.3 0.13
1830.06 -9.9642 0.3 0.13
1831.91 -9.9382 0.3 0.13
1834.02 -10.0323 0.3 0.13
1836.02 -10.0123 0.3 0.13
1838.04 -10.0236 0.3 0.13
1839.97 -10.0259 0.3 0.13
1842 -10.1186 0.3 0.13
1844.06 -10.1329 0.3 0.13
1846.16 -10.2118 0.3 0.13
1847.98 -10.164 0.3 0.13
1850.05 -10.2352 0.3 0.13
1852.08 -10.2598 0.3 0.13
1854.13 -10.2422 0.3 0.13
1855.96 -10.2975 0.3 0.13
1858.08 -10.3174 0.3 0.13
1860.05 -10.3654 0.3 0.13
1862.15 -10.3926 0.3 0.13
1863.97 -10.3688 0.3 0.13
1866.09 -10.4527 0.3 0.13
1868.05 -10.45 0.3 0.13
1869.98 -10.475 0.3 0.13
1872.01 -10.5329 0.3 0.13
1874.02 -10.5052 0.3 0.13
1876.06 -10.5917 0.3 0.13
1878.01 -10.567 0.3 0.13
1880.02 -10.5789 0.3 0.13
1882.02 -10.6156 0.3 0.13
1884.08 -10.6545 0.3 0.13
1885.84 -10.6294 0.3 0.13
1888.02 -10.7474 0.3 0.13
1890.07 -10.7608 0.3 0.13
1892.14 -10.79 0.3 0.13
1893.92 -10.8259 0.3 0.13
1895.99 -10.8363 0.3 0.13
1898.07 -10.8837 0.3 0.13
1900.1 -10.8839 0.3 0.13
1901.99 -10.9003 0.3 0.13
1903.96 -10.9197 0.3 0.13
1906.07 -10.986 0.3 0.13
1907.94 -10.981 0.3 0.13
1909.92 -11.0032 0.3 0.13
1912.05 -11.077 0.3 0.13
1914.06 -11.1052 0.3 0.13
1915.95 -11.1004 0.3 0.13
1917.95 -11.1419 0.3 0.13
1919.98 -11.1702 0.3 0.13
1922.06 -11.2075 0.3 0.13
1923.89 -11.1977 0.3 0.13
1925.97 -11.2445 0.3 0.13
1928 -11.2636 0.3 0.13
1930.04 -11.3132 0.3 0.13
1931.89 -11.2905 0.3 0.13
1934.01 -11.3877 0.3 0.13
1936.07 -11.428 0.3 0.13
1938.08 -11.4624 0.3 0.13
1939.93 -11.4316 0.3 0.13
1942.03 -11.5094 0.3 0.13
1944.04 -11.5312 0.3 0.13
1946.16 -11.5964 0.3 0.13
1947.92 -11.5084 0.3 0.13
1950 -11.6261 0.3 0.13
1952 -11.6195 0.3 0.13
1953.94 -11.6989 0.3 0.13
1955.97 -11.7383 0.3 0.13
1957.92 -11.6805 0.3 0.13
1960.05 -11.7858 0.3 0.13
1961.92 -11.8254 0.3 0.13
1963.96 -11.8067 0.3 0.13
1965.93 -11.8725 0.3 0.13
1968.12 -11.897 0.3 0.13
1969.91 -11.8745 0.3 0.13
1971.96 -11.9771 0.3 0.13
1974.01 -12.0071 0.3 0.13
1976.14 -12.0827 0.3 0.13
1977.98 -12.0548 0.3 0.13
1979.99 -12.092 0.3 0.13
1982.02 -12.1576 0.3 0.13
1984.04 -12.1683 0.3 0.13
1986.03 -12.223 0.3 0.13
1988.02 -12.203 0.3 0.13
1990 -12.2373 0.3 0.13
1991.86 -12.2621 0.3 0.13
1994.03 -12.3068 0.3 0.13
1996.08 -12.4048 0.3 0.13
1998.09 -12.3735 0.3 0.13
1999.92 -12.392 0.3 0.13
2001.93 -12.462 0.3 0.13
2003.9 -12.4501 0.3 0.13
2006.11 -12.5294 0.3 0.13
2007.98 -12.5767 0.3 0.13
2009.88 -12.5868 0.3 0.13
2012 -12.6141 0.3 0.13
2013.99 -12.58 0.3 0.13
2015.84 -12.6705 0.3 0.13
2017.92 -12.7235 0.3 0.13
2019.88 -12.7186 0.3 0.13
2022.07 -12.7913 0.3 0.13
2023.91 -12.8201 0.3 0.13
2025.9 -12.8415 0.3 0.13
2027.96 -12.9047 0.3 0.13
2029.85 -12.93 0.3 0.13
2031.79 -12.8904 0.3 0.13
2034.05 -13.0027 0.3 0.13
2036.04 -13.0555 0.3 0.13
2037.88 -13.1194 0.3 0.13
2039.93 -13.1225 0.3 0.13
2041.91 -13.1283 0.3 0.13
2043.95 -13.1536 0.3 0.13
2045.8 -13.1685 0.3 0.13
2047.83 -13.2032 0.3 0.13
2049.9 -13.2666 0.3 0.13
2052.01 -13.3457 0.3 0.13
2053.87 -13.3518 0.3 0.13
2055.88 -13.3795 0.3 0.13
2057.96 -13.4469 0.3 0.13
2060.04 -13.475 0.3 0.13
2061.91 -13.51 0.3 0.13
2063.94 -13.5785 0.3 0.13
2065.97 -13.6169 0.3 0.13
2067.79 -13.6158 0.3 0.13
2069.91 -13.6758 0.3 0.13
2071.95 -13.7297 0.3 0.13
2073.92 -13.7525 0.3 0.13
2075.93 -13.8057 0.3 0.13
2077.82 -13.8086 0.3 0.13
2079.89 -13.8256 0.3 0.13
2082.02 -13.9654 0.3 0.13
2083.85 -13.9445 0.3 0.13
2085.95 -14.0186 0.3 0.13
2087.94 -14.0129 0.3 0.13
2090.01 -14.1083 0.3 0.13
2091.78 -14.1183 0.3 0.13
2093.86 -14.1414 0.3 0.13
2095.93 -14.184 0.3 0.13
2098.08 -14.2332 0.3 0.13
2099.91 -14.2957 0.3 0.13
2102.02 -14.3386 0.3 0.13
2104.04 -14.3518 0.3 0.13
2106.05 -14.4215 0.3 0.13
2107.92 -14.4754 0.3 0.13
2109.88 -14.4881 0.3 0.13
2111.95 -14.5078 0.3 0.13
2113.82 -14.5639 0.3 0.13
2115.87 -14.5721 0.3 0.13
2117.92 -14.6801 0.3 0.13
2119.95 -14.6806 0.3 0.13
2121.84 -14.7423 0.3 0.13
2123.96 -14.812 0.3 0.13
2125.94 -14.8405 0.3 0.13
2127.96 -14.8563 0.3 0.13
2129.8 -14.9477 0.3 0.13
2131.94 -14.9845 0.3 0.13
2133.99 -15.0132 0.3 0.13
2135.96 -15.0217 0.3 0.13
2137.91 -15.1409 0.3 0.13
2139.89 -15.1516 0.3 0.13
2141.97 -15.1801 0.3 0.13
2144 -15.2634 0.3 0.13
2145.85 -15.2819 0.3 0.13
2147.93 -15.3321 0.3 0.13
2149.99 -15.4072 0.3 0.13
2151.77 -15.413 0.3 0.13
2153.92 -15.4576 0.3 0.13
2155.91 -15.554 0.3 0.13
2157.95 -15.6133 0.3 0.13
2159.8 -15.6042 0.3 0.13
2161.81 -15.6677 0.3 0.13
2163.88 -15.7273 0.3 0.13
2165.95 -15.7771 0.3 0.13
2167.84 -15.847 0.3 0.13
2169.82 -15.8633 0.3 0.13
2171.97 -15.9242 0.3 0.13
2173.97 -15.9301 0.3 0.13
2175.81 -15.988 0.3 0.13
2177.93 -16.0471 0.3 0.13
2179.92 -16.1 0.3 0.13
2182.05 -16.2221 0.3 0.13
2183.82 -16.2054 0.3 0.13
2185.88 -16.2552 0.3 0.13
2187.93 -16.3103 0.3 0.13
2189.84 -16.3989 0.3 0.13
2191.87 -16.4459 0.3 0.13
2193.94 -16.4874 0.3 0.13
2195.91 -16.4911 0.3 0.13
2197.77 -16.5493 0.3 0.13
2199.85 -16.6114 0.3 0.13
2201.83 -16.6627 0.3 0.13
2203.89 -16.7267 0.3 0.13
2205.85 -16.7877 0.3 0.13
2207.89 -16.8431 0.3 0.13
2209.93 -16.928 0.3 0.13
2211.95 -16.9558 0.3 0.13
2213.81 -17.0116 0.3 0.13
2215.86 -17.0807 0.3 0.13
2217.94 -17.1351 0.3 0.13
2219.98 -17.1814 0.3 0.13
2221.88 -17.2465 0.3 0.13
2223.84 -17.3069 0.3 0.13
2225.98 -17.3965 0.3 0.13
2227.78 -17.3854 0.3 0.13
2229.84 -17.475 0.3 0.13
2231.87 -17.5291 0.3 0.13
2233.95 -17.586 0.3 0.13
2235.79 -17.6447 0.3 0.13
2237.75 -17.6671 0.3 0.13
2239.91 -17.7795 0.3 0.13
2241.95 -17.8093 0.3 0.13
2243.78 -17.8887 0.3 0.13
2245.84 -17.9289 0.3 0.13
2247.95 -18.0152 0.3 0.13
2249.97 -18.07 0.3 0.13
2251.88 -18.115 0.3 0.13
2253.86 -18.1653 0.3 0.13
2255.92 -18.2202 0.3 0.13
2257.93 -18.3041 0.3 0.13
2259.82 -18.3331 0.3 0.13
2261.87 -18.4327 0.3 0.13
2263.93 -18.4992 0.3 0.13
2265.85 -18.5642 0.3 0.13
2267.83 -18.6324 0.3 0.13
2269.87 -18.684 0.3 0.13
2271.92 -18.776 0.3 0.13
2273.83 -18.8076 0.3 0.13
2275.83 -18.8603 0.3 0.13
2277.85 -18.9271 0.3 0.13
2279.99 -19.0219 0.3 0.13
2281.84 -19.0875 0.3 0.13
2283.87 -19.1522 0.3 0.13
2285.93 -19.2126 0.3 0.13
2288.02 -19.2962 0.3 0.13
2289.88 -19.344 0.3 0.13
2291.86 -19.3893 0.3 0.13
2295.97 -19.5318 0.3 0.13
2297.88 -19.6183 0.3 0.13
2299.92 -19.6808 0.3 0.13
2303.97 -19.8274 0.3 0.13
2305.84 -19.9016 0.3 0.13
2307.88 -19.969 0.3 0.13
2309.97 -20.068 0.3 0.13
2311.82 -20.112 0.3 0.13
2313.84 -20.222 0.3 0.13
2315.97 -20.2849 0.3 0.13
2318 -20.3301 0.3 0.13
2319.83 -20.418 0.3 0.13
2321.91 -20.5062 0.3 0.13
2323.92 -20.6086 0.3 0.13
2325.92 -20.629 0.3 0.13
2327.81 -20.7094 0.3 0.13
2329.97 -20.811 0.3 0.13
2331.93 -20.8892 0.3 0.13
2333.96 -20.957 0.3 0.13
2335.88 -21.0286 0.3 0.13
2337.95 -21.1334 0.3 0.13
2339.94 -21.1812 0.3 0.13
2341.97 -21.2589 0.3 0.13
2343.9 -21.3434 0.3 0.13
2345.94 -21.4214 0.3 0.13
2347.99 -21.5082 0.3 0.13
2349.82 -21.6265 0.3 0.13
2351.83 -21.64824 0.3 0.13
2353.89 -21.73038 0.3 0.13
2355.99 -21.8435 0.3 0.13
2357.85 -21.929 0.3 0.13
2359.88 -21.98803 0.3 0.13
2361.92 -22.08664 0.3 0.13
2364 -22.185 0.3 0.13
2365.86 -22.28069 0.3 0.13
2367.92 -22.39155 0.3 0.13
2369.91 -22.43454 0.3 0.13
2371.97 -22.52317 0.3 0.13
2373.88 -22.59345 0.3 0.13
2375.9 -22.70038 0.3 0.13
2377.94 -22.81366 0.3 0.13
2380.05 -22.92597 0.3 0.13
2381.95 -22.99869 0.3 0.13
2383.94 -23.09985 0.3 0.13
2386.01 -23.18208 0.3 0.13
2387.86 -23.24093 0.3 0.13
2389.89 -23.31224 0.3 0.13
2392 -23.455 0.3 0.13
2393.97 -23.4838 0.3 0.13
2395.83 -23.5738 0.3 0.13
2397.94 -23.74027 0.3 0.13
2399.97 -23.81599 0.3 0.13
2402.03 -23.89554 0.3 0.13
2403.97 -24.0176 0.3 0.13
2405.94 -24.1112 0.3 0.13
2408.01 -24.23799 0.3 0.13
2409.99 -24.34267 0.3 0.13
2411.84 -24.4061 0.3 0.13
2413.94 -24.49424 0.3 0.13
2416.06 -24.63313 0.3 0.13
2418.05 -24.7054 0.3 0.13
2420 -24.83334 0.3 0.13
2421.99 -24.915 0.3 0.13
2424.04 -25.0136 0.3 0.13
2425.89 -25.13015 0.3 0.13
2427.94 -25.23585 0.3 0.13
2430.03 -25.3634 0.3 0.13
2432.05 -25.41896 0.3 0.13
2433.91 -25.55554 0.3 0.13
2435.89 -25.6221 0.3 0.13
2438.04 -25.74715 0.3 0.13
2440.04 -25.884 0.3 0.13
2441.89 -25.99478 0.3 0.13
2443.91 -26.042 0.3 0.13
2446.05 -26.2272 0.3 0.13
2448.11 -26.33881 0.3 0.13
2452.07 -26.54151 0.3 0.13
2454.06 -26.62604 0.3 0.13
2456.05 -26.79551 0.3 0.13
2458.02 -26.90049 0.3 0.13
2460.07 -27.00098 0.3 0.13
2462.09 -27.097 0.3 0.13
2463.91 -27.22796 0.3 0.13
2466.01 -27.38259 0.3 0.13
2468 -27.492 0.3 0.13
2470.12 -27.6255 0.3 0.13
2471.99 -27.73232 0.3 0.13
2474.03 -27.81069 0.3 0.13
2476.1 -27.9685 0.3 0.13
2478.14 -28.1005 0.3 0.13
2479.9 -28.18514 0.3 0.13
2482.03 -28.3086 0.3 0.13
2484.13 -28.49282 0.3 0.13
2486.08 -28.54369 0.3 0.13
2486.15 -28.58182 0.3 0.13
2490.05 -28.82605 0.3 0.13
2492.08 -28.95782 0.3 0.13
2494.18 -29.10601 0.3 0.13
2496.02 -29.2058 0.3 0.13
2498.13 -29.36737 0.3 0.13
2500.07 -29.48396 0.3 0.13
2502.17 -29.6095 0.3 0.13
2504.11 -29.7508 0.3 0.13
2506.17 -29.84528 0.3 0.13
2508.13 -30.03743 0.3 0.13
2510.12 -30.15882 0.3 0.13
2512.11 -30.25893 0.3 0.13
2514.08 -30.38632 0.3 0.13
2516.07 -30.526557 0.3 0.13
2518.08 -30.6893 0.3 0.13
2520.04 -30.807 0.3 0.13
2522.26 -30.986618 0.3 0.13
2524.25 -31.159285 0.3 0.13
2526.05 -31.228698 0.3 0.13
2528.1 -31.358893 0.3 0.13
2530.19 -31.5231 0.3 0.13
2532.22 -31.666606 0.3 0.13
2534.14 -31.832781 0.3 0.13
2536.22 -31.975487 0.3 0.13
2538.16 -32.086205 0.3 0.13
2540.3 -32.273404 0.3 0.13
2542.19 -32.398997 0.3 0.13
2544.09 -32.491389 0.3 0.13
2546.24 -32.73808 0.3 0.13
2548.19 -32.80931 0.3 0.13
2550.15 -32.97706 0.3 0.13
2552.3 -33.16328 0.3 0.13
2554.3 -33.2882 0.3 0.13
2556.16 -33.41461 0.3 0.13
2558.2 -33.52584 0.3 0.13
2560.19 -33.66518 0.3 0.13
2562.33 -33.90404 0.3 0.13
2564.2 -34.01852 0.3 0.13
2566.17 -34.11707 0.3 0.13
2568.36 -34.31567 0.3 0.13
2570.31 -34.46026 0.3 0.13
2572.23 -34.65864 0.3 0.13
2574.16 -34.7591 0.3 0.13
2576.36 -34.93269 0.3 0.13
2578.39 -35.08313 0.3 0.13
2580.26 -35.21946 0.3 0.13
2582.32 -35.40714 0.3 0.13
2584.34 -35.55258 0.3 0.13
2586.2 -35.716 0.3 0.13
2588.25 -35.88081 0.3 0.13
2590.29 -35.96558 0.3 0.13
2592.35 -36.16082 0.3 0.13
2594.24 -36.2928 0.3 0.13
2596.2 -36.449 0.3 0.13
2598.39 -36.6132 0.3 0.13
2600.34 -36.7281 0.3 0.13
2602.3 -36.9058 0.3 0.13
2604.31 -37.09568 0.3 0.13
2606.5 -37.2506 0.3 0.13
2608.5 -37.39769 0.3 0.13
2610.31 -37.518 0.3 0.13
2612.46 -37.7306 0.3 0.13
2614.4 -37.8928 0.3 0.13
2616.51 -38.00014 0.3 0.13
2618.35 -38.14673 0.3 0.13
2620.48 -38.30956 0.3 0.13
2622.56 -38.4604 0.3 0.13
2624.4 -38.64074 0.3 0.13
2626.38 -38.73309 0.3 0.13
2628.44 -38.86799 0.3 0.13
2630.49 -39.02779 0.3 0.13
2632.42 -39.18977 0.3 0.13
2634.36 -39.29995 0.3 0.13
2636.56 -39.44402 0.3 0.13
2638.53 -39.57939 0.3 0.13
2640.52 -39.7438 0.3 0.13
2642.53 -39.90424 0.3 0.13
2644.46 -39.9754 0.3 0.13
2646.68 -40.1935 0.3 0.13
2648.45 -40.25737 0.3 0.13
2650.59 -40.45321 0.3 0.13
2652.55 -40.5384 0.3 0.13
2654.71 -40.7336 0.3 0.13
2656.64 -40.76514 0.3 0.13
2658.63 -40.94836 0.3 0.13
2660.57 -41.04333 0.3 0.13
2662.58 -41.07771 0.3 0.13
2664.55 -41.2427 0.3 0.13
2666.7 -41.3547 0.3 0.13
2668.8 -41.4651 0.3 0.13
2670.83 -41.6245 0.3 0.13
2672.35 -41.5691 0.3 0.13
2674.75 -41.7676 0.3 0.13
2676.76 -41.8481 0.3 0.13
2678.5 -41.8827 0.3 0.13
2680.88 -42.0304 0.3 0.13
2682.75 -42.0832 0.3 0.13
2684.86 -42.1935 0.3 0.13
2686.62 -42.2167 0.3 0.13
2688.73 -42.2612 0.3 0.13
2690.78 -42.3146 0.3 0.13
2692.82 -42.3717 0.3 0.13
2694.96 -42.526 0.3 0.13
2696.86 -42.4839 0.3 0.13
2698.78 -42.4869 0.3 0.13
2700.82 -42.4869 0.3 0.13
2702.87 -42.5687 0.3 0.13
2704.95 -42.5196 0.3 0.13
2706.79 -42.4945 0.3 0.13
2708.85 -42.5252 0.3 0.13
2710.95 -42.5859 0.3 0.13
2712.95 -42.4819 0.3 0.13
2715.19 -42.5403 0.3 0.13
2716.85 -42.3882 0.3 0.13
2719.08 -42.3742 0.3 0.13
2720.99 -42.302 0.3 0.13
2723.16 -42.2262 0.3 0.13
2724.68 -42.0742 0.3 0.13
2727.17 -42.1062 0.3 0.13
2729.01 -41.8901 0.3 0.13
2730.88 -41.7385 0.3 0.13
2732.86 -41.5961 0.3 0.13
2735.13 -41.5238 0.3 0.13
2737.35 -41.4021 0.3 0.13
2739.3 -41.1913 0.3 0.13
2740.99 -40.92244 0.3 0.13
2743.16 -40.71312 0.3 0.13
2745.21 -40.517 0.3 0.13
2747.14 -40.29302 0.3 0.13
2749.07 -39.9714 0.3 0.13
2751.18 -39.69787 0.3 0.13
2753.26 -39.36881 0.3 0.13
2755.2 -39.10693 0.3 0.13
2757.19 -38.68971 0.3 0.13
2759.4 -38.35698 0.3 0.13
2761.34 -37.88353 0.3 0.13
2763.23 -37.52691 0.3 0.13
2765.39 -37.10413 0.3 0.13
2767.25 -36.54836 0.3 0.13
2769.37 -36.01396 0.3 0.13
2771.5 -35.6062 0.3 0.13
2773.38 -34.97935 0.3 0.13
2775.31 -34.4001 0.3 0.13
2777.51 -33.75238 0.3 0.13
2779.21 -33.166 0.3 0.13
2780.92 -32.33639 0.3 0.13
2783.42 -31.741989 0.3 0.13
2785.27 -31.019334 0.3 0.13
2787.23 -30.195563 0.3 0.13
2789.24 -29.40549 0.3 0.13
2791.37 -28.5587 0.3 0.13
2793.17 -27.70954 0.3 0.13
2795.12 -26.78301 0.3 0.13
2797.15 -25.8621 0.3 0.13
2799.16 -24.7796 0.3 0.13
2800.98 -23.803 0.3 0.13
2802.76 -22.67165 0.3 0.13
2804.61 -21.4863 0.3 0.13
2807.21 -20.4575 0.3 0.13
2808.8 -19.2938 0.3 0.13
2810.83 -18.0834 0.3 0.13
2812.29 -16.688 0.3 0.13
2814.81 -15.5087 0.3 0.13
2816.47 -14.2856 0.3 0.13
2818.41 -12.9008 0.3 0.13
2820.35 -11.5305 0.3 0.13
2822.14 -10.26 0.3 0.13
2824.28 -8.9016 0.3 0.13
2825.96 -7.3631 0.3 0.13
2828.1 -6.0132 0.3 0.13
2830.12 -4.7114 0.3 0.13
2831.85 -3.1493 0.3 0.13
2833.61 -1.6549 0.3 0.13
2835.9 -0.2405 0.3 0.13
2837.44 1.1438 0.3 0.13
2839.27 2.6482 0.3 0.13
2841.24 4.1367 0.3 0.13
2843.08 5.5614 0.3 0.13
2844.93 6.9272 0.3 0.13
2847.23 8.2581 0.3 0.13
2848.94 9.6669 0.3 0.13
2851.06 11.0297 0.3 0.13
2852.61 12.2896 0.3 0.13
2854.64 13.5765 0.3 0.13
2857.01 14.7209 0.3 0.13
2858.87 16.0639 0.3 0.13
2860.77 17.1437 0.3 0.13
2862.61 18.3194 0.3 0.13
2864.32 19.5619 0.3 0.13
2866.24 20.5163 0.3 0.13
2868.4 21.5456 0.3 0.13
2870.43 22.5784 0.3 0.13
2872.32 23.6007 0.3 0.13
2874.32 24.4748 0.3 0.13
2876.35 25.4608 0.3 0.13
2878.15 26.3689 0.3 0.13
2880.35 27.2162 0.3 0.13
2882.44 27.9154 0.3 0.13
2884.33 28.7455 0.3 0.13
2886.2 29.5264 0.3 0.13
2888.47 30.2348 0.3 0.13
2890.29 30.8802 0.3 0.13
2892.16 31.5612 0.3 0.13
2894.38 32.1941 0.3 0.13
2896.39 32.8262 0.3 0.13
2898.14 33.389 0.3 0.13
2900.15 33.9776 0.3 0.13
2902.32 34.4624 0.3 0.13
2904.33 34.9271 0.3 0.13
2906.45 35.3877 0.3 0.13
2908.45 35.9049 0.3 0.13
2910.22 36.3745 0.3 0.13
2912.32 36.7103 0.3 0.13
2914.47 37.1363 0.3 0.13
2916.56 37.5021 0.3 0.13
2918.53 37.8625 0.3 0.13
2920.35 38.2038 0.3 0.13
2922.6 38.467 0.3 0.13
2924.35 38.9211 0.3 0.13
2926.61 39.1037 0.3 0.13
2928.44 39.4107 0.3 0.13
2930.29 39.7123 0.3 0.13
2932.67 39.8726 0.3 0.13
2934.56 40.182 0.3 0.13
2936.45 40.3581 0.3 0.13
2938.61 40.5557 0.3 0.13
2940.59 40.7949 0.3 0.13
2942.57 40.9428 0.3 0.13
2944.41 41.1932 0.3 0.13
2946.65 41.3042 0.3 0.13
2948.81 41.4238 0.3 0.13
2950.51 41.6229 0.3 0.13
2952.73 41.7384 0.3 0.13
2954.66 41.8714 0.3 0.13
2956.81 41.9413 0.3 0.13
2958.72 42.0343 0.3 0.13
2960.85 42.1199 0.3 0.13
2962.74 42.333 0.3 0.13
2964.7 42.4419 0.3 0.13
2966.63 42.5072 0.3 0.13
2968.81 42.5281 0.3 0.13
2970.88 42.5477 0.3 0.13
2973.09 42.6119 0.3 0.13
2974.8 42.6975 0.3 0.13
2976.88 42.7616 0.3 0.13
2979.13 42.7445 0.3 0.13
2980.97 42.7712 0.3 0.13
2983.01 42.806 0.3 0.13
2984.95 42.8949 0.3 0.13
2987.08 42.8823 0.3 0.13
2988.94 42.8942 0.3 0.13
2990.88 42.9435 0.3 0.13
2993.01 42.9596 0.3 0.13
2995.02 42.9868 0.3 0.13
2996.87 42.9794 0.3 0.13
2999.06 42.9282 0.3 0.13
3001.1 42.9291 0.3 0.13
3003.2 42.9028 0.3 0.13
3004.97 42.9181 0.3 0.13
3007.16 42.9156 0.3 0.13
3009.16 42.8518 0.3 0.13
3011.26 42.7964 0.3 0.13
3013.06 42.828 0.3 0.13
3015.19 42.7779 0.3 0.13
3017.23 42.7372 0.3 0.13
3019.4 42.703 0.3 0.13
3021.19 42.7051 0.3 0.13
3023.18 42.6703 0.3 0.13
3025.36 42.5441 0.3 0.13
3027.08 42.5787 0.3 0.13
3029.29 42.515 0.3 0.13
3033.29 42.418 0.3 0.13
3035.31 42.3357 0.3 0.13
3037.31 42.2938 0.3 0.13
3039.28 42.25 0.3 0.13
3041.38 42.1845 0.3 0.13
3043.17 42.1687 0.3 0.13
3045.32 42.0771 0.3 0.13
3047.38 42.0184 0.3 0.13
3049.47 41.9398 0.3 0.13
3051.34 41.8705 0.3 0.13
3053.36 41.8099 0.3 0.13
3055.44 41.7486 0.3 0.13
3057.52 41.6433 0.3 0.13
3059.35 41.566 0.3 0.13
3061.52 41.4903 0.3 0.13
3063.47 41.4398 0.3 0.13
3065.38 41.393 0.3 0.13
3067.4 41.2743 0.3 0.13
3069.57 41.1971 0.3 0.13
3071.48 41.1704 0.3 0.13
3073.39 41.0712 0.3 0.13
3075.54 40.9818 0.3 0.13
3077.5 40.9189 0.3 0.13
3079.59 40.8385 0.3 0.13
3081.55 40.712 0.3 0.13
3083.57 40.6401 0.3 0.13
3085.58 40.6041 0.3 0.13
3087.54 40.5062 0.3 0.13
3089.54 40.4067 0.3 0.13
3091.57 40.3386 0.3 0.13
3093.6 40.2622 0.3 0.13
3095.76 40.1425 0.3 0.13
3097.53 40.0606 0.3 0.13
3099.68 39.9472 0.3 0.13
3101.64 39.9105 0.3 0.13
3103.56 39.7958 0.3 0.13
3105.7 39.6923 0.3 0.13
3107.68 39.6018 0.3 0.13
3109.59 39.615 0.3 0.13
3111.51 39.4527 0.3 0.13
3113.56 39.4032 0.3 0.13
3115.77 39.2705 0.3 0.13
3117.8 39.192 0.3 0.13
3119.58 39.0868 0.3 0.13
3123.78 38.9178 0.3 0.13
3125.79 38.8622 0.3 0.13
3127.67 38.7057 0.3 0.13
3129.81 38.6174 0.3 0.13
3131.79 38.5622 0.3 0.13
3133.75 38.4919 0.3 0.13
3135.54 38.447 0.3 0.13
3137.73 38.2782 0.3 0.13
3139.75 38.1747 0.3 0.13
3141.75 38.067 0.3 0.13
3143.64 38.0177 0.3 0.13
3145.75 37.8982 0.3 0.13
3147.88 37.7882 0.3 0.13
3149.78 37.7016 0.3 0.13
3151.74 37.6513 0.3 0.13
3153.81 37.5025 0.3 0.13
3155.9 37.4369 0.3 0.13
3157.71 37.3589 0.3 0.13
3159.77 37.2855 0.3 0.13
3161.8 37.1537 0.3 0.13
3163.89 37.0719 0.3 0.13
3165.82 36.9744 0.3 0.13
3167.73 36.9078 0.3 0.13
3169.8 36.794 0.3 0.13
3171.9 36.7018 0.3 0.13
3173.84 36.5956 0.3 0.13
3175.82 36.5336 0.3 0.13
3177.91 36.4461 0.3 0.13
3179.77 36.304 0.3 0.13
3181.83 36.2307 0.3 0.13
3183.86 36.1546 0.3 0.13
3187.82 35.976 0.3 0.13
3189.84 35.9097 0.3 0.13
3191.87 35.765 0.3 0.13
3193.9 35.7246 0.3 0.13
3197.9 35.5222 0.3 0.13
3199.94 35.4199 0.3 0.13
3201.99 35.3464 0.3 0.13
3203.82 35.2155 0.3 0.13
3205.87 35.1424 0.3 0.13
3207.93 35.054 0.3 0.13
3210.01 35.0073 0.3 0.13
3211.88 34.8764 0.3 0.13
3214.01 34.7588 0.3 0.13
3216.02 34.6784 0.3 0.13
3218.08 34.6484 0.3 0.13
3219.87 34.5017 0.3 0.13
3221.9 34.4613 0.3 0.13
3224.07 34.3323 0.3 0.13
3225.92 34.2386 0.3 0.13
3228.02 34.1324 0.3 0.13
3229.99 34.0755 0.3 0.13
3232.03 34.0177 0.3 0.13
3233.86 33.9497 0.3 0.13
3235.92 33.8237 0.3 0.13
3238.05 33.7418 0.3 0.13
3240.06 33.712 0.3 0.13
3242 33.5818 0.3 0.13
3243.98 33.503 0.3 0.13
3246.08 33.4063 0.3 0.13
3248.18 33.3376 0.3 0.13
3250.06 33.2212 0.3 0.13
3252.03 33.1665 0.3 0.13
3254.09 33.1014 0.3 0.13
3256.04 33.0589 0.3 0.13
3258.02 32.9378 0.3 0.13
3260.05 32.8308 0.3 0.13
3262.13 32.731 0.3 0.13
3264.11 32.6251 0.3 0.13
3266.07 32.5717 0.3 0.13
3268.05 32.4807 0.3 0.13
3270.19 32.4117 0.3 0.13
3272.11 32.3085 0.3 0.13
3276.07 32.1784 0.3 0.13
3278.19 32.086 0.3 0.13
3280.08 31.9743 0.3 0.13
3282.02 31.9685 0.3 0.13
3284.08 31.8354 0.3 0.13
3286.22 31.7324 0.3 0.13
3288.03 31.6611 0.3 0.13
3290.11 31.5898 0.3 0.13
3292.19 31.4665 0.3 0.13
3294.21 31.4277 0.3 0.13
3296.16 31.3536 0.3 0.13
3298.11 31.278 0.3 0.13
3300.23 31.1549 0.3 0.13
3302.05 31.1292 0.3 0.13
3304.15 31.0264 0.3 0.13
3306.06 30.9332 0.3 0.13
3308.13 30.8736 0.3 0.13
3310.23 30.7403 0.3 0.13
3312.19 30.7397 0.3 0.13
3314.22 30.5758 0.3 0.13
3316.23 30.5385 0.3 0.13
3318.12 30.4999 0.3 0.13
3320.3 30.4355 0.3 0.13
3322.22 30.3003 0.3 0.13
3324.17 30.2971 0.3 0.13
3326.12 30.2186 0.3 0.13
3328.22 30.1251 0.3 0.13
3330.22 30.0325 0.3 0.13
3332.39 29.9613 0.3 0.13
3333.96 30.015 0.3 0.13
3336.06 29.9455 0.3 0.13
3338.01 29.8643 0.3 0.13
3339.87 29.828 0.3 0.13
3341.91 29.7317 0.3 0.13
3344.04 29.6411 0.3 0.13
3345.99 29.577 0.3 0.13
3347.99 29.5168 0.3 0.13
3350.01 29.4553 0.3 0.13
3351.94 29.3461 0.3 0.13
3354.16 29.2506 0.3 0.13
3355.97 29.2291 0.3 0.13
3358 29.1366 0.3 0.13
3360.12 29.0234 0.3 0.13
3362.17 29.0209 0.3 0.13
3364.03 28.9231 0.3 0.13
3366.04 28.8625 0.3 0.13
3368.06 28.7935 0.3 0.13
3370.09 28.7115 0.3 0.13
3371.93 28.6484 0.3 0.13
3374.12 28.5647 0.3 0.13
3376.08 28.5275 0.3 0.13
3378.01 28.4485 0.3 0.13
3379.99 28.3778 0.3 0.13
3382.08 28.2958 0.3 0.13
3384.06 28.2616 0.3 0.13
3385.99 28.148 0.3 0.13
3388.07 28.0982 0.3 0.13
3390.03 28.0488 0.3 0.13
3392.11 28.0028 0.3 0.13
3393.95 27.8969 0.3 0.13
3396 27.8884 0.3 0.13
3398.08 27.7615 0.3 0.13
3400.05 27.7224 0.3 0.13
3402.06 27.6111 0.3 0.13
3404.11 27.5314 0.3 0.13
3406.08 27.5037 0.3 0.13
3408.21 27.4224 0.3 0.13
3410.1 27.3646 0.3 0.13
3412.02 27.3323 0.3 0.13
3414.07 27.2454 0.3 0.13
3416.1 27.1917 0.3 0.13
3417.99 27.1287 0.3 0.13
3420.05 27.0619 0.3 0.13
3422.11 27.0305 0.3 0.13
3423.97 26.9744 0.3 0.13
3426.06 26.8663 0.3 0.13
3428.11 26.7794 0.3 0.13
3430.05 26.8024 0.3 0.13
3431.99 26.6719 0.3 0.13
3434.02 26.6185 0.3 0.13
3436.13 26.5727 0.3 0.13
3438.2 26.4449 0.3 0.13
3440.1 26.466 0.3 0.13
3442.17 26.3722 0.3 0.13
3444.08 26.3286 0.3 0.13
3446.15 26.2805 0.3 0.13
3448.07 26.1929 0.3 0.13
3450.01 26.1746 0.3 0.13
3452.13 26.0887 0.3 0.13
3454.19 26.0495 0.3 0.13
3456.08 26.0117 0.3 0.13
3458.11 25.9064 0.3 0.13
3460.11 25.896 0.3 0.13
3461.99 25.8032 0.3 0.13
3464.04 25.7634 0.3 0.13
3466.07 25.7192 0.3 0.13
3468.19 25.6272 0.3 0.13
3470.07 25.5376 0.3 0.13
3472.12 25.4862 0.3 0.13
3474.2 25.4451 0.3 0.13
3476.18 25.4213 0.3 0.13
3478.1 25.3255 0.3 0.13
3480.08 25.3012 0.3 0.13
3482.19 25.2533 0.3 0.13
3484.06 25.2185 0.3 0.13
3486.02 25.1098 0.3 0.13
3488.13 25.0928 0.3 0.13
3490.17 24.9907 0.3 0.13
3492.22 24.9525 0.3 0.13
3494.19 24.8757 0.3 0.13
3496.04 24.8719 0.3 0.13
3498.22 24.7612 0.3 0.13
3500.12 24.7158 0.3 0.13
3502.11 24.6965 0.3 0.13
3504.14 24.6204 0.3 0.13
3506.26 24.5562 0.3 0.13
3508.1 24.5313 0.3 0.13
3510.15 24.4681 0.3 0.13
3512.19 24.4221 0.3 0.13
3514.2 24.3683 0.3 0.13
3516.05 24.3256 0.3 0.13
3518.1 24.288 0.3 0.13
3520.14 24.201 0.3 0.13
3522.27 24.1499 0.3 0.13
3524.08 24.111 0.3 0.13
3526.15 24.029 0.3 0.13
3528.23 23.9732 0.3 0.13
3530.14 23.9712 0.3 0.13
3532.09 23.8779 0.3 0.13
3534.2 23.819 0.3 0.13
3536.19 23.8073 0.3 0.13
3538.17 23.724 0.3 0.13
3540.17 23.6906 0.3 0.13
3542.14 23.681 0.3 0.13
3544.19 23.611 0.3 0.13
3546.12 23.5647 0.3 0.13
3548.14 23.511 0.3 0.13
3550.18 23.454 0.3 0.13
3552.18 23.3867 0.3 0.13
3554.09 23.3374 0.3 0.13
3556.1 23.3248 0.3 0.13
3558.14 23.2703 0.3 0.13
3560.21 23.2119 0.3 0.13
3562.12 23.1248 0.3 0.13
3564.21 23.1162 0.3 0.13
3566.22 23.0353 0.3 0.13
3568.28 23.0004 0.3 0.13
3570.07 22.9443 0.3 0.13
3572.18 22.945 0.3 0.13
3574.16 22.8528 0.3 0.13
3576.25 22.8067 0.3 0.13
3578.03 22.7656 0.3 0.13
3580.21 22.7367 0.3 0.13
3582.29 22.6771 0.3 0.13
3584.08 22.6552 0.3 0.13
3586.09 22.595 0.3 0.13
3588.2 22.5374 0.3 0.13
3590.19 22.5113 0.3 0.13
3592.09 22.433 0.3 0.13
3594.16 22.4008 0.3 0.13
3596.17 22.3781 0.3 0.13
3598.26 22.3037 0.3 0.13
3600.13 22.2761 0.3 0.13
3602.19 22.1994 0.3 0.13
3604.24 22.1702 0.3 0.13
3606.22 22.131 0.3 0.13
3608.08 22.1052 0.3 0.13
3610.17 22.035 0.3 0.13
3612.23 22.0115 0.3 0.13
3614.22 21.9742 0.3 0.13
3616.12 21.9 0.3 0.13
3618.16 21.8852 0.3 0.13
3620.22 21.8427 0.3 0.13
3622.08 21.8217 0.3 0.13
3624.09 21.7614 0.3 0.13
3626.16 21.6992 0.3 0.13
3628.16 21.6533 0.3 0.13
3630.09 21.5935 0.3 0.13
3632.12 21.5859 0.3 0.13
3634.17 21.5719 0.3 0.13
3636.24 21.4904 0.3 0.13
3638.13 21.4376 0.3 0.13
3640.13 21.4194 0.3 0.13
3642.25 21.3625 0.3 0.13
3644.22 21.3353 0.3 0.13
3646.13 21.2864 0.3 0.13
3648.17 21.2461 0.3 0.13
3650.19 21.1838 0.3 0.13
3652.28 21.131 0.3 0.13
3654.11 21.1093 0.3 0.13
3656.16 21.0752 0.3 0.13
3658.22 21.0368 0.3 0.13
3660.06 20.994 0.3 0.13
3662.15 20.9402 0.3 0.13
3664.25 20.8734 0.3 0.13
3666.22 20.899 0.3 0.13
3668.14 20.8314 0.3 0.13
3670.19 20.7781 0.3 0.13
3672.19 20.7504 0.3 0.13
3674.26 20.7169 0.3 0.13
3676.15 20.6533 0.3 0.13
3678.18 20.6443 0.3 0.13
3680.2 20.5994 0.3 0.13
3682.3 20.529 0.3 0.13
3684.21 20.5229 0.3 0.13
3686.2 20.468 0.3 0.13
3688.18 20.4437 0.3 0.13
3690.3 20.37 0.3 0.13
3692.1 20.3872 0.3 0.13
3694.2 20.3241 0.3 0.13
3696.26 20.3122 0.3 0.13
3698.15 20.2558 0.3 0.13
3700.11 20.2281 0.3 0.13
3702.23 20.1778 0.3 0.13
3704.21 20.1509 0.3 0.13
3706.12 20.1213 0.3 0.13
3708.16 20.0473 0.3 0.13
3710.24 20.0042 0.3 0.13
3712.29 19.9565 0.3 0.13
3714.13 19.9563 0.3 0.13
3716.16 19.9458 0.3 0.13
3718.17 19.9219 0.3 0.13
3720.24 19.8537 0.3 0.13
3722.1 19.8292 0.3 0.13
3724.2 19.7678 0.3 0.13
3726.24 19.7367 0.3 0.13
3728.26 19.6987 0.3 0.13
3730.09 19.7103 0.3 0.13
3732.18 19.6342 0.3 0.13
3734.2 19.6042 0.3 0.13
3736.14 19.5725 0.3 0.13
3738.15 19.5269 0.3 0.13
3740.23 19.4839 0.3 0.13
3742.22 19.4829 0.3 0.13
3744.07 19.4588 0.3 0.13
3746.17 19.3668 0.3 0.13
3748.22 19.3102 0.3 0.13
3750.24 19.3402 0.3 0.13
3752.12 19.2919 0.3 0.13
3756.19 19.2391 0.3 0.13
3758.22 19.2029 0.3 0.13
3760.12 19.1396 0.3 0.13
3762.22 19.0917 0.3 0.13
3764.19 19.0881 0.3 0.13
3766.32 19.0295 0.3 0.13
3768.11 19.0555 0.3 0.13
3770.2 18.9944 0.3 0.13
3772.27 18.9058 0.3 0.13
3774.3 18.9043 0.3 0.13
3776.13 18.8716 0.3 0.13
3778.24 18.7969 0.3 0.13
3780.28 18.8424 0.3 0.13
3782.1 18.8215 0.3 0.13
3784.15 18.7465 0.3 0.13
3786.17 18.7652 0.3 0.13
3790.13 18.6784 0.3 0.13
3792.11 18.628 0.3 0.13
3794.21 18.6102 0.3 0.13
3796.25 18.5581 0.3 0.13
3798.14 18.5208 0.3 0.13
3800.18 18.5176 0.3 0.13
3802.2 18.4712 0.3 0.13
3804.26 18.4298 0.3 0.13
3806.14 18.4159 0.3 0.13
3808.11 18.434 0.3 0.13
3810.28 18.2841 0.3 0.13
3812.28 18.3193 0.3 0.13
3814.1 18.2857 0.3 0.13
3816.17 18.2419 0.3 0.13
3818.3 18.2197 0.3 0.13
3818.21 18.2582 0.3 0.13
3822.16 18.1786 0.3 0.13
3824.23 18.1288 0.3 0.13
3826.26 18.1125 0.3 0.13
3828.09 18.0814 0.3 0.13
3830.2 18.0299 0.3 0.13
3832.19 18.0367 0.3 0.13
3834.27 17.9904 0.3 0.13
3836.13 17.9703 0.3 0.13
3838.14 17.9493 0.3 0.13
3840.21 17.8911 0.3 0.13
3842.19 17.8782 0.3 0.13
3844.17 17.8152 0.3 0.13
3846.15 17.8064 0.3 0.13
3848.15 17.8061 0.3 0.13
3850.21 17.754 0.3 0.13
3852.18 17.6738 0.3 0.13
3854.2 17.6824 0.3 0.13
3856.23 17.6688 0.3 0.13
3858.09 17.5793 0.3 0.13
3860.09 17.6679 0.3 0.13
3862.21 17.5967 0.3 0.13
3864.16 17.5484 0.3 0.13
3866.02 17.5093 0.3 0.13
3868.15 17.4548 0.3 0.13
3870.15 17.4929 0.3 0.13
3872.2 17.428 0.3 0.13
3874.09 17.4442 0.3 0.13
3876.14 17.3759 0.3 0.13
3878.2 17.3561 0.3 0.13
3880.26 17.3009 0.3 0.13
3882.04 17.3444 0.3 0.13
3884.11 17.2765 0.3 0.13
3886.21 17.2366 0.3 0.13
3888.15 17.2124 0.3 0.13
3890.13 17.2074 0.3 0.13
3892.14 17.1586 0.3 0.13
3894.17 17.1184 0.3 0.13
3895.99 17.0933 0.3 0.13
3898.06 17.1142 0.3 0.13
3900.07 17.0711 0.3 0.13
3902.21 16.9987 0.3 0.13
3904.06 16.9746 0.3 0.13
3906.1 16.9653 0.3 0.13
3908.14 16.9383 0.3 0.13
3910.22 16.9107 0.3 0.13
3911.99 16.9048 0.3 0.13
3914.04 16.8305 0.3 0.13
3916.17 16.8641 0.3 0.13
3918.18 16.7918 0.3 0.13
3920.11 16.7485 0.3 0.13
3922.14 16.7122 0.3 0.13
3924.15 16.7156 0.3 0.13
3926.17 16.7153 0.3 0.13
3928.08 16.6271 0.3 0.13
3930.17 16.6433 0.3 0.13
3932.18 16.5967 0.3 0.13
3934.24 16.5729 0.3 0.13
3936.03 16.5927 0.3 0.13
3938.11 16.5409 0.3 0.13
3940.21 16.5272 0.3 0.13
3942.06 16.5043 0.3 0.13
3944.14 16.4436 0.3 0.13
3946.17 16.4621 0.3 0.13
3948.11 16.4416 0.3 0.13
3950.07 16.4254 0.3 0.13
3952.11 16.3744 0.3 0.13
3954.16 16.3435 0.3 0.13
3956.19 16.3432 0.3 0.13
3958.06 16.3136 0.3 0.13
3959.98 16.2981 0.3 0.13
3962.13 16.2317 0.3 0.13
3964.2 16.2321 0.3 0.13
3966.02 16.2109 0.3 0.13
3968.05 16.1927 0.3 0.13
3970.09 16.1895 0.3 0.13
3972.26 16.1586 0.3 0.13
3974.14 16.108 0.3 0.13
3976.05 16.1253 0.3 0.13
3978.14 16.098 0.3 0.13
3979.99 16.0381 0.3 0.13
3982.13 15.9888 0.3 0.13
3984.08 15.962 0.3 0.13
3986.16 15.964 0.3 0.13
3988.08 15.9444 0.3 0.13
3990.01 15.9 0.3 0.13
3992.16 15.8742 0.3 0.13
3994.16 15.8906 0.3 0.13
3995.96 15.8468 0.3 0.13
3998.03 15.8741 0.3 0.13
4000.14 15.7766 0.3 0.13
4002.18 15.7739 0.3 0.13
4003.96 15.7933 0.3 0.13
4006.06 15.7031 0.3 0.13
4008.07 15.6652 0.3 0.13
4010.14 15.6904 0.3 0.13
4011.92 15.6807 0.3 0.13
4014.11 15.6114 0.3 0.13
4016.17 15.5941 0.3 0.13
4017.99 15.6041 0.3 0.13
4020.06 15.5342 0.3 0.13
4022.12 15.5302 0.3 0.13
4024.16 15.4934 0.3 0.13
4025.96 15.5387 0.3 0.13
4028.02 15.4985 0.3 0.13
4030.03 15.4638 0.3 0.13
4032.16 15.4409 0.3 0.13
4033.99 15.3838 0.3 0.13
4036.07 15.3522 0.3 0.13
4038.14 15.346 0.3 0.13
4040.18 15.3765 0.3 0.13
4041.98 15.3686 0.3 0.13
4044.09 15.2901 0.3 0.13
4046.08 15.2606 0.3 0.13
4048.15 15.2728 0.3 0.13
4050.06 15.2651 0.3 0.13
4052.04 15.2288 0.3 0.13
4054.19 15.1574 0.3 0.13
4055.92 15.1841 0.3 0.13
4058.05 15.136 0.3 0.13
4060.02 15.1168 0.3 0.13
4062.14 15.0989 0.3 0.13
4063.96 15.1194 0.3 0.13
4066.05 15.0668 0.3 0.13
4068.07 15.092 0.3 0.13
4070.15 15.0422 0.3 0.13
4071.98 15.0326 0.3 0.13
4074.08 15.0019 0.3 0.13
4076.07 15.0091 0.3 0.13
4078.12 14.9857 0.3 0.13
4080.01 14.9152 0.3 0.13
4082.07 14.9011 0.3 0.13
4084.13 14.9083 0.3 0.13
4086.14 14.8835 0.3 0.13
4087.99 14.8631 0.3 0.13
4089.98 14.8362 0.3 0.13
4092.11 14.8241 0.3 0.13
4094.05 14.7696 0.3 0.13
4095.96 14.7755 0.3 0.13
4098.03 14.7533 0.3 0.13
4100.07 14.7232 0.3 0.13
4101.96 14.7306 0.3 0.13
4104.04 14.7089 0.3 0.13
4106.12 14.6563 0.3 0.13
4108.08 14.6548 0.3 0.13
4109.97 14.6557 0.3 0.13
4112.03 14.6126 0.3 0.13
4114.07 14.6395 0.3 0.13
4116.12 14.5895 0.3 0.13
4118.01 14.5759 0.3 0.13
4120 14.5599 0.3 0.13
4122.18 14.4504 0.3 0.13
4124.15 14.4899 0.3 0.13
4125.95 14.5377 0.3 0.13
4128.07 14.4254 0.3 0.13
4130.03 14.4494 0.3 0.13
4132.18 14.4412 0.3 0.13
4133.99 14.4331 0.3 0.13
4136.1 14.3741 0.3 0.13
4138.12 14.3393 0.3 0.13
4139.9 14.4081 0.3 0.13
4142.01 14.3441 0.3 0.13
4144.03 14.345 0.3 0.13
4146.12 14.3087 0.3 0.13
4147.93 14.2842 0.3 0.13
4150.02 14.2789 0.3 0.13
4152.14 14.2166 0.3 0.13
4154.13 14.2025 0.3 0.13
4156.02 14.2051 0.3 0.13
4158.07 14.1557 0.3 0.13
4160.11 14.1396 0.3 0.13
4162.15 14.1453 0.3 0.13
4164.03 14.1293 0.3 0.13
4166.06 14.1296 0.3 0.13
4168.09 14.0903 0.3 0.13
4170.14 14.0727 0.3 0.13
4172.02 14.0631 0.3 0.13
4174.05 14.0546 0.3 0.13
4176.13 14.0292 0.3 0.13
4177.97 14.0123 0.3 0.13
4180.02 13.9701 0.3 0.13
4182 13.95 0.3 0.13
4184.15 13.9583 0.3 0.13
4185.99 13.9589 0.3 0.13
4188 13.9164 0.3 0.13
4190.09 13.9031 0.3 0.13
4192.08 13.882 0.3 0.13
4193.95 13.8694 0.3 0.13
4196.02 13.8559 0.3 0.13
4198.08 13.8413 0.3 0.13
4200.13 13.808 0.3 0.13
4201.97 13.8103 0.3 0.13
4204.07 13.7877 0.3 0.13
4206.03 13.7696 0.3 0.13
4208.11 13.7538 0.3 0.13
4210.02 13.7325 0.3 0.13
4212.09 13.7134 0.3 0.13
4214.05 13.7059 0.3 0.13
4215.9 13.7008 0.3 0.13
4217.98 13.6687 0.3 0.13
4220.04 13.6456 0.3 0.13
4222.11 13.6392 0.3 0.13
4224 13.635 0.3 0.13
4226 13.5929 0.3 0.13
4228.07 13.5776 0.3 0.13
4230.14 13.5566 0.3 0.13
4231.98 13.5558 0.3 0.13
4234.04 13.5319 0.3 0.13
4236.09 13.5082 0.3 0.13
4238.16 13.4819 0.3 0.13
4240 13.4924 0.3 0.13
4242.04 13.4729 0.3 0.13
4244.08 13.456 0.3 0.13
4246.06 13.4711 0.3 0.13
4248 13.4195 0.3 0.13
4250.04 13.4176 0.3 0.13
4252.02 13.3793 0.3 0.13
4253.99 13.3584 0.3 0.13
4256 13.3138 0.3 0.13
4258.07 13.299 0.3 0.13
4260.12 13.2841 0.3 0.13
4262.01 13.3524 0.3 0.13
4263.99 13.2796 0.3 0.13
4266.05 13.2901 0.3 0.13
4268.12 13.2505 0.3 0.13
4270.01 13.2326 0.3 0.13
4272.06 13.2159 0.3 0.13
4274.02 13.2005 0.3 0.13
4276.06 13.222 0.3 0.13
4277.91 13.1977 0.3 0.13
4280 13.1371 0.3 0.13
4282.05 13.1424 0.3 0.13
4284.13 13.139 0.3 0.13
4286.01 13.1171 0.3 0.13
4288.03 13.1211 0.3 0.13
4290.08 13.0789 0.3 0.13
4291.91 13.0613 0.3 0.13
4294.05 13.0413 0.3 0.13
4296.06 13.0003 0.3 0.13
4298.12 13.0049 0.3 0.13
4299.9 12.9903 0.3 0.13
4301.97 13.0011 0.3 0.13
4304.02 12.9771 0.3 0.13
4306.09 12.956 0.3 0.13
4307.92 12.9452 0.3 0.13
4309.99 12.933 0.3 0.13
4312.09 12.9091 0.3 0.13
4314.12 12.8829 0.3 0.13
4315.96 12.8872 0.3 0.13
4318.05 12.8735 0.3 0.13
4320.07 12.8589 0.3 0.13
4322.12 12.8092 0.3 0.13
4324.01 12.826 0.3 0.13
4326.02 12.8085 0.3 0.13
4328.06 12.7789 0.3 0.13
4330.13 12.772 0.3 0.13
4332.02 12.7677 0.3 0.13
4334.04 12.7394 0.3 0.13
4336.09 12.6853 0.3 0.13
4337.94 12.7074 0.3 0.13
4340.01 12.6937 0.3 0.13
4342.06 12.679 0.3 0.13
4344.06 12.6835 0.3 0.13
4345.95 12.6362 0.3 0.13
4348.01 12.6354 0.3 0.13
4350.14 12.586 0.3 0.13
4352.12 12.5689 0.3 0.13
4353.94 12.6092 0.3 0.13
4355.97 12.6079 0.3 0.13
4358.01 12.5997 0.3 0.13
4360.09 12.58 0.3 0.13
4361.95 12.5367 0.3 0.13
4364 12.5322 0.3 0.13
4366.01 12.5364 0.3 0.13
4368.11 12.5015 0.3 0.13
4369.95 12.4848 0.3 0.13
4372 12.4942 0.3 0.13
4374.08 12.4434 0.3 0.13
4375.94 12.413 0.3 0.13
4377.98 12.4253 0.3 0.13
4380.05 12.4087 0.3 0.13
4382.08 12.3671 0.3 0.13
4383.93 12.3853 0.3 0.13
4385.98 12.3926 0.3 0.13
4388.04 12.3418 0.3 0.13
4390.09 12.3704 0.3 0.13
4391.88 12.3224 0.3 0.13
4394.01 12.2873 0.3 0.13
4396.01 12.2879 0.3 0.13
4398.15 12.2669 0.3 0.13
4400.01 12.2479 0.3 0.13
4402.02 12.2709 0.3 0.13
4404.05 12.2679 0.3 0.13
4406.12 12.2218 0.3 0.13
4408.01 12.2309 0.3 0.13
4410 12.2341 0.3 0.13
4412.04 12.2136 0.3 0.13
4413.95 12.1864 0.3 0.13
4415.98 12.1901 0.3 0.13
4418.04 12.1812 0.3 0.13
4420.11 12.1167 0.3 0.13
4421.95 12.1592 0.3 0.13
4424.03 12.1145 0.3 0.13
4425.99 12.1302 0.3 0.13
4428.03 12.142 0.3 0.13
4429.96 12.0608 0.3 0.13
4431.96 12.0968 0.3 0.13
4434.06 12.0439 0.3 0.13
4436.09 12.0587 0.3 0.13
4437.96 12.0133 0.3 0.13
4440.02 12.0236 0.3 0.13
4442.07 11.9896 0.3 0.13
4444.13 11.9421 0.3 0.13
4446.01 11.9529 0.3 0.13
4447.99 11.9555 0.3 0.13
4450.09 11.9261 0.3 0.13
4451.91 11.9547 0.3 0.13
4453.96 11.9024 0.3 0.13
4456 11.917 0.3 0.13
4458.09 11.9272 0.3 0.13
4459.96 11.8414 0.3 0.13
4462 11.8939 0.3 0.13
4464.03 11.8583 0.3 0.13
4466.14 11.8179 0.3 0.13
4467.95 11.8325 0.3 0.13
4470.05 11.8001 0.3 0.13
4472.04 11.7865 0.3 0.13
4474.07 11.819 0.3 0.13
4475.97 11.7973 0.3 0.13
4477.98 11.7809 0.3 0.13
4479.98 11.8035 0.3 0.13
4482.04 11.7419 0.3 0.13
4483.95 11.7169 0.3 0.13
4486.03 11.7087 0.3 0.13
4488.05 11.687 0.3 0.13
4490.09 11.6878 0.3 0.13
4491.99 11.6662 0.3 0.13
4494.08 11.6739 0.3 0.13
4496.05 11.6426 0.3 0.13
4497.92 11.6584 0.3 0.13
4500.03 11.624 0.3 0.13
4502.06 11.6286 0.3 0.13
4504.08 11.6288 0.3 0.13
