1002.29 1.9748
1019.53 1.98146
1040.57 1.97947
1060.68 1.97942
1079.56 1.98094
1100.63 1.97943
1119.81 1.98016
1139.77 1.9801
1160.04 1.98
1179.95 1.97981
1200.03 1.97975
1220.13 1.97978
1239.95 1.97993
1260.23 1.97966
1280.12 1.97983
1300.12 1.98009
1320.16 1.97964
1340.08 1.97983
1360 1.97967
1380.1 1.97977
1400.01 1.9797
1420.08 1.97954
1440.02 1.97928
1459.94 1.97936
1480.04 1.97941
1500 1.97936
1519.94 1.97911
1540.05 1.97877
1559.93 1.97884
1580.09 1.97874
1600.02 1.97907
1620.01 1.97886
1640.09 1.97893
1660.02 1.97835
1679.99 1.97877
1700.07 1.97854
1719.94 1.97864
1740.16 1.97864
1759.97 1.97845
1779.97 1.97835
1800.07 1.97799
1801.42 1.98729
1800.96 1.98439
1801.95 1.98429
1803.13 1.98413
1803.93 1.98407
1805.16 1.98356
1806.08 1.9841
1806.94 1.98427
1808.13 1.98424
1809.08 1.98397
1809.97 1.98393
1811.09 1.98423
1812.01 1.98421
1812.93 1.98421
1814.04 1.9843
1815.03 1.98407
1816.16 1.98412
1817.04 1.98431
1817.9 1.98434
1819.13 1.98429
1820.02 1.98388
1820.96 1.98411
1822.07 1.98402
1823.06 1.98403
1824.17 1.9841
1825.06 1.98401
1825.94 1.98415
1827.07 1.98408
1828.08 1.98417
1828.94 1.98386
1830.04 1.9839
1831.03 1.98384
1831.92 1.98428
1833.06 1.98392
1834 1.98385
1835.12 1.9835
1836.06 1.98365
1836.96 1.98376
1838.05 1.98373
1839.02 1.98363
1839.93 1.9838
1841.05 1.98366
1842.04 1.98399
1843.13 1.98397
1844.08 1.98393
1845.02 1.98379
1846.12 1.98386
1847.05 1.98375
1847.93 1.98373
1849.11 1.98372
1849.97 1.9838
1850.92 1.98367
1852.05 1.98373
1853.05 1.98374
1854.15 1.98355
1855.04 1.98367
1855.99 1.98381
1857.08 1.98401
1858.03 1.98381
1858.91 1.98373
1860.05 1.9837
1860.97 1.9836
1862.1 1.98373
1863.05 1.9837
1863.93 1.98364
1865.14 1.98348
1866.02 1.98369
1866.97 1.98341
1868.05 1.98352
1868.98 1.98354
1869.92 1.98355
1871.07 1.98355
1872.06 1.98365
1873.08 1.98355
1874.02 1.98378
1875 1.98391
1876.09 1.98374
1876.99 1.98364
1877.95 1.98376
1879.07 1.98355
1880 1.98367
1881.1 1.98347
1882.08 1.98334
1882.96 1.98366
1884.09 1.98335
1885.03 1.98372
1885.94 1.98356
1887.11 1.98352
1887.95 1.98359
1888.9 1.9836
1890.05 1.9837
1890.93 1.9835
1892.16 1.98366
1893.04 1.98351
1894.04 1.98318
1895.05 1.98366
1896.02 1.98373
1896.92 1.98345
1898.04 1.98348
1898.98 1.9836
1900.11 1.98362
1900.98 1.98363
1901.94 1.98346
1903.12 1.98362
1904.02 1.98331
1904.94 1.98339
1906 1.9836
1907.04 1.98318
1907.99 1.98349
1909.06 1.98341
1909.98 1.98324
1911.11 1.9834
1912.11 1.9833
1913.04 1.98332
1914.12 1.98318
1916.01 1.98332
1917.13 1.98299
1917.97 1.98292
1919.12 1.98293
1920.07 1.98324
1920.98 1.98347
1922.14 1.98284
1922.99 1.98309
1923.93 1.98369
1925.05 1.98338
1925.96 1.98318
1927.09 1.98337
1928 1.98302
1928.93 1.98315
1930.13 1.98314
1931.07 1.98328
1931.93 1.98303
1933.13 1.98287
1934.06 1.98323
1934.92 1.98326
1936.07 1.98319
1936.88 1.98303
1938.2 1.98292
1939.92 1.98329
1941.07 1.98334
1942.04 1.98319
1943.06 1.98313
1944.01 1.983
1944.98 1.98297
1946.11 1.98283
1947.08 1.98309
1948.01 1.98285
1949.11 1.98275
1950.09 1.98305
1951.01 1.9827
1951.97 1.98308
1953.07 1.98279
1953.98 1.98276
1955.1 1.98271
1955.97 1.98292
1957.07 1.98291
1958.04 1.9828
1958.91 1.98302
1960.15 1.98295
1961.02 1.98279
1961.9 1.98273
1963.01 1.9829
1963.99 1.98269
1965.18 1.98311
1966.04 1.98284
1966.81 1.98291
1968.08 1.98287
1968.98 1.98293
1969.93 1.98306
1971.07 1.98286
1971.97 1.98291
1972.94 1.98294
1974.06 1.98289
1975.04 1.98256
1976.09 1.98298
1976.99 1.9826
1977.97 1.98247
1979.1 1.98268
1980.03 1.98283
1981 1.98274
1982.03 1.98288
1982.97 1.98283
1984.09 1.9829
1984.95 1.98304
1985.95 1.98277
1987.08 1.98289
1987.93 1.98287
1988.95 1.98274
1990.1 1.98274
1990.93 1.98236
1991.92 1.98239
1993.04 1.98279
1994.05 1.98263
1995.07 1.98289
1996.06 1.9825
1996.96 1.98277
1997.99 1.9825
1999 1.98253
1999.93 1.98249
2001.08 1.98243
2002.03 1.98274
2003.07 1.98261
2004.03 1.98248
2004.93 1.98259
2006.02 1.98236
2007.04 1.98238
2007.93 1.98242
2009.03 1.98236
2009.98 1.98237
2010.89 1.9821
2012.07 1.98268
2012.96 1.98248
2014.11 1.98241
2015 1.98235
2015.9 1.98229
2017.1 1.98241
2017.98 1.98229
2018.94 1.98242
2020.08 1.98239
2021 1.98242
2022.07 1.98203
2022.97 1.98203
2024.04 1.98247
2025.12 1.98227
2026.09 1.98222
2026.97 1.98199
2028.04 1.9824
2029.03 1.98225
2029.86 1.98232
2030.98 1.98215
2032.01 1.98221
2033.09 1.98198
2034.03 1.98226
2034.99 1.98233
2036.1 1.98218
2037.02 1.9822
2037.88 1.98213
2039.04 1.98223
2040.04 1.98189
2041.02 1.98209
2042.03 1.98194
2042.97 1.98242
2044.1 1.98183
2045.05 1.982
2045.93 1.9821
2047.02 1.98205
2047.95 1.98217
2049 1.9823
2050 1.982
2051.01 1.98189
2052.09 1.98181
2053.06 1.98173
2053.9 1.98204
2055.03 1.98184
2056.08 1.98215
2056.97 1.98191
2058.03 1.98186
2058.88 1.98182
2060.04 1.98193
2061.08 1.98165
2061.93 1.98179
2063.05 1.98185
2063.98 1.98174
2064.93 1.98158
2066.11 1.98169
2066.96 1.98185
2067.87 1.98204
2069.08 1.98178
2069.96 1.98196
2071.07 1.98158
2071.98 1.98177
2073 1.98188
2074.08 1.98168
2075 1.98199
2075.94 1.98168
2077.03 1.98194
2077.95 1.98169
2080 1.9818
2080.97 1.9818
2082.14 1.98178
2083.01 1.98166
2083.94 1.98179
2085.04 1.98159
2085.97 1.98163
2086.86 1.98147
2088.11 1.98159
2088.94 1.98148
2090.13 1.98153
2091.03 1.98155
2091.95 1.98151
2093.07 1.98149
2093.98 1.98149
2094.91 1.98153
2095.92 1.98146
2096.94 1.98141
2098.06 1.98156
2098.96 1.98147
2099.99 1.98133
2101.08 1.98143
2102.05 1.98151
2102.97 1.9814
2104.04 1.98115
2104.98 1.98104
2106.12 1.9813
2107.09 1.98148
2107.96 1.98131
2109.07 1.9813
2110 1.98122
2110.88 1.98111
2112.06 1.98147
2113 1.98116
2113.91 1.98098
2115.03 1.9811
2115.93 1.9813
2117.15 1.98145
2118.02 1.98115
2118.99 1.98131
2120.07 1.98091
2121 1.98118
2121.96 1.98087
2123.04 1.98119
2124.03 1.98092
2125.1 1.98101
2126.04 1.98126
2126.97 1.98112
2128.11 1.98095
2129.01 1.98091
2129.93 1.98114
2131.02 1.9808
2131.97 1.9809
2132.92 1.98081
2134.09 1.98053
2135 1.98092
2136.03 1.98067
2137 1.98078
2138.03 1.98063
2139.02 1.98079
2140 1.98089
2140.93 1.98081
2142.03 1.98084
2142.98 1.9806
2144.1 1.98078
2145.11 1.98087
2145.97 1.98069
2147.03 1.9805
2148.01 1.98082
2148.95 1.98038
2150.05 1.98026
2150.97 1.9805
2151.91 1.98058
2153.03 1.98054
2153.96 1.98002
2155.07 1.98055
2155.99 1.98075
2156.86 1.98035
2158.07 1.98017
2158.93 1.98015
2159.95 1.98038
2161.09 1.98048
2161.96 1.98056
2163.17 1.98021
2164.03 1.9802
2164.98 1.98024
2166.07 1.98014
2166.98 1.98005
2167.89 1.98022
2169.03 1.9801
2170.02 1.98041
2170.98 1.9802
2172.04 1.98049
2172.97 1.98035
2174.05 1.9799
2175.04 1.97995
2175.92 1.97994
2177.01 1.98
2177.92 1.98005
2178.91 1.98009
2180.06 1.98001
2180.97 1.98017
2182.14 1.98018
2183.02 1.98008
2183.94 1.97987
2185.07 1.97991
2186.02 1.97996
2186.93 1.97968
2188.02 1.97964
2188.94 1.97976
2190 1.97988
2191.08 1.97958
2191.96 1.97955
2193.09 1.9793
2194 1.9799
2194.9 1.9797
2196.05 1.9794
2196.96 1.97969
2197.93 1.97961
2199.06 1.97964
2200.01 1.97965
2201.14 1.97918
2202.01 1.97946
2202.93 1.97933
2204.09 1.9797
2205.02 1.97916
2205.92 1.97947
2207.03 1.97944
2207.98 1.97935
2208.89 1.97918
2210.01 1.97914
2210.99 1.97937
2212.05 1.97923
2213.02 1.97938
2213.96 1.97897
2215.03 1.97911
2215.99 1.97909
2216.89 1.97923
2218.12 1.97907
2218.99 1.97945
2220.02 1.97895
2221.07 1.97919
2221.92 1.97903
2223.02 1.97882
2224 1.97879
2224.96 1.97891
2226.12 1.97898
2226.91 1.97894
2227.97 1.97875
2229 1.97887
2229.92 1.9788
2231.11 1.97899
2231.95 1.97866
2232.93 1.97889
2234.03 1.97887
2234.97 1.97878
2235.86 1.97886
2237.09 1.97864
2237.91 1.97854
2239.08 1.97832
2240.01 1.97876
2240.91 1.97871
2242.02 1.9784
2242.95 1.97835
2243.97 1.97874
2245 1.97849
2245.96 1.97858
2246.91 1.97841
2247.98 1.9783
2248.96 1.97827
2250.09 1.97829
2251.08 1.97823
2251.93 1.97816
2253.08 1.97847
2253.98 1.97823
2254.94 1.97771
2256.05 1.97798
2257 1.97799
2258.05 1.97815
2258.98 1.97814
2259.91 1.97788
2261.08 1.97786
2261.99 1.97784
2262.89 1.9776
2264.06 1.97755
2264.94 1.97789
2265.89 1.97782
2267.03 1.97802
2267.95 1.97766
2269.04 1.97769
2270.04 1.97767
2270.93 1.97762
2272.08 1.97762
2272.91 1.97763
2273.94 1.97776
2275.02 1.97781
2276.01 1.9775
2277.07 1.9775
2278 1.97726
2278.92 1.97706
2280.07 1.97735
2281 1.97755
2281.96 1.97734
2283.04 1.97711
2283.94 1.97703
2285.11 1.97717
2286.01 1.97733
2286.96 1.97723
2288.11 1.97733
2288.97 1.97727
2289.93 1.97691
2291.11 1.97713
2291.99 1.97744
2292.93 1.97689
2294 1.97693
2294.92 1.97693
2296.1 1.9768
2297.01 1.97697
2297.9 1.97652
2299.06 1.97673
2299.93 1.97662
2300.96 1.97652
2302.01 1.97662
2302.92 1.97653
2304.08 1.97662
2304.99 1.97644
2305.94 1.97647
2307.05 1.97638
2308 1.9764
2308.92 1.97668
2310.03 1.9769
2310.96 1.9763
2311.88 1.97632
2312.99 1.97615
2313.94 1.97623
2315.06 1.97618
2316.03 1.97644
2316.91 1.97613
2318.05 1.9761
2318.98 1.97585
2319.9 1.97613
2321.01 1.97582
2321.94 1.97615
2323.03 1.97602
2324 1.9759
2324.98 1.97598
2326.1 1.97562
2327 1.97598
2327.86 1.97555
2329.02 1.97568
2329.95 1.97576
2330.95 1.97563
2332.03 1.9756
2332.98 1.97572
2334.01 1.97553
2334.93 1.9754
2335.84 1.97545
2337.04 1.97548
2337.99 1.97528
2338.87 1.97518
2340.03 1.97524
2340.92 1.97518
2342.08 1.97509
2343.04 1.97532
2343.95 1.97495
2345.08 1.9748
2345.96 1.97506
2346.92 1.97461
2348.11 1.97479
2349.02 1.97496
2349.89 1.97488
2351.04 1.97485
2351.9 1.97494
2353.06 1.97456
2354.05 1.9748
2354.93 1.9745
2356.06 1.97465
2356.98 1.9745
2357.88 1.97433
2359.09 1.97425
2360.01 1.97449
2361.1 1.97415
2361.98 1.97437
2362.91 1.97412
2364.04 1.97433
2365 1.97417
2365.91 1.97395
2367.02 1.97407
2367.96 1.97403
2368.92 1.97402
2370 1.97378
2370.97 1.97377
2372.07 1.97351
2372.94 1.97381
2373.93 1.97377
2375.05 1.97365
2376.01 1.9733
2376.85 1.97366
2378.02 1.97377
2378.87 1.97332
2380.1 1.97321
2381 1.97322
2381.96 1.97299
2383.04 1.97301
2383.98 1.97319
2384.95 1.9731
2386.05 1.97308
2387.9 1.97267
2388.98 1.97292
2389.97 1.97305
2391.03 1.973
2392 1.97268
2392.9 1.97265
2394.04 1.97241
2394.97 1.97255
2395.02 1.97257
2397.08 1.9725
2397.97 1.97235
2399.1 1.97231
2399.95 1.97216
2400.9 1.97183
2402.11 1.97213
2402.94 1.97198
2403.9 1.97196
2405.01 1.97205
2405.96 1.97173
2406.87 1.97186
2408 1.972
2408.92 1.97172
2410.08 1.97162
2410.98 1.97161
2411.9 1.97173
2413.07 1.97157
2414.01 1.97158
2414.9 1.97131
2416.08 1.97137
2416.95 1.97155
2418.01 1.97127
2418.99 1.97107
2419.91 1.97123
2421.04 1.97106
2421.98 1.97085
2422.9 1.97062
2424.07 1.97062
2424.97 1.97106
2425.87 1.97059
2427.05 1.97077
2427.93 1.97076
2429.08 1.97068
2430.01 1.97074
2430.92 1.97059
2432.02 1.97041
2432.94 1.97042
2433.92 1.97018
2435.04 1.97027
2435.9 1.96999
2437.06 1.96992
2437.99 1.97024
2438.94 1.97016
2440.03 1.96971
2440.96 1.96991
2441.88 1.96946
2443 1.96948
2443.94 1.96948
2444.91 1.96948
2446.03 1.96933
2446.99 1.96914
2448.07 1.96916
2449.09 1.96887
2449.92 1.96933
2451.03 1.96915
2451.95 1.96878
2452.85 1.96864
2453.98 1.96889
2454.94 1.96852
2456.07 1.96842
2456.99 1.96852
2457.97 1.96838
2459.06 1.96833
2459.96 1.96839
2460.91 1.9682
2462.08 1.96806
2462.94 1.96785
2463.88 1.96772
2465 1.96777
2465.88 1.96775
2467.1 1.96763
2468.01 1.96729
2468.93 1.9674
2470.02 1.96697
2470.96 1.9674
2471.87 1.96736
2473.03 1.96694
2473.91 1.96692
2475.04 1.96693
2476.03 1.96699
2476.92 1.96679
2478 1.96662
2479.01 1.96655
2479.93 1.9666
2480.99 1.96653
2481.93 1.9663
2483.1 1.96623
2484.03 1.96606
2484.9 1.9662
2486.03 1.96633
2486.99 1.96579
2487.95 1.96593
2489.07 1.96568
2489.95 1.96578
2490.9 1.96554
2492.05 1.96557
2492.92 1.96539
2494.07 1.9656
2494.97 1.96493
2496 1.96485
2497.03 1.96461
2497.94 1.96471
2498.93 1.96491
2500.09 1.96481
2500.98 1.96449
2502.04 1.96437
2503 1.96422
2503.97 1.96406
2505.05 1.96388
2506 1.96384
2506.89 1.96391
2508.1 1.96353
2508.99 1.96375
2509.91 1.96389
2511.06 1.96357
2512 1.96315
2513.09 1.96322
2514.04 1.96296
2514.95 1.96289
2516.11 1.96283
2516.95 1.96282
2517.93 1.96254
2518.99 1.96263
2520.01 1.96237
2521.09 1.96226
2522.02 1.96211
2522.99 1.96202
2524.05 1.96192
2524.96 1.96156
2525.91 1.96165
2527.08 1.96138
2527.95 1.96149
2528.96 1.96104
2530.01 1.96117
2530.91 1.96101
2532.01 1.96092
2532.98 1.96085
2533.9 1.96064
2535.07 1.96027
2535.93 1.96038
2536.85 1.96021
2538.07 1.96001
2538.98 1.95984
2540.11 1.95983
2541.03 1.95959
2541.92 1.95936
2543.11 1.9592
2544.02 1.95913
2544.93 1.95902
2545.98 1.95885
2547.03 1.95873
2547.94 1.95864
2548.98 1.95846
2550.03 1.95819
2551.1 1.9583
2552.94 1.95758
2554.07 1.95774
2554.97 1.95746
2555.89 1.95737
2557.02 1.95727
2557.96 1.95708
2559.07 1.9566
2560.02 1.95651
2560.94 1.95658
2562.03 1.9566
2563.01 1.95613
2563.91 1.95601
2565.09 1.95575
2566 1.95559
2566.93 1.95527
2568.02 1.95517
2568.97 1.95484
2570.04 1.95477
2570.96 1.9548
2571.92 1.95475
2573.07 1.95458
2574 1.95434
2574.98 1.95423
2576.07 1.95393
2576.98 1.95343
2578.09 1.95352
2579.95 1.95265
2581.1 1.95275
2582.06 1.95264
2583.01 1.95224
2584 1.95208
2585.02 1.95159
2585.96 1.95165
2586.98 1.95164
2588 1.95107
2589.03 1.951
2590.01 1.95088
2590.92 1.95073
2592.01 1.95023
2593.01 1.9506
2593.99 1.94981
2595.08 1.94968
2595.94 1.94946
2597.09 1.94941
2598.04 1.94897
2599.01 1.9488
2600.06 1.94862
2601.03 1.94846
2601.94 1.94823
2603.11 1.94795
2603.94 1.94783
2604.94 1.94735
2606.07 1.94719
2607 1.94667
2608.08 1.94634
2609.04 1.94648
2610.01 1.94587
2611.08 1.94561
2612.03 1.9457
2612.99 1.94514
2614.05 1.94486
2614.98 1.94454
2616.12 1.94445
2617.02 1.94397
2617.98 1.94373
2619.09 1.94355
2620.06 1.94317
2620.92 1.94303
2622.16 1.94276
2623.02 1.94222
2623.86 1.94199
2625.08 1.94175
2625.93 1.9414
2627.09 1.94107
2628.12 1.94092
2628.96 1.94054
2630.06 1.94033
2631 1.94001
2632.02 1.93916
2633.08 1.9393
2633.98 1.93876
2635.06 1.93863
2636 1.93845
2636.97 1.938
2638.15 1.93727
2639.07 1.93744
2639.99 1.93705
2641.18 1.93647
2642.01 1.93597
2643.01 1.93583
2644.05 1.93533
2645.01 1.93487
2646.22 1.93459
2647.09 1.93439
2647.98 1.93413
2649.17 1.93377
2650.11 1.93306
2650.96 1.93289
2652.14 1.93217
2653.04 1.93184
2654.15 1.93134
2655.12 1.93085
2656.06 1.93061
2657.06 1.93038
2658.06 1.92979
2659.09 1.92934
2660.09 1.92877
2661.01 1.92869
2661.07 1.92855
2663.13 1.92727
2664.03 1.92699
2665.12 1.92651
2666.05 1.92639
2667.04 1.92573
2668.03 1.9254
2669.09 1.92462
2669.93 1.92409
2671.14 1.92364
2672.04 1.92283
2673.06 1.92284
2674.16 1.92212
2674.97 1.92154
2676.17 1.92105
2677.08 1.9206
2678.02 1.91988
2679.15 1.91916
2680.08 1.91885
2681.22 1.91807
2682.09 1.91773
2683.09 1.91728
2684.2 1.91637
2685.11 1.91581
2686.07 1.91518
2687.09 1.91463
2688.17 1.91415
2689.03 1.91344
2690.18 1.91283
2691.04 1.91192
2692.18 1.91112
2693.2 1.91054
2694 1.91009
2695.11 1.90933
2696.14 1.90842
2697.1 1.90799
2698.22 1.90701
2699.08 1.90601
2700.25 1.90546
2701.16 1.90472
2702.03 1.90397
2703.22 1.90303
2704.22 1.90255
2705.01 1.90158
2706.12 1.90063
2707.17 1.90013
2708.07 1.89945
2709.16 1.89805
2710.17 1.89738
2711.26 1.89642
2712.14 1.89566
2713.15 1.89477
2714.23 1.89392
2715.19 1.89267
2716.09 1.89191
2717.16 1.89083
2718.23 1.89005
2719.29 1.88874
2720.17 1.88777
2721.19 1.88684
2722.22 1.88556
2723.23 1.88475
2724.2 1.88353
2725.21 1.88257
2726.21 1.88145
2727.15 1.88056
2728.29 1.87888
2729.18 1.87777
2730.27 1.87661
2731.27 1.87501
2732.21 1.87415
2733.33 1.87272
2734.19 1.87124
2735.24 1.87018
2736.21 1.86842
2737.2 1.86718
2738.4 1.86564
2739.16 1.86422
2740.19 1.8633
2741.32 1.8617
2742.27 1.85981
2743.23 1.85876
2744.34 1.85691
2745.26 1.85537
2746.24 1.85347
2747.22 1.85141
2748.29 1.85046
2749.39 1.84863
2750.29 1.84673
2751.23 1.84503
2752.32 1.84293
2753.26 1.84091
2754.21 1.83962
2755.36 1.8372
2756.24 1.83523
2757.36 1.83304
2758.37 1.83099
2759.21 1.8288
2760.42 1.82676
2761.33 1.82455
2762.28 1.82245
2763.33 1.81989
2764.35 1.81781
2765.24 1.81545
2766.4 1.81276
2767.41 1.81014
2768.51 1.80702
2769.32 1.8046
2770.4 1.8022
2771.5 1.79923
2772.39 1.79614
2773.25 1.79347
2774.46 1.78964
2775.42 1.78734
2776.48 1.78342
2777.39 1.78101
2778.38 1.77731
2779.43 1.7734
2780.4 1.77014
2781.36 1.76693
2782.49 1.76303
2783.48 1.75943
2784.37 1.75548
2785.54 1.75136
2786.45 1.74691
2787.51 1.74285
2788.46 1.73848
2789.48 1.73435
2790.54 1.72929
2791.49 1.72507
2792.37 1.72029
2793.48 1.71498
2794.52 1.71007
2795.59 1.70421
2796.52 1.69913
2797.53 1.69425
2798.62 1.68812
2799.57 1.6822
2800.48 1.67647
2801.62 1.66975
2802.53 1.66349
2803.58 1.65726
2804.62 1.64983
2805.56 1.64311
2806.6 1.63536
2807.62 1.62803
2808.6 1.62099
2809.62 1.61244
2810.6 1.60504
2811.59 1.59743
2812.67 1.58828
2813.57 1.58047
2814.72 1.57108
2815.81 1.56241
2816.61 1.55367
2817.77 1.54384
2818.76 1.53503
2819.54 1.52571
2820.68 1.51492
2821.7 1.50523
2822.65 1.4955
2823.81 1.48388
2824.63 1.4733
2825.91 1.46119
2826.71 1.451
2827.66 1.44055
2828.85 1.42788
2829.87 1.41735
2830.62 1.4061
2831.76 1.39336
2832.66 1.38179
2833.96 1.36869
2834.88 1.35721
2835.73 1.34589
2836.74 1.33273
2837.77 1.32178
2838.74 1.31063
2839.89 1.29738
2840.76 1.28599
2841.85 1.27227
2842.85 1.26163
2843.81 1.25038
2844.77 1.23742
2845.7 1.2265
2846.79 1.21558
2847.9 1.20245
2848.7 1.19245
2849.69 1.18155
2850.74 1.16976
2851.66 1.15936
2852.76 1.14806
2853.73 1.13844
2854.61 1.12899
2855.79 1.11793
2856.62 1.10867
2857.55 1.1001
2858.64 1.09046
2859.44 1.08191
2860.71 1.07241
2861.61 1.06452
2862.47 1.05724
2863.56 1.0487
2864.49 1.04176
2865.26 1.03556
2866.49 1.02742
2867.45 1.02201
2868.2 1.01642
2869.36 1.01004
2870.2 1.00481
2871.29 0.999887
2872.14 0.995277
2873.15 0.991266
2874.06 0.986701
2875.05 0.983262
2875.93 0.980292
2876.94 0.976876
2877.82 0.974479
2878.99 0.971611
2879.87 0.969596
2880.8 0.968031
2881.94 0.965965
2882.68 0.965477
2883.56 0.964447
2884.62 0.963991
2885.61 0.964233
2886.35 0.963848
2887.62 0.964546
2888.52 0.96497
2889.45 0.965883
2890.4 0.966911
2891.24 0.96758
2892.36 0.969821
2893.26 0.971343
2894.27 0.973428
2895.23 0.975679
2896.19 0.977902
2897.37 0.980818
2898.23 0.983545
2899.15 0.986516
2900.16 0.989934
2901.09 0.993143
2901.83 0.995875
2903.04 1.00003
2903.94 1.00368
2904.89 1.00714
2906.03 1.01189
2906.99 1.01571
2908.06 1.02032
2908.87 1.02403
2909.81 1.02871
2910.89 1.03401
2911.98 1.03799
2912.76 1.04212
2913.82 1.04788
2914.89 1.05225
2915.93 1.05766
2916.91 1.0625
2917.83 1.06719
2918.97 1.0731
2919.95 1.07762
2920.71 1.08289
2921.83 1.08845
2922.84 1.09388
2923.82 1.09845
2924.77 1.10462
2925.68 1.10975
2926.79 1.11594
2927.82 1.12129
2928.65 1.12631
2929.85 1.13252
2930.82 1.13791
2931.64 1.14269
2932.85 1.14893
2933.82 1.15471
2934.88 1.16078
2935.77 1.16602
2937.81 1.17798
2938.73 1.18281
2939.8 1.18803
2940.8 1.19467
2941.81 1.19984
2943.8 1.21142
2944.86 1.21595
2945.79 1.22283
2946.81 1.2278
2947.73 1.23283
2948.88 1.239
2949.91 1.24404
2950.74 1.24897
2951.87 1.25515
2952.87 1.26046
2953.9 1.26666
2954.92 1.27124
2955.81 1.27641
2956.99 1.28258
2957.91 1.2876
2958.82 1.29234
2959.99 1.2984
2960.84 1.30275
2961.77 1.30844
2962.93 1.31407
2963.84 1.31886
2964.97 1.3244
2965.92 1.3293
2966.92 1.33412
2967.94 1.33968
2968.87 1.34472
2969.84 1.34942
2970.95 1.35513
2971.93 1.35953
2973 1.36533
2973.82 1.36992
2974.89 1.37444
2976.04 1.38026
2976.99 1.38428
2977.88 1.38904
2979.08 1.39402
2980.02 1.39846
2980.9 1.40269
2982.06 1.40785
2982.93 1.41254
2984.1 1.4174
2984.99 1.42196
2985.99 1.4259
2987.01 1.4309
2988.01 1.43487
2989.01 1.43929
2990.08 1.4441
2991.05 1.44791
2992.27 1.45273
2993.09 1.45675
2993.94 1.46007
2995.15 1.4656
2996.05 1.46908
2997.05 1.47292
2998.1 1.4778
2999.12 1.48157
2999.99 1.48559
3001.18 1.48982
3002.03 1.49312
3003.2 1.49786
3004.11 1.50153
3005.07 1.50534
3006.15 1.50959
3007.13 1.51356
3008.09 1.51695
3009.21 1.52105
3010.12 1.52493
3011.25 1.52936
3012.25 1.53241
3013.09 1.53532
3014.24 1.53975
3015.23 1.5426
3016.1 1.54641
3017.2 1.55032
3018.2 1.5535
3019.3 1.55738
3020.19 1.56064
3021.16 1.56391
3022.34 1.56781
3023.2 1.57109
3024.16 1.57386
3025.31 1.57756
3026.27 1.58089
3027.2 1.5837
3028.3 1.58758
3029.21 1.59002
3030.29 1.59336
3031.34 1.59695
3032.22 1.59943
3033.29 1.60273
3034.16 1.60569
3035.11 1.60829
3036.29 1.61179
3037.33 1.61428
3038.33 1.61779
3039.39 1.62007
3040.24 1.623
3041.42 1.62599
3042.28 1.62856
3043.27 1.63094
3044.27 1.6341
3045.3 1.63691
3046.25 1.63928
3047.38 1.64252
3048.28 1.64466
3049.4 1.64787
3050.3 1.64998
3051.3 1.65239
3052.45 1.65544
3053.33 1.65767
3054.26 1.65963
3055.43 1.6627
3056.31 1.66508
3057.42 1.66794
3058.37 1.67009
3059.37 1.67225
3060.44 1.67512
3061.39 1.67676
3062.26 1.67892
3063.42 1.68165
3064.36 1.68352
3065.4 1.68542
3066.4 1.68843
3067.38 1.69045
3068.48 1.69269
3069.36 1.69512
3070.38 1.69685
3071.48 1.69911
3072.43 1.7016
3073.41 1.70311
3074.45 1.70571
3075.43 1.70753
3076.58 1.70975
3077.53 1.71141
3078.38 1.71376
3079.51 1.71577
3080.55 1.71733
3081.4 1.71954
3082.53 1.72152
3083.42 1.72352
3084.37 1.72531
3085.47 1.72746
3086.43 1.72939
3087.61 1.73118
3088.49 1.73312
3089.51 1.73477
3090.55 1.73679
3091.5 1.7382
3092.43 1.74007
3094.48 1.74363
3095.59 1.74579
3096.54 1.74706
3097.5 1.74904
3098.64 1.75085
3099.53 1.75205
3100.39 1.75388
3101.55 1.75584
3102.57 1.75735
3103.47 1.75871
3104.58 1.76082
3105.52 1.76199
3106.57 1.76414
3107.51 1.76537
3108.5 1.76692
3109.66 1.76859
3110.6 1.76976
3111.47 1.77136
3112.64 1.77266
3113.5 1.77446
3114.6 1.77633
3115.57 1.77738
3116.51 1.77878
3117.62 1.7803
3118.6 1.7815
3119.4 1.78313
3120.59 1.78459
3121.58 1.78584
3122.5 1.78691
3123.56 1.78862
3124.5 1.79022
3125.56 1.79192
3126.57 1.7928
3127.56 1.79404
3128.62 1.79516
3129.61 1.79649
3130.53 1.79774
3131.64 1.79927
3132.56 1.80047
3133.65 1.80208
3134.6 1.80313
3135.59 1.80436
3136.67 1.80571
3137.61 1.80684
3138.54 1.80787
3139.71 1.8093
3140.65 1.81003
3141.53 1.81127
3142.64 1.81266
3143.62 1.81339
3144.72 1.81487
3145.67 1.81574
3146.63 1.81706
3147.72 1.8183
3148.64 1.81967
3149.61 1.82037
3150.69 1.82163
3151.68 1.82223
3152.79 1.82351
3153.65 1.82458
3154.63 1.82549
3155.7 1.82692
3156.61 1.828
3157.57 1.82892
3158.68 1.82993
3159.71 1.83072
3160.57 1.8317
3161.62 1.83288
3162.67 1.83385
3163.81 1.83493
3164.73 1.83572
3165.64 1.83652
3166.73 1.83775
3167.65 1.83835
3169.75 1.84054
3170.65 1.84151
3171.81 1.84258
3172.69 1.843
3173.65 1.84413
3174.77 1.84497
3175.72 1.84589
3176.62 1.84684
3177.78 1.84745
3178.65 1.84836
3179.59 1.84934
3180.79 1.84981
3181.68 1.85075
3182.83 1.85179
3183.73 1.85245
3184.72 1.85336
3185.77 1.8541
3186.76 1.85468
3187.66 1.85563
3188.74 1.85663
3189.71 1.85716
3190.83 1.85808
3191.72 1.85881
3192.72 1.8597
3193.83 1.8604
3194.74 1.86094
3195.64 1.86172
3196.8 1.86245
3197.77 1.86288
3198.87 1.86403
3199.84 1.86473
3200.68 1.86559
3201.85 1.86615
3202.8 1.86697
3203.73 1.86755
3204.81 1.86827
3205.78 1.86914
3206.77 1.86966
3207.73 1.87055
3208.77 1.87099
3209.77 1.87179
3210.73 1.87238
3211.7 1.87296
3212.89 1.87372
3213.77 1.87424
3214.77 1.87458
3215.8 1.87579
3216.75 1.87606
3217.89 1.87697
3218.87 1.87753
3219.75 1.87803
3220.93 1.87862
3221.86 1.8791
3222.75 1.88006
3223.87 1.88036
3224.78 1.88081
3225.65 1.88146
3226.86 1.88188
3227.83 1.88274
3228.84 1.8834
3229.83 1.88371
3230.74 1.88443
3231.87 1.88498
3232.76 1.88568
3233.66 1.88614
3234.89 1.88668
3235.91 1.88729
3236.91 1.88749
3237.85 1.88817
3238.83 1.88873
3239.88 1.88918
3240.9 1.88984
3241.8 1.89045
3243 1.89071
3243.81 1.89135
3244.75 1.89177
3245.91 1.89229
3246.76 1.89287
3247.94 1.89334
3248.86 1.89378
3249.85 1.89435
3250.82 1.89475
3251.9 1.8951
3252.83 1.89579
3253.93 1.89617
3254.82 1.89662
3256.04 1.89696
3256.89 1.89759
3257.87 1.89776
3258.94 1.89852
3259.88 1.89887
3260.81 1.89954
3261.99 1.89993
3262.89 1.90019
3263.74 1.9009
3264.96 1.90094
3265.76 1.90173
3266.94 1.90205
3267.94 1.90246
3268.88 1.90286
3269.87 1.90359
3270.87 1.90343
3271.84 1.90407
3272.93 1.9047
3273.87 1.90491
3275 1.90537
3275.97 1.90552
3276.87 1.90594
3277.96 1.90677
3278.9 1.90714
3279.91 1.9072
3281.01 1.9079
3281.86 1.90808
3282.88 1.90859
3283.89 1.90892
3284.85 1.90926
3286.04 1.90978
3287.02 1.91004
3287.87 1.91024
3289 1.91087
3289.96 1.91078
3290.89 1.91138
3292.06 1.91174
3292.92 1.91204
3294.02 1.91254
3294.96 1.91274
3295.9 1.91309
3297.04 1.91353
3297.93 1.91369
3298.87 1.91387
3300.05 1.91454
3301.03 1.91459
3301.78 1.91541
3302.98 1.91551
3303.87 1.91613
3305.07 1.9162
3305.98 1.91653
3306.95 1.91673
3307.97 1.91743
3308.96 1.91724
3309.96 1.91776
3311.05 1.91795
3311.96 1.91852
3313.07 1.91902
3313.98 1.91898
3314.94 1.91932
3316.11 1.91961
3317 1.92001
3317.96 1.92017
3319.01 1.92045
3319.97 1.9209
3320.88 1.92145
3322.01 1.92146
3322.96 1.92164
3324.12 1.92216
3325.01 1.92242
3325.97 1.92262
3327.14 1.92287
3327.99 1.92332
3328.92 1.92328
3330.04 1.92381
3330.95 1.92392
3332.11 1.92424
3333.06 1.92466
3333.98 1.92495
3335.07 1.92519
3336.04 1.92526
3336.95 1.92547
3338.08 1.92589
3338.89 1.92585
3339.95 1.92607
3340.98 1.92674
3341.95 1.92684
3343.09 1.92717
3343.98 1.92745
3344.93 1.92765
3346.12 1.9278
3346.98 1.92824
3347.91 1.92846
3349.04 1.92913
3350.01 1.92882
3351.09 1.92935
3352 1.92948
3353.02 1.92982
3354.04 1.92972
3354.99 1.92998
3355.93 1.93028
3356.98 1.93039
3357.93 1.93077
3358.92 1.9309
3359.99 1.93124
3360.96 1.93152
3362.07 1.93185
3363.03 1.93185
3363.95 1.93207
3365.12 1.93235
3365.96 1.93245
3366.99 1.93316
3368.08 1.93308
3368.97 1.93331
3370.12 1.93364
3371.05 1.93351
3371.92 1.93389
3373.03 1.93428
3374.08 1.93455
3374.96 1.93471
3376.08 1.93449
3377.05 1.93505
3377.92 1.93502
3379.1 1.93528
3379.95 1.93562
3381.06 1.9357
3382.02 1.93598
3382.95 1.93611
3384.04 1.93647
3385.05 1.93655
3386.02 1.93682
3387.09 1.93696
3387.96 1.93713
3389.09 1.93732
3390.06 1.93754
3391 1.93767
3392.15 1.9378
3393.04 1.93808
3393.99 1.93821
3395.15 1.93836
3396.02 1.9386
3397.07 1.9388
3398.06 1.93916
3399.01 1.93927
3400.13 1.93949
3401.01 1.93938
3401.98 1.93951
3403.06 1.93973
3404.01 1.93997
3405 1.94031
3406.07 1.94063
3407 1.94045
3408.12 1.94075
3409.05 1.94095
3410.04 1.94112
3411.05 1.94121
3412.13 1.94156
3413.04 1.94181
3414.07 1.94185
3415.05 1.94197
3416.17 1.9423
3417.07 1.94222
3418.02 1.94262
3419.08 1.94255
3420.06 1.94277
3420.95 1.9427
3422.18 1.94304
3423.12 1.94341
3423.98 1.94359
3425.09 1.9437
3426.02 1.9438
3427.2 1.94368
3428.06 1.94389
3429.08 1.94432
3430.12 1.94433
3431.04 1.94462
3432.04 1.94434
3433.14 1.9447
3434.01 1.94498
3435.16 1.94502
3436.16 1.94497
3437 1.94544
3438.07 1.94549
3439.07 1.94564
3439.98 1.94558
3441.12 1.94606
3442.06 1.94589
3442.94 1.94614
3444.12 1.94638
3445.08 1.94624
3446.26 1.94647
3447.14 1.94701
3448 1.94708
3449.21 1.94726
3450.09 1.94736
3450.99 1.9472
3452.16 1.94754
3453.12 1.94752
3454.15 1.9478
3455.13 1.94789
3456.1 1.94812
3457.18 1.94837
3458.08 1.94845
3459.02 1.94838
3460.14 1.94865
3461.1 1.94888
3462.13 1.94899
3463.1 1.94902
3464.04 1.9491
3465.2 1.94913
3466.06 1.949
3467.02 1.94925
3468.14 1.94937
3469.09 1.94938
3470.01 1.94969
3471.15 1.94985
3472.05 1.95012
3473.17 1.95005
3474.1 1.95019
3475.14 1.95033
3476.17 1.95062
3477.09 1.9506
3478.05 1.95058
3479.14 1.95062
3480.08 1.9507
3481.03 1.95092
3482.16 1.9513
3483.04 1.95104
3484.23 1.95154
3485.1 1.95112
3486.03 1.95186
3487.18 1.95187
3488.06 1.95186
3489.01 1.95143
3490.13 1.95194
3491.08 1.95215
3492.15 1.9523
3493.1 1.95268
3494.1 1.95295
3495.17 1.95284
3496.12 1.95274
3497.07 1.95306
3498.2 1.9529
3499.13 1.95289
3500.02 1.9531
3501.17 1.95332
3502.06 1.95348
3503.16 1.95321
3504.1 1.95359
3505.11 1.95367
3506.2 1.95357
3507.12 1.95371
3507.97 1.95376
3509.15 1.95398
3510.08 1.95428
3511.25 1.95413
3512.23 1.95428
3513.04 1.95421
3514.23 1.95474
3515.12 1.95447
3516.1 1.95488
3517.17 1.95471
3518.1 1.95489
3519.01 1.95468
3520.15 1.95491
3521.06 1.95512
3522.23 1.95537
3524.03 1.95567
3525.16 1.9554
3526.14 1.95549
3527.04 1.95542
3528.16 1.95542
3529.08 1.95573
3530.24 1.95619
3531.18 1.95612
3532.07 1.95587
3533.21 1.95616
3534.22 1.95614
3535.02 1.95647
3536.21 1.95628
3537.15 1.9566
3538.08 1.95679
3539.16 1.95671
3540.08 1.95695
3541.22 1.957
3542.18 1.95699
3543.1 1.95711
3544.19 1.95703
3545.13 1.95712
3546.15 1.95728
3547.23 1.95754
3548.08 1.95749
3549.25 1.95754
3550.11 1.9575
3551.04 1.95747
3552.2 1.95738
3553.12 1.95775
3554.09 1.95785
3555.19 1.95795
3556.13 1.95819
3557.02 1.95784
3558.2 1.9584
3559.07 1.95812
3560.26 1.95842
3561.18 1.95841
3562.07 1.95876
3563.22 1.95865
3564.12 1.95845
3565.08 1.95909
3566.14 1.95895
3567.11 1.95928
3568.13 1.95888
3569.11 1.95927
3570.17 1.95887
3571.26 1.95925
3572.17 1.95956
3573.12 1.95934
3574.14 1.95954
3575.15 1.95976
3576.22 1.95972
3577.21 1.95968
3578.08 1.95983
3579.21 1.95982
3580.23 1.95997
3581.14 1.96029
3582.25 1.96033
3583.13 1.95968
3584.12 1.96034
3585.2 1.96026
3587.28 1.96042
3588.2 1.96061
3589.11 1.96051
3590.25 1.96084
3591.14 1.96077
3592.06 1.96099
3593.19 1.96071
3594.15 1.96095
3595.19 1.96073
3596.13 1.96111
3597.17 1.96139
3598.18 1.96138
3599.16 1.96107
3600.12 1.96138
3601.22 1.96132
3602.15 1.9614
3603.07 1.96132
3604.18 1.96163
3605.16 1.96192
3606.22 1.96163
3607.16 1.96189
3608.13 1.9619
3609.23 1.96192
3610.16 1.96205
3611.11 1.96211
3612.27 1.96229
3613.15 1.96222
3614.31 1.96238
3615.22 1.96235
3616.15 1.96242
3617.2 1.96224
3618.13 1.96256
3619.13 1.96237
3620.18 1.96281
3621.1 1.96256
3622.06 1.96281
3623.21 1.96285
3624.09 1.96296
3625.23 1.96293
3626.18 1.96315
3627.11 1.96294
3628.22 1.96319
3629.19 1.96311
3630.05 1.96337
3631.2 1.96306
3632.11 1.96322
3633.25 1.96346
3634.19 1.96357
3635.11 1.96341
3636.25 1.96365
3637.16 1.9635
3638.09 1.96377
3639.2 1.96374
3640.09 1.96381
3641.05 1.96393
3642.18 1.96383
3643.17 1.96384
3644.3 1.96385
3645.15 1.96412
3646.16 1.96408
3647.23 1.96417
3648.15 1.96424
3649.13 1.96449
3650.23 1.96452
3651.12 1.96456
3652.32 1.96447
3653.21 1.96456
3654.1 1.965
3655.22 1.96496
3656.17 1.96473
3657.08 1.9645
3658.21 1.96455
3659.14 1.96514
3660.06 1.9648
3661.22 1.9651
3662.13 1.96491
3663.23 1.96517
3664.15 1.9652
3665.09 1.9649
3666.17 1.96535
3667.14 1.96523
3668.1 1.96531
3669.24 1.96562
3670.13 1.96544
3671.26 1.96593
3672.16 1.96558
3673.08 1.96588
3674.2 1.96584
3675.19 1.96567
3676.05 1.96594
3677.23 1.96579
3678.15 1.96569
3679.09 1.966
3680.21 1.96608
3681.12 1.96586
3682.22 1.9659
3683.22 1.96635
3684.16 1.96592
3685.26 1.96601
3686.12 1.96607
3687.19 1.96615
3688.18 1.96622
3689.11 1.96627
3690.28 1.96642
3691.25 1.96661
3692.1 1.96632
3693.22 1.96658
3694.19 1.96637
3695.13 1.96674
3696.24 1.96675
3697.15 1.96655
3698.06 1.96684
3699.2 1.96659
3700.14 1.96696
3701.24 1.9671
3702.18 1.96677
3703.1 1.96713
3704.22 1.96738
3705.13 1.96703
3706.09 1.96749
3707.24 1.96702
3708.17 1.96718
3709.22 1.96735
3710.18 1.96731
3711.11 1.96723
3712.23 1.9674
3713.17 1.96753
3714.08 1.96739
3715.18 1.96754
3716.15 1.9677
3717.06 1.96766
3718.19 1.96772
3719.14 1.96788
3720.2 1.96753
3721.21 1.96774
3722.12 1.96787
3723.17 1.9679
3724.2 1.96815
3725.08 1.96781
3726.16 1.96806
3727.2 1.96808
3728.29 1.96816
3729.16 1.96822
3730.13 1.96819
3731.2 1.96792
3732.2 1.968
3733.09 1.96827
3734.22 1.96832
3735.11 1.96859
3736.08 1.96839
3737.18 1.96852
3738.13 1.9684
3739.27 1.96856
3740.12 1.96865
3741.08 1.9687
3742.2 1.96865
3743.15 1.96881
3744.11 1.96867
3745.24 1.96885
3746.15 1.96878
3747.23 1.96847
3748.19 1.96907
3749.13 1.96897
3750.25 1.9691
3751.13 1.96903
3752.1 1.96871
3753.19 1.96894
3754.15 1.96889
3755.28 1.96911
3756.27 1.96882
3757.05 1.96907
3758.26 1.96937
3759.15 1.9691
3760.13 1.96922
3761.19 1.96907
3762.16 1.96909
3763.11 1.96922
3764.21 1.96935
3765.09 1.96925
3766.24 1.96958
3767.16 1.96942
3768.14 1.96986
3769.24 1.97004
3770.16 1.96943
3771.15 1.96965
3772.23 1.96952
3773.12 1.96975
3774.23 1.96951
3775.25 1.96991
3776.1 1.96991
3777.19 1.97014
3778.18 1.97002
3779.06 1.96976
3780.2 1.97002
3781.16 1.96989
3782.07 1.97005
3783.22 1.9702
3784.16 1.97012
3785.26 1.97017
3786.2 1.96994
3787.13 1.97017
3788.26 1.97002
3789.17 1.97012
3790.07 1.97028
3791.15 1.96996
3792.16 1.97012
3793.19 1.9704
3794.17 1.97034
3795.14 1.97074
3796.25 1.97042
3797.16 1.97026
3798.1 1.97045
3799.27 1.97036
3800.15 1.97064
3801.07 1.97052
3802.2 1.97018
3804.23 1.97052
3805.19 1.97068
3806.08 1.97053
3807.19 1.97082
3808.13 1.97084
3809.08 1.97085
3810.16 1.97071
3811.12 1.97104
3812.27 1.97104
3813.15 1.97098
3814.1 1.97105
3815.24 1.97085
3816.16 1.97107
3817.07 1.97084
3818.17 1.97102
3819.11 1.97098
3820.05 1.97132
3821.2 1.97079
3822.11 1.97117
3823.24 1.97127
3824.18 1.97119
3825.1 1.97109
3826.28 1.97149
3827.11 1.97114
3828.09 1.9713
3829.2 1.97137
3830.11 1.97157
3831.19 1.97137
3832.18 1.97143
3833.08 1.97117
3834.2 1.9712
3835.23 1.97153
3836.09 1.97148
3837.2 1.97149
3838.15 1.97161
3839.05 1.97159
3840.16 1.97152
3841.03 1.97161
3842.24 1.97174
3843.2 1.97135
3844.04 1.97198
3845.25 1.97173
3846.13 1.97187
3847.04 1.97201
3848.18 1.97188
3849.14 1.97211
3850.25 1.97209
3851.23 1.97184
3852.11 1.97207
3853.14 1.97184
3854.15 1.97196
3855.12 1.9719
3856.17 1.97207
3857.15 1.97224
3858.01 1.97201
3859.15 1.97212
3860.16 1.97201
3862.17 1.97229
3863.07 1.97225
3864.2 1.97247
3865.15 1.9723
3866.05 1.9726
3867.14 1.97252
3868.12 1.97248
3869.33 1.97225
3870.17 1.97214
3871.11 1.97223
3872.22 1.97227
3873.12 1.97262
3874.09 1.97231
3875.14 1.97276
3876.13 1.97296
3877.06 1.97233
3878.14 1.97273
3879.05 1.9727
3880.21 1.97268
3881.08 1.97276
3882.11 1.97297
3883.23 1.9727
3884.12 1.97258
3885.04 1.97288
3886.22 1.97248
3887.16 1.9729
3888.25 1.97299
3889.12 1.97327
3890.15 1.97315
3891.24 1.97307
3892.13 1.973
3892.99 1.97311
3894.17 1.97304
3895.15 1.9729
3896.04 1.97296
3897.15 1.97285
3898.15 1.97286
3899.2 1.97293
3900.14 1.97345
3901.11 1.97302
3902.23 1.97299
3903.13 1.97323
3904 1.97323
3905.06 1.97334
3906.05 1.97314
3907.18 1.97346
3908.13 1.97334
3909.07 1.97344
3910.24 1.97301
3911.08 1.97326
3912.02 1.9734
3913.17 1.9737
3914.13 1.9735
3915.05 1.97363
3916.1 1.9734
3917.08 1.97351
3918.17 1.97355
3919.09 1.97364
3920.09 1.97359
3921.16 1.97355
3922.15 1.9735
3922.99 1.97353
3924.18 1.9736
3925.02 1.9738
3926.19 1.97353
3927.14 1.97387
3928.13 1.97371
3929.25 1.97382
3930.1 1.97376
3931.06 1.9737
3932.21 1.97399
3933.13 1.97399
3934.16 1.97403
3935.12 1.974
3936.05 1.97393
3937.16 1.97432
3938.12 1.97395
3939.03 1.9742
3940.2 1.97411
3941.05 1.97389
3941.98 1.97429
3943.03 1.97419
3944.05 1.9739
3945.25 1.97397
3946.14 1.97415
3947.13 1.97442
3948.17 1.97415
3949.05 1.97411
3950.04 1.974
3951.27 1.97413
3952.1 1.97412
3953.22 1.97392
3954.07 1.97435
3954.99 1.97435
3956.21 1.97446
3957.08 1.9744
3958.14 1.97416
3959.16 1.97404
3960.08 1.97444
3961 1.97424
3962.13 1.97459
3963.07 1.97433
3964.15 1.97438
3965.15 1.97436
3966.11 1.97448
3967.17 1.9744
3968.07 1.97473
3969.02 1.97458
3970.06 1.97446
3971.06 1.9747
3972.23 1.97435
3973.02 1.9747
3974.04 1.97445
3975.16 1.97459
3976.13 1.97429
3976.96 1.97462
3978.18 1.97474
3979.14 1.97453
3979.98 1.97472
3981.15 1.97465
3982.09 1.9745
3983.08 1.97485
3984.13 1.97468
3985.03 1.97492
3986.17 1.97482
3987.06 1.97495
3988.12 1.97489
3989.11 1.97467
3990.08 1.97495
3991.12 1.97506
3992.13 1.9749
3993.02 1.97492
3994.12 1.97497
3995.11 1.97502
3996.04 1.97495
3997.12 1.97502
3998.17 1.97498
3999.01 1.97497
4000.05 1.97501
4001.06 1.9749
4002.16 1.97506
4003.06 1.97547
4003.94 1.97506
4005.1 1.9751
4006.1 1.97514
4007.02 1.97515
4008.01 1.97531
4008.95 1.97506
4010.16 1.97528
4011.02 1.97525
4012.08 1.97503
4013.02 1.97486
4014.1 1.9749
4014.93 1.97544
4016.05 1.97531
4016.97 1.9753
4017.93 1.97546
4019.11 1.97547
4020 1.97533
4021.07 1.97543
4022.04 1.97543
4022.99 1.97527
4024.13 1.97545
4025.06 1.97541
4025.96 1.97534
4027.1 1.97579
4028.05 1.97562
4029.07 1.9754
4030.05 1.97567
4031.01 1.97563
4032.02 1.97536
4033 1.97543
4033.89 1.97549
4035.01 1.97515
4036.01 1.97574
4036.92 1.97562
4037.99 1.9759
4039.01 1.97583
4040.1 1.97581
4041.07 1.97538
4041.99 1.97556
4043.12 1.97594
4044.03 1.97566
4044.96 1.97581
4046.15 1.97565
4047.03 1.97572
4048.11 1.97558
4048.96 1.97546
4050 1.97607
4051.15 1.97584
4052.03 1.97586
4052.9 1.97578
4054.16 1.97593
4055.01 1.97569
4055.91 1.976
4057.07 1.97587
4057.97 1.97589
4059.14 1.97588
4059.95 1.97583
4061.07 1.97608
4062.11 1.97601
4063.07 1.97599
4063.86 1.97578
4065.1 1.97626
4066.07 1.97619
4067.13 1.97614
4068.06 1.97567
4068.97 1.97593
4070.12 1.97615
4071.1 1.97619
4071.97 1.97607
4073.07 1.97614
4074.04 1.97632
4074.98 1.97608
4076.07 1.97632
4076.99 1.97622
4078.13 1.97646
4079.03 1.97633
4080.03 1.97622
4081.08 1.97639
4082 1.97614
4082.88 1.97609
4084.1 1.97629
4084.92 1.97628
4086.1 1.97632
4087.03 1.97619
4087.98 1.97626
4089.06 1.97649
4090.02 1.97607
4091.01 1.97633
4092.12 1.97639
4093.01 1.97644
4093.93 1.97646
4095.1 1.97624
4096 1.97642
4097.13 1.97618
4098.03 1.97644
4098.98 1.97619
4100.07 1.97625
4101.07 1.97649
4102.01 1.97679
4103.07 1.97644
4104.03 1.97666
4105.15 1.9764
4106.02 1.97642
4106.99 1.97665
4108.1 1.97646
4109.06 1.97666
4109.93 1.97663
4111.09 1.97668
4112.03 1.97677
4113.13 1.97692
4114.03 1.97656
4114.95 1.97661
4116.1 1.97648
4117.01 1.97681
4117.99 1.97655
4119.07 1.97671
4119.98 1.97655
4120.94 1.9766
4122.12 1.97665
4122.97 1.9765
4124.1 1.97668
4125.08 1.97665
4126.02 1.97673
4127.02 1.97664
4128.05 1.97679
4128.99 1.97694
4130.07 1.97654
4130.98 1.97677
4132.1 1.97675
4133.08 1.97721
4134.01 1.97692
4135.1 1.9771
4136.03 1.97687
4136.98 1.97686
4138.11 1.97643
4138.95 1.97679
4139.98 1.97681
4141.07 1.97675
4141.97 1.97661
4143.12 1.97683
4144.05 1.9766
4144.97 1.97666
4146.08 1.97669
4147.01 1.97675
4147.97 1.97684
4149.08 1.977
4150.01 1.97698
4151.13 1.97669
4152.01 1.9768
4152.94 1.97656
4154.15 1.97697
4155.05 1.97676
4155.95 1.97699
4157.08 1.9769
4157.99 1.97694
4158.94 1.97727
4160.05 1.97703
4160.99 1.97707
4162.06 1.97712
4163.06 1.97712
4163.96 1.97721
4165.15 1.97742
4166.01 1.97708
4280.02 1.97222
4299.92 1.9721
4320.05 1.9722
4339.95 1.97281
4360.14 1.97246
4380.02 1.97267
4399.97 1.97268
4420.09 1.97286
4440 1.97308
4459.99 1.97314
4480.03 1.97301
4500.06 1.97317
4520.11 1.97345
4540.02 1.97355
4559.99 1.9735
4580.06 1.97359
4599.98 1.97346
4619.9 1.97366
4640.09 1.97376
4660.08 1.97345
4680.12 1.97381
4700.01 1.97376
4719.93 1.97397
4740.17 1.97398
4760.02 1.97406
4779.98 1.97423
4800.05 1.97436
4819.98 1.97416
4840.06 1.97434
4860.04 1.97437
4879.98 1.97421
4900.05 1.9743
4920 1.97428
4939.96 1.97453
4960.03 1.97438
4980.02 1.97434
5000.1 1.9744
5020.01 1.97447
5039.93 1.97452
5060.12 1.97458
5080.07 1.97476
5100.01 1.97478
5120.05 1.97476
5139.97 1.97467
5160.15 1.97464
5180.1 1.97485
5200.07 1.97472
5220.1 1.97498
5240.07 1.97475
5259.95 1.97467
5280.09 1.97508
5300.03 1.97497
5320.15 1.97504
5340.02 1.97498
5360.02 1.97497
5380.13 1.97514
5400.08 1.97494
5419.89 1.9752
5440.1 1.97485
5460.04 1.97494
5480.1 1.97477
5500.1 1.97518
5520 1.97476
5540.14 1.97526
5560.08 1.97525
5580 1.97545
5600.13 1.97494
5620.04 1.97534
5640.11 1.97504
5660.07 1.97521
5680.03 1.97544
5700.07 1.97498
5720.12 1.9752
5739.95 1.97537
5760.12 1.97504
5780 1.97495
5800.13 1.9751
5820.08 1.97515
5840 1.97518
5860.09 1.97529
5880.06 1.97518
5900.01 1.97496
5920.11 1.97511
5939.99 1.97526
5960.16 1.97516
5980.08 1.97538
6000.03 1.9754
6020.13 1.97511
6040.07 1.97533
6059.94 1.97538
6080.07 1.97522
6100.07 1.97503
6119.99 1.97509
6140.1 1.97506
6160.01 1.97529
6180.15 1.9749
6200.12 1.97535
6219.97 1.97532
6240.07 1.9752
6260.02 1.97534
6279.95 1.97514
6300.04 1.9751
6320.01 1.97542
6340.1 1.97524
6360.09 1.97523
6380 1.97514
6400.19 1.97546
6420.03 1.97513
6439.95 1.97513
6460.14 1.97509
6480.05 1.97535
6500.14 1.97518
6520.11 1.97494
6540.06 1.97526
6560.17 1.9752
6580.04 1.97542
6599.9 1.97503
6620.11 1.97509
6640.02 1.97517
6660.13 1.97526
6680.03 1.97532
6700.01 1.9752
6720.07 1.97501
6740.06 1.975
6759.85 1.97509
6780.04 1.97491
6799.94 1.97522
6820.08 1.97517
6840.08 1.97542
6859.99 1.97478
6880.07 1.97477
6900.02 1.97491
6919.94 1.97499
6940.07 1.97512
6960.01 1.97499
6980.17 1.97533
7000.09 1.97509
7020.02 1.97497
7040.07 1.97502
7060.04 1.97493
7079.93 1.97493
7100.07 1.97497
7120.05 1.97503
7140.14 1.97516
7160.04 1.97485
7180 1.97503
7200.07 1.97494
7220.04 1.97491
7239.93 1.97481
7260.05 1.97477
7280.02 1.975
7300.16 1.97499
7320.06 1.97473
7340.02 1.97496
7360.18 1.97522
7380.03 1.97473
7399.92 1.97481
7420.11 1.97503
7439.99 1.97488
7460.15 1.97533
7480.09 1.97483
7500.01 1.9748
7520.11 1.97508
7540.06 1.97488
7560.01 1.97477
7580.14 1.97498
7600.03 1.975
7620.09 1.97479
7640.06 1.97477
7660.03 1.97485
7680.1 1.97505
7700.06 1.97487
7719.96 1.97476
7740.08 1.97474
7759.99 1.97458
7780.22 1.97465
7800.09 1.97483
7820.01 1.97477
7840.17 1.97466
7860.06 1.97468
7880.06 1.97473
7900.04 1.97481
7919.98 1.97475
7940.16 1.97472
7960.02 1.97476
7979.94 1.97465
8000.19 1.9747
8020.08 1.9748
8039.94 1.97465
8060.06 1.97453
8080.03 1.97432
8100.13 1.97454
8120.07 1.97483
8140.02 1.9746
8160.1 1.97448
8180.05 1.97461
8200.01 1.9747
8220.18 1.97456
8240.01 1.97462
8260.21 1.97432
8280.09 1.97446
8300.04 1.97456
8320.16 1.97435
8340.07 1.97471
8360.01 1.97419
8380.12 1.97438
8400.02 1.97466
8420.17 1.97455
8440.09 1.97459
8459.99 1.97466
8480.15 1.97421
8500.09 1.9745
8520.01 1.97452
8540.18 1.97449
8560.06 1.97427
8580.14 1.97402
8600 1.97432
8620.01 1.97435
8640.14 1.97433
8660.05 1.97434
8680 1.97409
8700.07 1.9742
8720.06 1.97417
8740.17 1.97439
8760.06 1.97396
8780.04 1.9741
8800.19 1.97422
8820.09 1.97406
8840.08 1.97403
8860.12 1.97396
8880.06 1.97399
8900.14 1.97398
8920.08 1.97402
8940.03 1.97409
8960.22 1.97393
8980.09 1.97395
8999.96 1.97395
9020.15 1.97378
9040.1 1.97393
9060.12 1.9739
9080.1 1.97402
9100.05 1.97429
9120.21 1.97394
9140.08 1.97394
9160.03 1.97398
9180.08 1.9739
9200.1 1.97369
9219.98 1.97418
9240.12 1.97363
9260.05 1.97346
9280.15 1.97382
9300.16 1.97398
9320.01 1.97412
9340.07 1.9737
9360.14 1.97366
9380.01 1.97431
9400.07 1.97384
9420.02 1.97385
9440.19 1.97403
9460.05 1.97375
9480.02 1.97341
9500.2 1.97397
9520.03 1.97386
9539.99 1.97366
9560.17 1.97386
9580.04 1.97369
9600.16 1.97371
9620.06 1.97362
9640.04 1.97359
9660.1 1.97354
9680.06 1.97361
9699.99 1.97372
9720.1 1.97346
9740.05 1.97342
9760.16 1.97361
9780.1 1.97358
9800.02 1.97337
9820.19 1.97342
9840.02 1.9733
9860.04 1.9733
9880.15 1.97353
9900.02 1.9734
9920.2 1.97312
9940.06 1.97341
9960 1.97337
9980.19 1.97312
10000.1 1.9734
10020.1 1.97353
10040.2 1.97371
10060.1 1.97328
10080.2 1.97305
10100.1 1.97325
10120 1.9731
10140.1 1.97327
10160.1 1.97329
10180 1.9732
10200.2 1.97328
10220.1 1.97319
10240.2 1.97333
10260.1 1.973
10280 1.97331
10300.1 1.97309
10320 1.97313
10340 1.97284
10360.1 1.973
10380 1.97311
10400.2 1.97323
10420.1 1.97324
10440 1.97313
10460.1 1.97294
10480.1 1.97306
10500 1.97294
10520.1 1.97292
10540.1 1.97295
10560.2 1.97285
10580.1 1.97279
10600.1 1.97277
10620.1 1.97295
10640.1 1.97285
10660.1 1.97276
10680.1 1.97283
10700 1.9729
10720.1 1.97289
10740.1 1.97281
10760 1.97252
10780.2 1.97252
10800.1 1.97263
10820 1.97264
10840.1 1.97252
10860 1.97245
10880.2 1.97263
10900.1 1.97246
10920 1.97274
10940.1 1.97255
10960.1 1.97263
10980 1.97256
11000.1 1.97258
11020.1 1.97258
11040.2 1.97258
11060.1 1.97257
11080 1.97265
11100.1 1.97264
11120.1 1.97235
11140 1.9727
11160.2 1.97245
11180.1 1.97235
11200.1 1.97228
11220.2 1.97233
11240 1.97263
11260.1 1.97253
11280.1 1.97205
11300 1.97241
11320.2 1.97225
11340.1 1.97234
11360.2 1.97238
11380.1 1.97233
11400.1 1.97231
11420.1 1.97207
11440.1 1.97233
11460 1.97208
11480.2 1.97217
11500 1.9722
11520.2 1.97221
11540.1 1.97218
11560.1 1.97225
11580.2 1.9721
11600.1 1.97199
11620 1.97189
11640.1 1.97191
11660 1.97201
11680.1 1.97183
11700.1 1.97175
11720.1 1.97193
11740.1 1.97181
11760.1 1.9718
11780.1 1.97182
11800.1 1.97165
11820.1 1.97182
11840.2 1.97198
11860.1 1.97197
11880 1.97198
11900.2 1.97173
11920.1 1.972
11940.1 1.97154
11960.1 1.97193
11980.1 1.97166
12000.2 1.97179
12020.1 1.97163
12040.1 1.97159
12060.2 1.97181
12080.1 1.97161
12100.1 1.97119
12120.1 1.97169
12140.1 1.97133
12160.2 1.97134
12180.2 1.97152
12200.1 1.97162
12220.2 1.97149
12240 1.9712
12260 1.97139
12280.1 1.97114
12300.1 1.97117
12320 1.97117
12340.1 1.97099
12360 1.97098
12380.2 1.97132
12400.1 1.971
12420 1.97103
12440.2 1.97106
12460.1 1.97101
12480 1.97076
12500.1 1.97141
12520 1.97076
12540.2 1.97126
12560.1 1.97094
12580 1.97077
12600.2 1.97092
12620.1 1.97104
12640 1.97093
12660.1 1.97072
12680 1.97066
12700.2 1.97067
12720.1 1.97087
12740 1.9705
12760.1 1.9704
12780.2 1.97071
12800 1.97058
12820.1 1.97057
12840 1.97053
12860.2 1.97071
12880.1 1.9706
12900.1 1.97041
12920.1 1.97049
12940.1 1.97033
12960 1.97015
12980.1 1.97049
13000.1 1.97044
13020.2 1.97047
13040.1 1.9703
13060 1.97044
13080.2 1.97025
13100.1 1.97031
13120 1.97024
13140.1 1.97012
13160 1.97004
13180.2 1.96984
13200.1 1.97015
13220.1 1.97004
13240.2 1.97009
13260.1 1.97001
13280.1 1.96971
13300.1 1.96986
13320.1 1.96985
13340.1 1.97003
13360.1 1.96977
13380 1.9698
13400.2 1.96976
13420.1 1.96943
13440 1.96968
13460.1 1.96936
13480.1 1.96948
13500.2 1.96947
13520.1 1.96955
13540.1 1.96942
13560.2 1.96936
13580.1 1.96924
13600.1 1.96914
13620.1 1.96926
13640.1 1.9692
13660.2 1.9693
13680.1 1.96909
13700.1 1.96902
13720.2 1.96891
13740.1 1.96895
13760.1 1.96901
13780.1 1.96901
13800.1 1.96876
13820.2 1.96883
13840.1 1.96885
13860.1 1.96877
13880.1 1.96868
13900.1 1.96887
13920.1 1.9684
13940.1 1.96859
13960.1 1.96819
13980.2 1.96836
14000.2 1.96853
14020.1 1.96852
14040.2 1.96826
14060.1 1.96811
14080 1.96795
14100.2 1.96817
14120.2 1.96794
14140.2 1.96819
14160.1 1.96778
14180 1.96747
14200.2 1.96762
14220.1 1.96776
14240.1 1.96743
14260.2 1.96788
14280.1 1.9678
14300.2 1.96731
14320.1 1.9673
14340.1 1.967
14360.2 1.96696
14380.1 1.96729
14400 1.96735
14420.2 1.96716
14440.1 1.96682
14460.2 1.9668
14480.1 1.96688
14500.1 1.96685
14520.2 1.96671
14540.1 1.9665
14560.1 1.96661
14580.2 1.96644
14600.1 1.96639
14620.2 1.96632
14640.1 1.96618
14660.1 1.96611
14680.2 1.96595
14700.1 1.96592
14720.1 1.96607
14740.2 1.96606
14760.1 1.96585
14780.3 1.96588
14800.1 1.96535
14820.1 1.9654
14840.2 1.96552
14860.1 1.96547
14880.1 1.96506
14900.2 1.96531
14920.1 1.96515
14940.2 1.96531
14960.1 1.96502
14980.1 1.96469
15000.2 1.96496
15020.1 1.96457
15040.1 1.96445
15060.2 1.96455
15080.1 1.96425
15100.2 1.96428
15120.2 1.96408
15140.1 1.96385
15160.2 1.96387
15180.2 1.96385
15200.1 1.96342
15220.1 1.9633
15240.2 1.96302
15260.3 1.96314
15280.1 1.96302
15300.1 1.96307
15320.2 1.963
15340.2 1.9628
15360.1 1.9625
15380.3 1.96261
15400.1 1.96212
15420.1 1.96229
15440.1 1.96173
15460.1 1.96188
15480.2 1.96172
15500.2 1.96151
15520.1 1.96153
15540.2 1.96107
15560.1 1.96095
15580.1 1.96089
15600.2 1.9607
15620.1 1.96079
15640.1 1.96058
15660.1 1.96022
15680 1.96014
15700.2 1.96012
15720.1 1.95988
15740 1.9594
15760.2 1.95944
15780.1 1.95923
15800.3 1.95884
15820.1 1.95886
15840.1 1.95837
15860.2 1.95808
15880.2 1.9581
15900.1 1.95787
15920.2 1.95758
15940.1 1.95715
15960.2 1.95705
15980.1 1.95695
16000.1 1.95661
16020.1 1.95648
16040.1 1.95601
16060 1.9557
16080.2 1.95581
16100.1 1.95545
16120.3 1.95505
16140.1 1.95457
16160.1 1.95456
16180.3 1.95436
16200.1 1.95389
16220 1.95347
16240.2 1.95324
16260.1 1.95299
16280.2 1.95269
16300.1 1.95211
16320.1 1.95199
16340.2 1.95134
16360.2 1.95118
16380.1 1.95041
16400.2 1.95039
16420.1 1.95002
16440.2 1.94969
16460.2 1.94917
16480.1 1.94869
16500.2 1.94826
16520.1 1.94766
16540.1 1.94708
16560.2 1.94678
16580 1.9466
16600.2 1.94589
16620.2 1.94504
16640.1 1.9447
16660.2 1.94405
16680.1 1.94333
16700.1 1.94283
16720.2 1.9422
16740.1 1.94179
16760.2 1.94105
16780.1 1.94042
16800.1 1.93984
16820.2 1.93896
16840.2 1.9386
16860.1 1.93733
16880.2 1.93673
16900.1 1.93586
16920.2 1.93511
16940.1 1.93436
16960.1 1.93337
16980.2 1.93264
17000.1 1.93172
17020.1 1.93064
17040.2 1.92947
17060.1 1.92837
17080.2 1.92778
17100.2 1.92627
17120.1 1.9253
17140.2 1.92393
17160.1 1.9226
17180.1 1.9216
17200.2 1.92006
17220.1 1.91862
17240.2 1.91737
17260.1 1.91588
17280.1 1.91413
17300.2 1.91265
17320.2 1.91068
17340.1 1.90931
17360.2 1.90756
17380 1.90545
17400.3 1.90356
17420.2 1.90164
17440.1 1.89955
17460.2 1.89705
17480.1 1.89477
17500.1 1.89218
17520.1 1.88987
17540.1 1.88713
17560.2 1.88481
17580.2 1.88179
17600.1 1.8788
17620.2 1.87563
17640.1 1.87244
17660 1.86892
17680.2 1.86538
17700.1 1.8617
17720.2 1.85811
17740.2 1.85398
17760.1 1.84971
17780.2 1.84533
17800.2 1.84069
17820.1 1.83566
17840.3 1.8306
17860.2 1.82597
17880.3 1.81998
17900.2 1.81478
17920.1 1.8088
17940.2 1.80256
17960.1 1.79636
17980 1.78959
18000.1 1.78255
18020 1.7754
18040.2 1.76801
18060.3 1.76061
18080.2 1.75222
18100.2 1.7445
18120.2 1.73622
18140.1 1.72802
18160.3 1.71954
18180.1 1.71066
18200.3 1.70258
18220.3 1.69393
18240.2 1.68544
18260.3 1.67701
18280.3 1.66905
18300.2 1.66144
18320.3 1.6542
18340.2 1.64708
18360.1 1.64106
18380.3 1.63505
18400.1 1.63052
18420.3 1.62596
18440.2 1.62269
18460.1 1.62004
18480.2 1.61852
18500 1.61786
18520.1 1.61795
18540.1 1.61934
18560 1.62077
18580.1 1.6236
18600.2 1.62688
18620 1.63097
18640.1 1.63569
18660 1.64145
18680 1.64718
18700.1 1.65335
18720.1 1.66017
18740.2 1.66722
18760.1 1.67441
18780 1.68196
18800.2 1.68951
18820.1 1.69719
18840 1.70471
18840 1.70484
18880.1 1.72017
18900.1 1.72789
18920.1 1.73542
18940.1 1.74279
18960.1 1.75012
18980.1 1.75683
19000 1.76379
19020.1 1.77056
19040.1 1.77745
19060.2 1.78366
19080.1 1.78964
19100.1 1.79583
19120.2 1.80183
19140.1 1.80735
19160.1 1.81264
19180.2 1.81776
19200.1 1.82278
19220.3 1.82757
19240.2 1.83252
19260.1 1.83702
19280.3 1.8412
19300.1 1.8457
19320.1 1.84945
19340.2 1.85371
19360.1 1.85695
19380.3 1.86079
19400.2 1.86387
19420.2 1.86759
19440.2 1.87067
19460.2 1.87379
19480.1 1.87666
19500.2 1.87969
19520.1 1.88236
19540.2 1.88488
19560.3 1.8874
19580.1 1.88975
19600.2 1.89224
19620.1 1.89426
19640.1 1.89623
19660.2 1.89898
19680.2 1.90064
19700.2 1.90261
19720.2 1.90471
19740.1 1.90617
19760.3 1.90798
19780.2 1.90956
19800.1 1.91125
19820.3 1.91304
19840.2 1.91423
19860.2 1.91583
19880.2 1.91717
19900.1 1.91888
19920.2 1.91989
19940.2 1.92138
19960.2 1.92234
19980.2 1.92372
20000.1 1.92452
20020.3 1.92597
20040.2 1.92706
20060.1 1.9282
20080.2 1.92885
20100.1 1.93008
20120.1 1.93073
20140.2 1.93177
20160.2 1.93262
20180.2 1.93352
20200.2 1.93441
20220.1 1.93528
20240.2 1.93587
20260.1 1.9367
20280.1 1.93747
20300.2 1.93814
20320.2 1.93887
20340.3 1.93976
20360.2 1.94047
20380.1 1.94119
20400.2 1.94158
20420.2 1.94216
20440.1 1.94259
20460.2 1.94334
20480.1 1.9438
20500.3 1.94451
20520.3 1.94487
20540.2 1.94554
20560.3 1.94612
20580.2 1.94633
20600 1.94674
20620.1 1.94724
20640.1 1.94768
20660.2 1.94794
20680.2 1.94842
20700.2 1.94882
20720.2 1.94928
20740.1 1.94939
20760.1 1.95026
20780.2 1.95046
20800.2 1.95066
20820.3 1.95144
20840.2 1.95155
20860.1 1.95182
20880.2 1.95216
20900.2 1.95248
20920.1 1.95295
20940.2 1.9532
20960.2 1.9537
20980.3 1.95389
21000.2 1.95427
21020.1 1.95446
21040.2 1.955
21060.1 1.95485
21080.1 1.95549
21100.2 1.95549
21120.1 1.95584
21140.2 1.95594
21160.2 1.95609
21180.2 1.95654
21200.3 1.95657
21220.1 1.95694
21240.1 1.95692
21260.2 1.95709
21280.1 1.95758
21300.3 1.95763
21320.2 1.95797
21340.1 1.95797
21360.3 1.95801
21380.1 1.95828
21400.2 1.95887
21420.2 1.95888
21440.1 1.95888
21460.1 1.95905
21480.2 1.95926
21500.1 1.95939
21520.2 1.95946
21540.1 1.95986
21560.1 1.95988
21580.2 1.95998
21600.2 1.96013
21620.1 1.96038
21640.2 1.96063
21660.2 1.96052
21680.3 1.96068
21700.3 1.96074
21720.1 1.96102
21740.3 1.96137
21760.2 1.96147
21780.1 1.96124
21800.2 1.9612
21800.2 1.96146
21820.2 1.96177
21840.2 1.96206
21860.2 1.96217
21880.1 1.96177
21900.3 1.96233
21920.2 1.96247
21940.1 1.9626
21960.2 1.96278
21980.1 1.96272
22000.3 1.96255
22020.2 1.96288
22040.1 1.96318
22060.3 1.96339
22080.1 1.96293
22100.2 1.9636
22120.2 1.96326
22140.1 1.96353
22160.3 1.96364
22180.2 1.96383
22200.1 1.9637
22220.3 1.96399
22260.1 1.96388
22280.2 1.96401
22300.1 1.96414
22320.3 1.96436
22340.2 1.96431
22360.1 1.96411
22380.3 1.96447
22400.2 1.96448
22420.1 1.96483
22440.2 1.96474
22460.1 1.96487
22480.3 1.96472
22500.3 1.96503
22520.2 1.96515
22540.3 1.96493
22560.2 1.96498
22580.1 1.96509
22600.2 1.96558
22620.2 1.96566
22640.1 1.96526
22660.3 1.96533
22680.1 1.96554
22700.2 1.96565
22720.2 1.96538
22740.1 1.96579
22760.2 1.96615
22780.2 1.96565
22800.3 1.96552
22820.2 1.96592
22840.2 1.96566
22860.2 1.96593
22880.1 1.96621
22900.1 1.96616
22920.3 1.96584
22940.2 1.9662
22960.3 1.96612
22980.2 1.96665
23000.1 1.9664
23020.2 1.96656
23040.1 1.96635
23060.1 1.96652
23080.2 1.96691
23100.1 1.96684
23120.3 1.96675
23140.2 1.96684
23160.1 1.96679
23180.2 1.96681
23200.2 1.96696
23220.1 1.96684
23240.2 1.96698
23260.2 1.96667
23280.3 1.96692
23300.2 1.96695
23320.2 1.96699
23340.2 1.96722
23360.1 1.96718
23380.1 1.96731
23400.2 1.96727
