1002.29 -1.5879 0.3 0.13
1019.53 -0.7814 0.3 0.13
1040.57 -0.962 0.3 0.13
1060.68 -0.9974 0.3 0.13
1079.56 -0.9097 0.3 0.13
1100.63 -0.898 0.3 0.13
1119.81 -0.976 0.3 0.13
1139.77 -0.921 0.3 0.13
1160.04 -0.9995 0.3 0.13
1179.95 -0.9651 0.3 0.13
1200.03 -1.013 0.3 0.13
1220.13 -1.1089 0.3 0.13
1239.95 -1.0508 0.3 0.13
1260.23 -1.146 0.3 0.13
1280.12 -1.2079 0.3 0.13
1300.12 -1.2215 0.3 0.13
1320.16 -1.18 0.3 0.13
1340.08 -1.279 0.3 0.13
1360 -1.2451 0.3 0.13
1380.1 -1.269 0.3 0.13
1400.01 -1.2766 0.3 0.13
1420.08 -1.3456 0.3 0.13
1440.02 -1.3244 0.3 0.13
1459.94 -1.4117 0.3 0.13
1480.04 -1.4204 0.3 0.13
1500 -1.4384 0.3 0.13
1519.94 -1.4853 0.3 0.13
1540.05 -1.5198 0.3 0.13
1559.93 -1.5593 0.3 0.13
1580.09 -1.5826 0.3 0.13
1600.02 -1.6169 0.3 0.13
1620.01 -1.6849 0.3 0.13
1640.09 -1.675 0.3 0.13
1660.02 -1.7451 0.3 0.13
1679.99 -1.7549 0.3 0.13
1700.07 -1.7892 0.3 0.13
1719.94 -1.8558 0.3 0.13
1740.16 -1.9025 0.3 0.13
1759.97 -1.924 0.3 0.13
1779.97 -1.9641 0.3 0.13
1801.42 -2.4622 0.3 0.13
1800.96 -2.0129 0.3 0.13
1801.95 -2.0274 0.3 0.13
1803.13 -2.02 0.3 0.13
1803.93 -1.9892 0.3 0.13
1805.16 -2.0297 0.3 0.13
1806.08 -2.033 0.3 0.13
1806.94 -1.9758 0.3 0.13
1808.13 -2.0591 0.3 0.13
1809.08 -2.0582 0.3 0.13
1809.97 -2.0562 0.3 0.13
1811.09 -2.0405 0.3 0.13
1812.01 -2.0712 0.3 0.13
1812.93 -2.0644 0.3 0.13
1814.04 -2.0345 0.3 0.13
1815.03 -2.0512 0.3 0.13
1816.16 -2.0759 0.3 0.13
1817.04 -2.033 0.3 0.13
1817.9 -2.047 0.3 0.13
1819.13 -2.0833 0.3 0.13
1820.02 -2.0496 0.3 0.13
1820.96 -2.097 0.3 0.13
1822.07 -2.0845 0.3 0.13
1823.06 -2.0787 0.3 0.13
1824.17 -2.1094 0.3 0.13
1825.06 -2.1177 0.3 0.13
1825.94 -2.0821 0.3 0.13
1827.07 -2.104 0.3 0.13
1828.08 -2.1128 0.3 0.13
1828.94 -2.1372 0.3 0.13
1830.04 -2.0954 0.3 0.13
1831.03 -2.0955 0.3 0.13
1831.92 -2.0672 0.3 0.13
1833.06 -2.1334 0.3 0.13
1834 -2.1016 0.3 0.13
1835.12 -2.1156 0.3 0.13
1836.06 -2.0712 0.3 0.13
1836.96 -2.1346 0.3 0.13
1838.05 -2.086 0.3 0.13
1839.02 -2.1281 0.3 0.13
1839.93 -2.0816 0.3 0.13
1841.05 -2.1321 0.3 0.13
1842.04 -2.1277 0.3 0.13
1843.13 -2.1336 0.3 0.13
1844.08 -2.1328 0.3 0.13
1845.02 -2.165 0.3 0.13
1846.12 -2.1277 0.3 0.13
1847.05 -2.1288 0.3 0.13
1847.93 -2.1538 0.3 0.13
1849.11 -2.1548 0.3 0.13
1849.97 -2.1407 0.3 0.13
1850.92 -2.1625 0.3 0.13
1852.05 -2.1314 0.3 0.13
1853.05 -2.143 0.3 0.13
1854.15 -2.1811 0.3 0.13
1855.04 -2.1896 0.3 0.13
1855.99 -2.1729 0.3 0.13
1857.08 -2.1566 0.3 0.13
1858.03 -2.1366 0.3 0.13
1858.91 -2.1665 0.3 0.13
1860.05 -2.194 0.3 0.13
1860.97 -2.163 0.3 0.13
1862.1 -2.1639 0.3 0.13
1863.05 -2.1995 0.3 0.13
1863.93 -2.1472 0.3 0.13
1865.14 -2.2115 0.3 0.13
1866.02 -2.2161 0.3 0.13
1866.97 -2.1821 0.3 0.13
1868.05 -2.2185 0.3 0.13
1868.98 -2.1644 0.3 0.13
1869.92 -2.1617 0.3 0.13
1871.07 -2.2117 0.3 0.13
1872.06 -2.2714 0.3 0.13
1873.08 -2.189 0.3 0.13
1874.02 -2.2387 0.3 0.13
1875 -2.204 0.3 0.13
1876.09 -2.2305 0.3 0.13
1876.99 -2.201 0.3 0.13
1877.95 -2.2143 0.3 0.13
1879.07 -2.2422 0.3 0.13
1880 -2.2512 0.3 0.13
1881.1 -2.1783 0.3 0.13
1882.08 -2.2283 0.3 0.13
1882.96 -2.2435 0.3 0.13
1884.09 -2.2303 0.3 0.13
1885.03 -2.2534 0.3 0.13
1885.94 -2.256 0.3 0.13
1887.11 -2.2474 0.3 0.13
1887.95 -2.2437 0.3 0.13
1888.9 -2.245 0.3 0.13
1890.05 -2.2581 0.3 0.13
1890.93 -2.2936 0.3 0.13
1892.16 -2.3146 0.3 0.13
1893.04 -2.2706 0.3 0.13
1894.04 -2.3101 0.3 0.13
1895.05 -2.2484 0.3 0.13
1896.02 -2.2491 0.3 0.13
1896.92 -2.2978 0.3 0.13
1898.04 -2.2961 0.3 0.13
1898.98 -2.2743 0.3 0.13
1900.11 -2.2531 0.3 0.13
1900.98 -2.246 0.3 0.13
1901.94 -2.2348 0.3 0.13
1903.12 -2.3144 0.3 0.13
1904.02 -2.2702 0.3 0.13
1904.94 -2.2761 0.3 0.13
1906 -2.3019 0.3 0.13
1907.04 -2.2976 0.3 0.13
1907.99 -2.3112 0.3 0.13
1909.06 -2.3378 0.3 0.13
1909.98 -2.2829 0.3 0.13
1911.11 -2.3178 0.3 0.13
1912.11 -2.3165 0.3 0.13
1913.04 -2.3088 0.3 0.13
1914.12 -2.3586 0.3 0.13
1916.01 -2.3692 0.3 0.13
1917.13 -2.338 0.3 0.13
1917.97 -2.384 0.3 0.13
1919.12 -2.374 0.3 0.13
1920.07 -2.3779 0.3 0.13
1920.98 -2.3022 0.3 0.13
1922.14 -2.3504 0.3 0.13
1922.99 -2.3853 0.3 0.13
1923.93 -2.3332 0.3 0.13
1925.05 -2.3608 0.3 0.13
1925.96 -2.3536 0.3 0.13
1927.09 -2.3527 0.3 0.13
1928 -2.3138 0.3 0.13
1928.93 -2.3459 0.3 0.13
1930.13 -2.3834 0.3 0.13
1931.07 -2.3744 0.3 0.13
1931.93 -2.3524 0.3 0.13
1933.13 -2.3941 0.3 0.13
1934.06 -2.416 0.3 0.13
1934.92 -2.3304 0.3 0.13
1936.07 -2.3793 0.3 0.13
1936.88 -2.3488 0.3 0.13
1938.2 -2.4068 0.3 0.13
1939.92 -2.3952 0.3 0.13
1941.07 -2.3681 0.3 0.13
1942.04 -2.4054 0.3 0.13
1943.06 -2.3849 0.3 0.13
1944.01 -2.3736 0.3 0.13
1944.98 -2.4295 0.3 0.13
1946.11 -2.3708 0.3 0.13
1947.08 -2.41 0.3 0.13
1948.01 -2.3999 0.3 0.13
1949.11 -2.446 0.3 0.13
1950.09 -2.425 0.3 0.13
1951.01 -2.4539 0.3 0.13
1951.97 -2.4112 0.3 0.13
1953.07 -2.4276 0.3 0.13
1953.98 -2.4426 0.3 0.13
1955.1 -2.437 0.3 0.13
1955.97 -2.446 0.3 0.13
1957.07 -2.416 0.3 0.13
1958.04 -2.4473 0.3 0.13
1958.91 -2.4067 0.3 0.13
1960.15 -2.4411 0.3 0.13
1961.02 -2.4398 0.3 0.13
1961.9 -2.4803 0.3 0.13
1963.01 -2.448 0.3 0.13
1963.99 -2.483 0.3 0.13
1965.18 -2.452 0.3 0.13
1966.04 -2.453 0.3 0.13
1966.81 -2.4428 0.3 0.13
1968.08 -2.4826 0.3 0.13
1968.98 -2.5219 0.3 0.13
1969.93 -2.4324 0.3 0.13
1971.07 -2.4875 0.3 0.13
1971.97 -2.5049 0.3 0.13
1972.94 -2.506 0.3 0.13
1974.06 -2.52 0.3 0.13
1975.04 -2.4588 0.3 0.13
1976.09 -2.4913 0.3 0.13
1976.99 -2.5038 0.3 0.13
1977.97 -2.5538 0.3 0.13
1979.1 -2.562 0.3 0.13
1980.03 -2.5123 0.3 0.13
1981 -2.5375 0.3 0.13
1982.03 -2.5203 0.3 0.13
1982.97 -2.5232 0.3 0.13
1984.09 -2.471 0.3 0.13
1984.95 -2.4859 0.3 0.13
1985.95 -2.604 0.3 0.13
1987.08 -2.553 0.3 0.13
1987.93 -2.5115 0.3 0.13
1988.95 -2.568 0.3 0.13
1990.1 -2.555 0.3 0.13
1990.93 -2.5439 0.3 0.13
1991.92 -2.545 0.3 0.13
1993.04 -2.5927 0.3 0.13
1994.05 -2.577 0.3 0.13
1995.07 -2.5797 0.3 0.13
1996.06 -2.6038 0.3 0.13
1996.96 -2.6232 0.3 0.13
1997.99 -2.6011 0.3 0.13
1999 -2.5431 0.3 0.13
1999.93 -2.5871 0.3 0.13
2001.08 -2.58 0.3 0.13
2002.03 -2.5944 0.3 0.13
2003.07 -2.6137 0.3 0.13
2004.03 -2.6321 0.3 0.13
2004.93 -2.5776 0.3 0.13
2006.02 -2.5678 0.3 0.13
2007.04 -2.5915 0.3 0.13
2007.93 -2.628 0.3 0.13
2009.03 -2.6172 0.3 0.13
2009.98 -2.6262 0.3 0.13
2010.89 -2.575 0.3 0.13
2012.07 -2.6015 0.3 0.13
2012.96 -2.6251 0.3 0.13
2014.11 -2.6507 0.3 0.13
2015 -2.6358 0.3 0.13
2015.9 -2.6297 0.3 0.13
2017.1 -2.6567 0.3 0.13
2017.98 -2.6204 0.3 0.13
2018.94 -2.6597 0.3 0.13
2020.08 -2.6622 0.3 0.13
2021 -2.644 0.3 0.13
2022.07 -2.647 0.3 0.13
2022.97 -2.652 0.3 0.13
2024.04 -2.6623 0.3 0.13
2025.12 -2.7105 0.3 0.13
2026.09 -2.6519 0.3 0.13
2026.97 -2.6969 0.3 0.13
2028.04 -2.6633 0.3 0.13
2029.03 -2.6777 0.3 0.13
2029.86 -2.6985 0.3 0.13
2030.98 -2.676 0.3 0.13
2032.01 -2.6751 0.3 0.13
2033.09 -2.7194 0.3 0.13
2034.03 -2.6976 0.3 0.13
2034.99 -2.702 0.3 0.13
2036.1 -2.736 0.3 0.13
2037.02 -2.7447 0.3 0.13
2037.88 -2.7158 0.3 0.13
2039.04 -2.7063 0.3 0.13
2040.04 -2.7287 0.3 0.13
2041.02 -2.6992 0.3 0.13
2042.03 -2.7247 0.3 0.13
2042.97 -2.7349 0.3 0.13
2044.1 -2.7337 0.3 0.13
2045.05 -2.7628 0.3 0.13
2045.93 -2.7863 0.3 0.13
2047.02 -2.7624 0.3 0.13
2047.95 -2.7626 0.3 0.13
2049 -2.7605 0.3 0.13
2050 -2.7425 0.3 0.13
2051.01 -2.7622 0.3 0.13
2052.09 -2.7267 0.3 0.13
2053.06 -2.778 0.3 0.13
2053.9 -2.7605 0.3 0.13
2055.03 -2.7684 0.3 0.13
2056.08 -2.7769 0.3 0.13
2056.97 -2.779 0.3 0.13
2058.03 -2.7709 0.3 0.13
2058.88 -2.7634 0.3 0.13
2060.04 -2.7881 0.3 0.13
2061.08 -2.8202 0.3 0.13
2061.93 -2.7694 0.3 0.13
2063.05 -2.7594 0.3 0.13
2063.98 -2.7605 0.3 0.13
2064.93 -2.8031 0.3 0.13
2066.11 -2.8198 0.3 0.13
2066.96 -2.8095 0.3 0.13
2067.87 -2.7776 0.3 0.13
2069.08 -2.8276 0.3 0.13
2069.96 -2.849 0.3 0.13
2071.07 -2.8348 0.3 0.13
2071.98 -2.8062 0.3 0.13
2073 -2.8229 0.3 0.13
2074.08 -2.8504 0.3 0.13
2075 -2.8455 0.3 0.13
2075.94 -2.8324 0.3 0.13
2077.03 -2.8909 0.3 0.13
2077.95 -2.8478 0.3 0.13
2080 -2.8059 0.3 0.13
2080.97 -2.8539 0.3 0.13
2082.14 -2.8761 0.3 0.13
2083.01 -2.885 0.3 0.13
2083.94 -2.8689 0.3 0.13
2085.04 -2.8692 0.3 0.13
2085.97 -2.8915 0.3 0.13
2086.86 -2.9053 0.3 0.13
2088.11 -2.9263 0.3 0.13
2088.94 -2.8933 0.3 0.13
2090.13 -2.8946 0.3 0.13
2091.03 -2.9231 0.3 0.13
2091.95 -2.9551 0.3 0.13
2093.07 -2.9395 0.3 0.13
2093.98 -2.9238 0.3 0.13
2094.91 -2.9194 0.3 0.13
2095.92 -2.8505 0.3 0.13
2096.94 -2.9398 0.3 0.13
2098.06 -2.9076 0.3 0.13
2098.96 -2.9235 0.3 0.13
2099.99 -2.9474 0.3 0.13
2101.08 -2.9953 0.3 0.13
2102.05 -2.975 0.3 0.13
2102.97 -2.9464 0.3 0.13
2104.04 -2.9731 0.3 0.13
2104.98 -2.9443 0.3 0.13
2106.12 -2.9912 0.3 0.13
2107.09 -2.981 0.3 0.13
2107.96 -2.9784 0.3 0.13
2109.07 -2.9688 0.3 0.13
2110 -2.996 0.3 0.13
2110.88 -2.9679 0.3 0.13
2112.06 -3.009 0.3 0.13
2113 -3.0036 0.3 0.13
2113.91 -3.0129 0.3 0.13
2115.03 -3.0096 0.3 0.13
2115.93 -2.9789 0.3 0.13
2117.15 -3.0394 0.3 0.13
2118.02 -3.0344 0.3 0.13
2118.99 -3.0761 0.3 0.13
2120.07 -3.0288 0.3 0.13
2121 -3.0043 0.3 0.13
2121.96 -3.0402 0.3 0.13
2123.04 -3.0165 0.3 0.13
2124.03 -3.0512 0.3 0.13
2125.1 -3.011 0.3 0.13
2126.04 -3.0452 0.3 0.13
2126.97 -3.0584 0.3 0.13
2128.11 -3.0718 0.3 0.13
2129.01 -3.047 0.3 0.13
2129.93 -3.0626 0.3 0.13
2131.02 -3.0615 0.3 0.13
2131.97 -3.0888 0.3 0.13
2132.92 -3.0894 0.3 0.13
2134.09 -3.1331 0.3 0.13
2135 -3.1122 0.3 0.13
2136.03 -3.0817 0.3 0.13
2137 -3.1124 0.3 0.13
2138.03 -3.1218 0.3 0.13
2139.02 -3.0612 0.3 0.13
2140 -3.1041 0.3 0.13
2140.93 -3.091 0.3 0.13
2142.03 -3.1209 0.3 0.13
2142.98 -3.1439 0.3 0.13
2144.1 -3.1447 0.3 0.13
2145.11 -3.1337 0.3 0.13
2145.97 -3.1391 0.3 0.13
2147.03 -3.111 0.3 0.13
2148.01 -3.1347 0.3 0.13
2148.95 -3.1806 0.3 0.13
2150.05 -3.166 0.3 0.13
2150.97 -3.1669 0.3 0.13
2151.91 -3.1638 0.3 0.13
2153.03 -3.1602 0.3 0.13
2153.96 -3.1755 0.3 0.13
2155.07 -3.16 0.3 0.13
2155.99 -3.1606 0.3 0.13
2156.86 -3.1712 0.3 0.13
2158.07 -3.1748 0.3 0.13
2158.93 -3.1717 0.3 0.13
2159.95 -3.2432 0.3 0.13
2161.09 -3.2338 0.3 0.13
2161.96 -3.1898 0.3 0.13
2163.17 -3.2467 0.3 0.13
2164.03 -3.2173 0.3 0.13
2164.98 -3.238 0.3 0.13
2166.07 -3.248 0.3 0.13
2166.98 -3.2031 0.3 0.13
2167.89 -3.2163 0.3 0.13
2169.03 -3.214 0.3 0.13
2170.02 -3.2769 0.3 0.13
2170.98 -3.2355 0.3 0.13
2172.04 -3.265 0.3 0.13
2172.97 -3.29 0.3 0.13
2174.05 -3.2363 0.3 0.13
2175.04 -3.2577 0.3 0.13
2175.92 -3.2607 0.3 0.13
2177.01 -3.2739 0.3 0.13
2177.92 -3.2707 0.3 0.13
2178.91 -3.2806 0.3 0.13
2180.06 -3.2959 0.3 0.13
2180.97 -3.2812 0.3 0.13
2182.14 -3.3178 0.3 0.13
2183.02 -3.2944 0.3 0.13
2183.94 -3.2937 0.3 0.13
2185.07 -3.3235 0.3 0.13
2186.02 -3.3459 0.3 0.13
2186.93 -3.351 0.3 0.13
2188.02 -3.312 0.3 0.13
2188.94 -3.3172 0.3 0.13
2190 -3.3393 0.3 0.13
2191.08 -3.3514 0.3 0.13
2191.96 -3.3571 0.3 0.13
2193.09 -3.3493 0.3 0.13
2194 -3.369 0.3 0.13
2194.9 -3.3622 0.3 0.13
2196.05 -3.361 0.3 0.13
2196.96 -3.3647 0.3 0.13
2197.93 -3.3936 0.3 0.13
2199.06 -3.4116 0.3 0.13
2200.01 -3.4207 0.3 0.13
2201.14 -3.4129 0.3 0.13
2202.01 -3.431 0.3 0.13
2202.93 -3.4137 0.3 0.13
2204.09 -3.4625 0.3 0.13
2205.02 -3.4463 0.3 0.13
2205.92 -3.4177 0.3 0.13
2207.03 -3.413 0.3 0.13
2207.98 -3.4446 0.3 0.13
2208.89 -3.4302 0.3 0.13
2210.01 -3.4508 0.3 0.13
2210.99 -3.4537 0.3 0.13
2212.05 -3.4399 0.3 0.13
2213.02 -3.4613 0.3 0.13
2213.96 -3.4789 0.3 0.13
2215.03 -3.4818 0.3 0.13
2215.99 -3.4583 0.3 0.13
2216.89 -3.4696 0.3 0.13
2218.12 -3.5217 0.3 0.13
2218.99 -3.5091 0.3 0.13
2220.02 -3.5002 0.3 0.13
2221.07 -3.516 0.3 0.13
2221.92 -3.5012 0.3 0.13
2223.02 -3.5334 0.3 0.13
2224 -3.5254 0.3 0.13
2224.96 -3.5491 0.3 0.13
2226.12 -3.5419 0.3 0.13
2226.91 -3.551 0.3 0.13
2227.97 -3.5496 0.3 0.13
2229 -3.5462 0.3 0.13
2229.92 -3.5673 0.3 0.13
2231.11 -3.5722 0.3 0.13
2231.95 -3.5521 0.3 0.13
2232.93 -3.5843 0.3 0.13
2234.03 -3.5513 0.3 0.13
2234.97 -3.5749 0.3 0.13
2235.86 -3.5856 0.3 0.13
2237.09 -3.6164 0.3 0.13
2237.91 -3.604 0.3 0.13
2239.08 -3.5958 0.3 0.13
2240.01 -3.6347 0.3 0.13
2240.91 -3.6164 0.3 0.13
2242.02 -3.612 0.3 0.13
2242.95 -3.616 0.3 0.13
2243.97 -3.6471 0.3 0.13
2245 -3.6301 0.3 0.13
2245.96 -3.6521 0.3 0.13
2246.91 -3.6256 0.3 0.13
2247.98 -3.6359 0.3 0.13
2248.96 -3.6226 0.3 0.13
2250.09 -3.6798 0.3 0.13
2251.08 -3.6741 0.3 0.13
2251.93 -3.6684 0.3 0.13
2253.08 -3.6795 0.3 0.13
2253.98 -3.6898 0.3 0.13
2254.94 -3.7102 0.3 0.13
2256.05 -3.7225 0.3 0.13
2257 -3.7375 0.3 0.13
2258.05 -3.7008 0.3 0.13
2258.98 -3.7351 0.3 0.13
2259.91 -3.6928 0.3 0.13
2261.08 -3.707 0.3 0.13
2261.99 -3.7655 0.3 0.13
2262.89 -3.7125 0.3 0.13
2264.06 -3.7694 0.3 0.13
2264.94 -3.7374 0.3 0.13
2265.89 -3.7712 0.3 0.13
2267.03 -3.8035 0.3 0.13
2267.95 -3.8113 0.3 0.13
2269.04 -3.7552 0.3 0.13
2270.04 -3.8289 0.3 0.13
2270.93 -3.7909 0.3 0.13
2272.08 -3.7661 0.3 0.13
2272.91 -3.7768 0.3 0.13
2273.94 -3.8237 0.3 0.13
2275.02 -3.819 0.3 0.13
2276.01 -3.8577 0.3 0.13
2277.07 -3.8062 0.3 0.13
2278 -3.8405 0.3 0.13
2278.92 -3.8346 0.3 0.13
2280.07 -3.8543 0.3 0.13
2281 -3.8707 0.3 0.13
2281.96 -3.8437 0.3 0.13
2283.04 -3.8633 0.3 0.13
2283.94 -3.8473 0.3 0.13
2285.11 -3.8879 0.3 0.13
2286.01 -3.8811 0.3 0.13
2286.96 -3.8965 0.3 0.13
2288.11 -3.9279 0.3 0.13
2288.97 -3.9013 0.3 0.13
2289.93 -3.9222 0.3 0.13
2291.11 -3.9483 0.3 0.13
2291.99 -3.9347 0.3 0.13
2292.93 -3.9295 0.3 0.13
2294 -3.9298 0.3 0.13
2294.92 -3.947 0.3 0.13
2296.1 -3.9765 0.3 0.13
2297.01 -3.9761 0.3 0.13
2297.9 -3.9593 0.3 0.13
2299.06 -3.9989 0.3 0.13
2299.93 -3.9586 0.3 0.13
2300.96 -4.0101 0.3 0.13
2302.01 -3.9928 0.3 0.13
2302.92 -3.992 0.3 0.13
2304.08 -4.0265 0.3 0.13
2304.99 -3.9952 0.3 0.13
2305.94 -4.0353 0.3 0.13
2307.05 -4.0145 0.3 0.13
2308 -4.0357 0.3 0.13
2308.92 -4.0321 0.3 0.13
2310.03 -4.0268 0.3 0.13
2310.96 -4.0679 0.3 0.13
2311.88 -4.0378 0.3 0.13
2312.99 -4.0386 0.3 0.13
2313.94 -4.0587 0.3 0.13
2315.06 -4.0646 0.3 0.13
2316.03 -4.0734 0.3 0.13
2316.91 -4.0631 0.3 0.13
2318.05 -4.111 0.3 0.13
2318.98 -4.0611 0.3 0.13
2319.9 -4.1162 0.3 0.13
2321.01 -4.0934 0.3 0.13
2321.94 -4.1483 0.3 0.13
2323.03 -4.148 0.3 0.13
2324 -4.1355 0.3 0.13
2324.98 -4.1495 0.3 0.13
2326.1 -4.18 0.3 0.13
2327 -4.1807 0.3 0.13
2327.86 -4.132 0.3 0.13
2329.02 -4.1794 0.3 0.13
2329.95 -4.2034 0.3 0.13
2330.95 -4.1979 0.3 0.13
2332.03 -4.1963 0.3 0.13
2332.98 -4.2035 0.3 0.13
2334.01 -4.1924 0.3 0.13
2334.93 -4.1889 0.3 0.13
2335.84 -4.1912 0.3 0.13
2337.04 -4.2128 0.3 0.13
2337.99 -4.2366 0.3 0.13
2338.87 -4.2455 0.3 0.13
2340.03 -4.2377 0.3 0.13
2340.92 -4.25 0.3 0.13
2342.08 -4.2621 0.3 0.13
2343.04 -4.2971 0.3 0.13
2343.95 -4.3031 0.3 0.13
2345.08 -4.2984 0.3 0.13
2345.96 -4.3331 0.3 0.13
2346.92 -4.3245 0.3 0.13
2348.11 -4.3077 0.3 0.13
2349.02 -4.3263 0.3 0.13
2349.89 -4.373 0.3 0.13
2351.04 -4.326 0.3 0.13
2351.9 -4.347 0.3 0.13
2353.06 -4.341 0.3 0.13
2354.05 -4.4087 0.3 0.13
2354.93 -4.34 0.3 0.13
2356.06 -4.361 0.3 0.13
2356.98 -4.4075 0.3 0.13
2357.88 -4.3965 0.3 0.13
2359.09 -4.3912 0.3 0.13
2360.01 -4.4427 0.3 0.13
2361.1 -4.4066 0.3 0.13
2361.98 -4.4316 0.3 0.13
2362.91 -4.4324 0.3 0.13
2364.04 -4.4477 0.3 0.13
2365 -4.463 0.3 0.13
2365.91 -4.4388 0.3 0.13
2367.02 -4.492 0.3 0.13
2367.96 -4.5141 0.3 0.13
2368.92 -4.52 0.3 0.13
2370 -4.4869 0.3 0.13
2370.97 -4.4985 0.3 0.13
2372.07 -4.517 0.3 0.13
2372.94 -4.48 0.3 0.13
2373.93 -4.5287 0.3 0.13
2375.05 -4.5312 0.3 0.13
2376.01 -4.5462 0.3 0.13
2376.85 -4.5221 0.3 0.13
2378.02 -4.5822 0.3 0.13
2378.87 -4.5222 0.3 0.13
2380.1 -4.6058 0.3 0.13
2381 -4.603 0.3 0.13
2381.96 -4.6096 0.3 0.13
2383.04 -4.5959 0.3 0.13
2383.98 -4.6215 0.3 0.13
2384.95 -4.6357 0.3 0.13
2386.05 -4.6675 0.3 0.13
2387.9 -4.6771 0.3 0.13
2388.98 -4.6468 0.3 0.13
2389.97 -4.6899 0.3 0.13
2391.03 -4.6987 0.3 0.13
2392 -4.6619 0.3 0.13
2392.9 -4.7054 0.3 0.13
2394.04 -4.6934 0.3 0.13
2394.97 -4.7304 0.3 0.13
2395.02 -4.7511 0.3 0.13
2397.08 -4.7409 0.3 0.13
2397.97 -4.7448 0.3 0.13
2399.1 -4.753 0.3 0.13
2399.95 -4.7076 0.3 0.13
2400.9 -4.7277 0.3 0.13
2402.11 -4.8056 0.3 0.13
2402.94 -4.7737 0.3 0.13
2403.9 -4.7747 0.3 0.13
2405.01 -4.8103 0.3 0.13
2405.96 -4.8257 0.3 0.13
2406.87 -4.8216 0.3 0.13
2408 -4.8196 0.3 0.13
2408.92 -4.8273 0.3 0.13
2410.08 -4.8486 0.3 0.13
2410.98 -4.9029 0.3 0.13
2411.9 -4.8758 0.3 0.13
2413.07 -4.8981 0.3 0.13
2414.01 -4.8957 0.3 0.13
2414.9 -4.9056 0.3 0.13
2416.08 -4.9385 0.3 0.13
2416.95 -4.9262 0.3 0.13
2418.01 -4.9082 0.3 0.13
2418.99 -4.939 0.3 0.13
2419.91 -4.9308 0.3 0.13
2421.04 -4.942 0.3 0.13
2421.98 -4.9853 0.3 0.13
2422.9 -4.9843 0.3 0.13
2424.07 -4.9954 0.3 0.13
2424.97 -5.0034 0.3 0.13
2425.87 -5.0316 0.3 0.13
2427.05 -5.0289 0.3 0.13
2427.93 -5.0261 0.3 0.13
2429.08 -5.0618 0.3 0.13
2430.01 -5.0199 0.3 0.13
2430.92 -5.0652 0.3 0.13
2432.02 -5.0447 0.3 0.13
2432.94 -5.0776 0.3 0.13
2433.92 -5.076 0.3 0.13
2435.04 -5.114 0.3 0.13
2435.9 -5.0683 0.3 0.13
2437.06 -5.0791 0.3 0.13
2437.99 -5.1099 0.3 0.13
2438.94 -5.1354 0.3 0.13
2440.03 -5.1625 0.3 0.13
2440.96 -5.1521 0.3 0.13
2441.88 -5.163 0.3 0.13
2443 -5.1611 0.3 0.13
2443.94 -5.1627 0.3 0.13
2444.91 -5.2298 0.3 0.13
2446.03 -5.1955 0.3 0.13
2446.99 -5.2388 0.3 0.13
2448.07 -5.2532 0.3 0.13
2449.09 -5.278 0.3 0.13
2449.92 -5.2448 0.3 0.13
2451.03 -5.249 0.3 0.13
2451.95 -5.261 0.3 0.13
2452.85 -5.2779 0.3 0.13
2453.98 -5.2883 0.3 0.13
2454.94 -5.306 0.3 0.13
2456.07 -5.3433 0.3 0.13
2456.99 -5.3487 0.3 0.13
2457.97 -5.3414 0.3 0.13
2459.06 -5.3864 0.3 0.13
2459.96 -5.3601 0.3 0.13
2460.91 -5.38 0.3 0.13
2462.08 -5.3703 0.3 0.13
2462.94 -5.3574 0.3 0.13
2463.88 -5.412 0.3 0.13
2465 -5.4248 0.3 0.13
2465.88 -5.4161 0.3 0.13
2467.1 -5.474 0.3 0.13
2468.01 -5.4728 0.3 0.13
2468.93 -5.4936 0.3 0.13
2470.02 -5.4974 0.3 0.13
2470.96 -5.4779 0.3 0.13
2471.87 -5.4765 0.3 0.13
2473.03 -5.5303 0.3 0.13
2473.91 -5.519 0.3 0.13
2475.04 -5.5594 0.3 0.13
2476.03 -5.5682 0.3 0.13
2476.92 -5.561 0.3 0.13
2478 -5.5506 0.3 0.13
2479.01 -5.596 0.3 0.13
2479.93 -5.612 0.3 0.13
2480.99 -5.6178 0.3 0.13
2481.93 -5.6508 0.3 0.13
2483.1 -5.6614 0.3 0.13
2484.03 -5.6629 0.3 0.13
2484.9 -5.6506 0.3 0.13
2486.03 -5.6878 0.3 0.13
2486.99 -5.6622 0.3 0.13
2487.95 -5.7093 0.3 0.13
2489.07 -5.7441 0.3 0.13
2489.95 -5.7396 0.3 0.13
2490.9 -5.7435 0.3 0.13
2492.05 -5.7686 0.3 0.13
2492.92 -5.7825 0.3 0.13
2494.07 -5.7713 0.3 0.13
2494.97 -5.7784 0.3 0.13
2496 -5.8357 0.3 0.13
2497.03 -5.818 0.3 0.13
2497.94 -5.8395 0.3 0.13
2498.93 -5.8778 0.3 0.13
2500.09 -5.8687 0.3 0.13
2500.98 -5.8753 0.3 0.13
2502.04 -5.8742 0.3 0.13
2503 -5.8697 0.3 0.13
2503.97 -5.9316 0.3 0.13
2505.05 -5.9081 0.3 0.13
2506 -5.9479 0.3 0.13
2506.89 -5.9203 0.3 0.13
2508.1 -5.985 0.3 0.13
2508.99 -6.0241 0.3 0.13
2509.91 -5.9998 0.3 0.13
2511.06 -6.0101 0.3 0.13
2512 -6.04 0.3 0.13
2513.09 -6.0169 0.3 0.13
2514.04 -6.0431 0.3 0.13
2514.95 -6.039 0.3 0.13
2516.11 -6.093 0.3 0.13
2516.95 -6.1339 0.3 0.13
2517.93 -6.1011 0.3 0.13
2518.99 -6.1365 0.3 0.13
2520.01 -6.167 0.3 0.13
2521.09 -6.1843 0.3 0.13
2522.02 -6.192 0.3 0.13
2522.99 -6.2285 0.3 0.13
2524.05 -6.2001 0.3 0.13
2524.96 -6.2211 0.3 0.13
2525.91 -6.241 0.3 0.13
2527.08 -6.265 0.3 0.13
2527.95 -6.2796 0.3 0.13
2528.96 -6.2928 0.3 0.13
2530.01 -6.3081 0.3 0.13
2530.91 -6.3077 0.3 0.13
2532.01 -6.3119 0.3 0.13
2532.98 -6.34 0.3 0.13
2533.9 -6.3589 0.3 0.13
2535.07 -6.3781 0.3 0.13
2535.93 -6.381 0.3 0.13
2536.85 -6.3837 0.3 0.13
2538.07 -6.4399 0.3 0.13
2538.98 -6.4439 0.3 0.13
2540.11 -6.4726 0.3 0.13
2541.03 -6.4792 0.3 0.13
2541.92 -6.5121 0.3 0.13
2543.11 -6.4877 0.3 0.13
2544.02 -6.5439 0.3 0.13
2544.93 -6.5088 0.3 0.13
2545.98 -6.5031 0.3 0.13
2547.03 -6.5886 0.3 0.13
2547.94 -6.5748 0.3 0.13
2548.98 -6.593 0.3 0.13
2550.03 -6.6416 0.3 0.13
2551.1 -6.6053 0.3 0.13
2552.94 -6.6827 0.3 0.13
2554.07 -6.6916 0.3 0.13
2554.97 -6.6955 0.3 0.13
2555.89 -6.7376 0.3 0.13
2557.02 -6.7921 0.3 0.13
2557.96 -6.7233 0.3 0.13
2559.07 -6.7966 0.3 0.13
2560.02 -6.8464 0.3 0.13
2560.94 -6.7955 0.3 0.13
2562.03 -6.8387 0.3 0.13
2563.01 -6.8538 0.3 0.13
2563.91 -6.8544 0.3 0.13
2565.09 -6.8838 0.3 0.13
2566 -6.9149 0.3 0.13
2566.93 -6.9256 0.3 0.13
2568.02 -6.9377 0.3 0.13
2568.97 -6.9444 0.3 0.13
2570.04 -6.9413 0.3 0.13
2570.96 -6.9738 0.3 0.13
2571.92 -7.0038 0.3 0.13
2573.07 -7.0582 0.3 0.13
2574 -7.093 0.3 0.13
2574.98 -7.097 0.3 0.13
2576.07 -7.1175 0.3 0.13
2576.98 -7.09 0.3 0.13
2578.09 -7.1238 0.3 0.13
2579.95 -7.171 0.3 0.13
2581.1 -7.2109 0.3 0.13
2582.06 -7.2503 0.3 0.13
2583.01 -7.2223 0.3 0.13
2584 -7.314 0.3 0.13
2585.02 -7.2744 0.3 0.13
2585.96 -7.302 0.3 0.13
2586.98 -7.383 0.3 0.13
2588 -7.3649 0.3 0.13
2589.03 -7.3464 0.3 0.13
2590.01 -7.3839 0.3 0.13
2590.92 -7.4418 0.3 0.13
2592.01 -7.4231 0.3 0.13
2593.01 -7.4554 0.3 0.13
2593.99 -7.4829 0.3 0.13
2595.08 -7.5261 0.3 0.13
2595.94 -7.5164 0.3 0.13
2597.09 -7.5324 0.3 0.13
2598.04 -7.5833 0.3 0.13
2599.01 -7.5542 0.3 0.13
2600.06 -7.6177 0.3 0.13
2601.03 -7.6191 0.3 0.13
2601.94 -7.6939 0.3 0.13
2603.11 -7.7199 0.3 0.13
2603.94 -7.6997 0.3 0.13
2604.94 -7.7469 0.3 0.13
2606.07 -7.7548 0.3 0.13
2607 -7.7745 0.3 0.13
2608.08 -7.7917 0.3 0.13
2609.04 -7.8027 0.3 0.13
2610.01 -7.8594 0.3 0.13
2611.08 -7.865 0.3 0.13
2612.03 -7.8933 0.3 0.13
2612.99 -7.9128 0.3 0.13
2614.05 -7.9702 0.3 0.13
2614.98 -7.9842 0.3 0.13
2616.12 -8.01 0.3 0.13
2617.02 -7.9899 0.3 0.13
2617.98 -8.0611 0.3 0.13
2619.09 -8.0523 0.3 0.13
2620.06 -8.0735 0.3 0.13
2620.92 -8.0954 0.3 0.13
2622.16 -8.1677 0.3 0.13
2623.02 -8.1533 0.3 0.13
2623.86 -8.1758 0.3 0.13
2625.08 -8.2153 0.3 0.13
2625.93 -8.1914 0.3 0.13
2627.09 -8.2361 0.3 0.13
2628.12 -8.3182 0.3 0.13
2628.96 -8.3397 0.3 0.13
2630.06 -8.3674 0.3 0.13
2631 -8.3687 0.3 0.13
2632.02 -8.4448 0.3 0.13
2633.08 -8.4497 0.3 0.13
2633.98 -8.4284 0.3 0.13
2635.06 -8.4764 0.3 0.13
2636 -8.4975 0.3 0.13
2636.97 -8.5333 0.3 0.13
2638.15 -8.6206 0.3 0.13
2639.07 -8.6496 0.3 0.13
2639.99 -8.6165 0.3 0.13
2641.18 -8.6625 0.3 0.13
2642.01 -8.6962 0.3 0.13
2643.01 -8.7076 0.3 0.13
2644.05 -8.7163 0.3 0.13
2645.01 -8.8091 0.3 0.13
2646.22 -8.8649 0.3 0.13
2647.09 -8.8436 0.3 0.13
2647.98 -8.8669 0.3 0.13
2649.17 -8.9175 0.3 0.13
2650.11 -9.0016 0.3 0.13
2650.96 -8.9714 0.3 0.13
2652.14 -8.9937 0.3 0.13
2653.04 -8.9961 0.3 0.13
2654.15 -9.058 0.3 0.13
2655.12 -9.1254 0.3 0.13
2656.06 -9.0879 0.3 0.13
2657.06 -9.1145 0.3 0.13
2658.06 -9.1611 0.3 0.13
2659.09 -9.2763 0.3 0.13
2660.09 -9.2662 0.3 0.13
2661.01 -9.2574 0.3 0.13
2661.07 -9.2843 0.3 0.13
2663.13 -9.3838 0.3 0.13
2664.03 -9.4241 0.3 0.13
2665.12 -9.4151 0.3 0.13
2666.05 -9.4493 0.3 0.13
2667.04 -9.4983 0.3 0.13
2668.03 -9.468 0.3 0.13
2669.09 -9.5342 0.3 0.13
2669.93 -9.573 0.3 0.13
2671.14 -9.623 0.3 0.13
2672.04 -9.6946 0.3 0.13
2673.06 -9.6985 0.3 0.13
2674.16 -9.728 0.3 0.13
2674.97 -9.7511 0.3 0.13
2676.17 -9.7885 0.3 0.13
2677.08 -9.8342 0.3 0.13
2678.02 -9.8682 0.3 0.13
2679.15 -9.9339 0.3 0.13
2680.08 -9.9572 0.3 0.13
2681.22 -10.0141 0.3 0.13
2682.09 -10.056 0.3 0.13
2683.09 -10.0848 0.3 0.13
2684.2 -10.123 0.3 0.13
2685.11 -10.1366 0.3 0.13
2686.07 -10.168 0.3 0.13
2687.09 -10.1946 0.3 0.13
2688.17 -10.2837 0.3 0.13
2689.03 -10.3085 0.3 0.13
2690.18 -10.3608 0.3 0.13
2691.04 -10.3635 0.3 0.13
2692.18 -10.487 0.3 0.13
2693.2 -10.5083 0.3 0.13
2694 -10.495 0.3 0.13
2695.11 -10.5453 0.3 0.13
2696.14 -10.6299 0.3 0.13
2697.1 -10.6612 0.3 0.13
2698.22 -10.7237 0.3 0.13
2699.08 -10.7554 0.3 0.13
2700.25 -10.8225 0.3 0.13
2701.16 -10.837 0.3 0.13
2702.03 -10.8848 0.3 0.13
2703.22 -10.9225 0.3 0.13
2704.22 -11.0203 0.3 0.13
2705.01 -11.0308 0.3 0.13
2706.12 -11.1003 0.3 0.13
2707.17 -11.1574 0.3 0.13
2708.07 -11.1601 0.3 0.13
2709.16 -11.227 0.3 0.13
2710.17 -11.3022 0.3 0.13
2711.26 -11.3719 0.3 0.13
2712.14 -11.324 0.3 0.13
2713.15 -11.4334 0.3 0.13
2714.23 -11.4932 0.3 0.13
2715.19 -11.5318 0.3 0.13
2716.09 -11.609 0.3 0.13
2717.16 -11.6056 0.3 0.13
2718.23 -11.7542 0.3 0.13
2719.29 -11.7869 0.3 0.13
2720.17 -11.836 0.3 0.13
2721.19 -11.8995 0.3 0.13
2722.22 -11.9109 0.3 0.13
2723.23 -12.0025 0.3 0.13
2724.2 -12.0457 0.3 0.13
2725.21 -12.0736 0.3 0.13
2726.21 -12.1836 0.3 0.13
2727.15 -12.1805 0.3 0.13
2728.29 -12.289 0.3 0.13
2729.18 -12.3283 0.3 0.13
2730.27 -12.4047 0.3 0.13
2731.27 -12.491 0.3 0.13
2732.21 -12.5719 0.3 0.13
2733.33 -12.6069 0.3 0.13
2734.19 -12.6646 0.3 0.13
2735.24 -12.7412 0.3 0.13
2736.21 -12.7812 0.3 0.13
2737.2 -12.8451 0.3 0.13
2738.4 -12.926 0.3 0.13
2739.16 -12.9544 0.3 0.13
2740.19 -13.0774 0.3 0.13
2741.32 -13.1254 0.3 0.13
2742.27 -13.2267 0.3 0.13
2743.23 -13.247 0.3 0.13
2744.34 -13.3613 0.3 0.13
2745.26 -13.4046 0.3 0.13
2746.24 -13.4743 0.3 0.13
2747.22 -13.5217 0.3 0.13
2748.29 -13.6528 0.3 0.13
2749.39 -13.6827 0.3 0.13
2750.29 -13.767 0.3 0.13
2751.23 -13.8602 0.3 0.13
2752.32 -13.9499 0.3 0.13
2753.26 -14.0097 0.3 0.13
2754.21 -14.1026 0.3 0.13
2755.36 -14.1385 0.3 0.13
2756.24 -14.2211 0.3 0.13
2757.36 -14.3131 0.3 0.13
2758.37 -14.3844 0.3 0.13
2759.21 -14.4637 0.3 0.13
2760.42 -14.5903 0.3 0.13
2761.33 -14.6775 0.3 0.13
2762.28 -14.7568 0.3 0.13
2763.33 -14.8613 0.3 0.13
2764.35 -14.9569 0.3 0.13
2765.24 -15.0303 0.3 0.13
2766.4 -15.1505 0.3 0.13
2767.41 -15.2086 0.3 0.13
2768.51 -15.3197 0.3 0.13
2769.32 -15.4246 0.3 0.13
2770.4 -15.5237 0.3 0.13
2771.5 -15.6083 0.3 0.13
2772.39 -15.6877 0.3 0.13
2773.25 -15.7569 0.3 0.13
2774.46 -15.8621 0.3 0.13
2775.42 -16.0042 0.3 0.13
2776.48 -16.1152 0.3 0.13
2777.39 -16.1983 0.3 0.13
2778.38 -16.2992 0.3 0.13
2779.43 -16.3721 0.3 0.13
2780.4 -16.5276 0.3 0.13
2781.36 -16.6391 0.3 0.13
2782.49 -16.7305 0.3 0.13
2783.48 -16.8412 0.3 0.13
2784.37 -16.9278 0.3 0.13
2785.54 -17.0702 0.3 0.13
2786.45 -17.2018 0.3 0.13
2787.51 -17.2877 0.3 0.13
2788.46 -17.4093 0.3 0.13
2789.48 -17.5431 0.3 0.13
2790.54 -17.6611 0.3 0.13
2791.49 -17.7751 0.3 0.13
2792.37 -17.8956 0.3 0.13
2793.48 -17.9891 0.3 0.13
2794.52 -18.1551 0.3 0.13
2795.59 -18.2578 0.3 0.13
2796.52 -18.3721 0.3 0.13
2797.53 -18.5206 0.3 0.13
2798.62 -18.6694 0.3 0.13
2799.57 -18.7893 0.3 0.13
2800.48 -18.8923 0.3 0.13
2801.62 -19.0025 0.3 0.13
2802.53 -19.1856 0.3 0.13
2803.58 -19.3062 0.3 0.13
2804.62 -19.4362 0.3 0.13
2805.56 -19.5481 0.3 0.13
2806.6 -19.6385 0.3 0.13
2807.62 -19.8233 0.3 0.13
2808.6 -19.9303 0.3 0.13
2809.62 -20.0328 0.3 0.13
2810.6 -20.1737 0.3 0.13
2811.59 -20.2935 0.3 0.13
2812.67 -20.4104 0.3 0.13
2813.57 -20.4937 0.3 0.13
2814.72 -20.6006 0.3 0.13
2815.81 -20.8048 0.3 0.13
2816.61 -20.8433 0.3 0.13
2817.77 -20.9534 0.3 0.13
2818.76 -21.05351 0.3 0.13
2819.54 -21.11027 0.3 0.13
2820.68 -21.17649 0.3 0.13
2821.7 -21.31365 0.3 0.13
2822.65 -21.39121 0.3 0.13
2823.81 -21.43335 0.3 0.13
2824.63 -21.49 0.3 0.13
2825.91 -21.6113 0.3 0.13
2826.71 -21.61546 0.3 0.13
2827.66 -21.64438 0.3 0.13
2828.85 -21.71683 0.3 0.13
2829.87 -21.77558 0.3 0.13
2830.62 -21.72625 0.3 0.13
2831.76 -21.7494 0.3 0.13
2832.66 -21.69623 0.3 0.13
2833.96 -21.74244 0.3 0.13
2834.88 -21.6725 0.3 0.13
2835.73 -21.58245 0.3 0.13
2836.74 -21.4901 0.3 0.13
2837.77 -21.44732 0.3 0.13
2838.74 -21.39639 0.3 0.13
2839.89 -21.27564 0.3 0.13
2840.76 -21.14894 0.3 0.13
2841.85 -21.0297 0.3 0.13
2842.85 -20.8811 0.3 0.13
2843.81 -20.7027 0.3 0.13
2844.77 -20.4918 0.3 0.13
2845.7 -20.2944 0.3 0.13
2846.79 -20.1201 0.3 0.13
2847.9 -19.8918 0.3 0.13
2848.7 -19.5996 0.3 0.13
2849.69 -19.3593 0.3 0.13
2850.74 -19.0427 0.3 0.13
2851.66 -18.7409 0.3 0.13
2852.76 -18.352 0.3 0.13
2853.73 -18.0663 0.3 0.13
2854.61 -17.7408 0.3 0.13
2855.79 -17.3246 0.3 0.13
2856.62 -16.9275 0.3 0.13
2857.55 -16.56 0.3 0.13
2858.64 -16.0808 0.3 0.13
2859.44 -15.6636 0.3 0.13
2860.71 -15.2213 0.3 0.13
2861.61 -14.7698 0.3 0.13
2862.47 -14.2905 0.3 0.13
2863.56 -13.7306 0.3 0.13
2864.49 -13.2368 0.3 0.13
2865.26 -12.7361 0.3 0.13
2866.49 -12.1731 0.3 0.13
2867.45 -11.72 0.3 0.13
2868.2 -11.1614 0.3 0.13
2869.36 -10.5331 0.3 0.13
2870.2 -9.9529 0.3 0.13
2871.29 -9.3303 0.3 0.13
2872.14 -8.782 0.3 0.13
2873.15 -8.2389 0.3 0.13
2874.06 -7.5191 0.3 0.13
2875.05 -6.9939 0.3 0.13
2875.93 -6.4017 0.3 0.13
2876.94 -5.7255 0.3 0.13
2877.82 -5.2018 0.3 0.13
2878.99 -4.4989 0.3 0.13
2879.87 -3.9133 0.3 0.13
2880.8 -3.3483 0.3 0.13
2881.94 -2.6952 0.3 0.13
2882.68 -2.091 0.3 0.13
2883.56 -1.5014 0.3 0.13
2884.62 -0.8078 0.3 0.13
2885.61 -0.2851 0.3 0.13
2886.35 0.3481 0.3 0.13
2887.62 0.8957 0.3 0.13
2888.52 1.4446 0.3 0.13
2889.45 2.1649 0.3 0.13
2890.4 2.6837 0.3 0.13
2891.24 3.1854 0.3 0.13
2892.36 3.8162 0.3 0.13
2893.26 4.3326 0.3 0.13
2894.27 4.8048 0.3 0.13
2895.23 5.3917 0.3 0.13
2896.19 5.858 0.3 0.13
2897.37 6.4271 0.3 0.13
2898.23 6.902 0.3 0.13
2899.15 7.372 0.3 0.13
2900.16 7.9081 0.3 0.13
2901.09 8.3473 0.3 0.13
2901.83 8.8203 0.3 0.13
2903.04 9.2966 0.3 0.13
2903.94 9.6917 0.3 0.13
2904.89 10.066 0.3 0.13
2906.03 10.5195 0.3 0.13
2906.99 10.871 0.3 0.13
2908.06 11.3542 0.3 0.13
2908.87 11.7718 0.3 0.13
2909.81 12.0927 0.3 0.13
2910.89 12.4699 0.3 0.13
2911.98 12.7619 0.3 0.13
2912.76 13.1198 0.3 0.13
2913.82 13.5232 0.3 0.13
2914.89 13.7748 0.3 0.13
2915.93 14.1759 0.3 0.13
2916.91 14.4354 0.3 0.13
2917.83 14.6924 0.3 0.13
2918.97 15.0091 0.3 0.13
2919.95 15.2778 0.3 0.13
2920.71 15.5107 0.3 0.13
2921.83 15.8353 0.3 0.13
2922.84 16.0674 0.3 0.13
2923.82 16.2744 0.3 0.13
2924.77 16.6036 0.3 0.13
2925.68 16.8409 0.3 0.13
2926.79 17.0594 0.3 0.13
2927.82 17.2352 0.3 0.13
2928.65 17.4115 0.3 0.13
2929.85 17.7012 0.3 0.13
2930.82 17.8116 0.3 0.13
2931.64 18.0712 0.3 0.13
2932.85 18.2079 0.3 0.13
2933.82 18.3582 0.3 0.13
2934.88 18.5848 0.3 0.13
2935.77 18.7007 0.3 0.13
2937.81 19.0552 0.3 0.13
2938.73 19.1641 0.3 0.13
2939.8 19.2922 0.3 0.13
2940.8 19.4641 0.3 0.13
2941.81 19.5537 0.3 0.13
2943.8 19.7828 0.3 0.13
2944.86 19.8825 0.3 0.13
2945.79 19.9862 0.3 0.13
2946.81 20.0901 0.3 0.13
2947.73 20.19 0.3 0.13
2948.88 20.2794 0.3 0.13
2949.91 20.308 0.3 0.13
2950.74 20.4195 0.3 0.13
2951.87 20.5383 0.3 0.13
2952.87 20.5739 0.3 0.13
2953.9 20.6782 0.3 0.13
2954.92 20.7446 0.3 0.13
2955.81 20.8087 0.3 0.13
2956.99 20.8793 0.3 0.13
2957.91 20.9118 0.3 0.13
2958.82 20.9203 0.3 0.13
2959.99 20.9752 0.3 0.13
2960.84 21.082 0.3 0.13
2961.77 21.1339 0.3 0.13
2962.93 21.1819 0.3 0.13
2963.84 21.1602 0.3 0.13
2964.97 21.215 0.3 0.13
2965.92 21.269 0.3 0.13
2966.92 21.2643 0.3 0.13
2967.94 21.3161 0.3 0.13
2968.87 21.3271 0.3 0.13
2969.84 21.3455 0.3 0.13
2970.95 21.3726 0.3 0.13
2971.93 21.3771 0.3 0.13
2973 21.3985 0.3 0.13
2973.82 21.4745 0.3 0.13
2974.89 21.4476 0.3 0.13
2976.04 21.4175 0.3 0.13
2976.99 21.4427 0.3 0.13
2977.88 21.4436 0.3 0.13
2979.08 21.4208 0.3 0.13
2980.02 21.4286 0.3 0.13
2980.9 21.451 0.3 0.13
2982.06 21.3889 0.3 0.13
2982.93 21.4284 0.3 0.13
2984.1 21.4181 0.3 0.13
2984.99 21.4395 0.3 0.13
2985.99 21.3596 0.3 0.13
2987.01 21.3891 0.3 0.13
2988.01 21.3825 0.3 0.13
2989.01 21.3447 0.3 0.13
2990.08 21.334 0.3 0.13
2991.05 21.2981 0.3 0.13
2992.27 21.2757 0.3 0.13
2993.09 21.3228 0.3 0.13
2993.94 21.2974 0.3 0.13
2995.15 21.2283 0.3 0.13
2996.05 21.2405 0.3 0.13
2997.05 21.2027 0.3 0.13
2998.1 21.183 0.3 0.13
2999.12 21.1239 0.3 0.13
2999.99 21.1166 0.3 0.13
3001.18 21.0911 0.3 0.13
3002.03 21.0764 0.3 0.13
3003.2 21.0317 0.3 0.13
3004.11 21.0036 0.3 0.13
3005.07 20.9577 0.3 0.13
3006.15 20.964 0.3 0.13
3007.13 20.8831 0.3 0.13
3008.09 20.8746 0.3 0.13
3009.21 20.8085 0.3 0.13
3010.12 20.7673 0.3 0.13
3011.25 20.7142 0.3 0.13
3012.25 20.6846 0.3 0.13
3013.09 20.7163 0.3 0.13
3014.24 20.6309 0.3 0.13
3015.23 20.555 0.3 0.13
3016.1 20.6061 0.3 0.13
3017.2 20.5323 0.3 0.13
3018.2 20.4764 0.3 0.13
3019.3 20.4232 0.3 0.13
3020.19 20.3799 0.3 0.13
3021.16 20.3512 0.3 0.13
3022.34 20.3004 0.3 0.13
3023.2 20.2572 0.3 0.13
3024.16 20.211 0.3 0.13
3025.31 20.1552 0.3 0.13
3026.27 20.0986 0.3 0.13
3027.2 20.0619 0.3 0.13
3028.3 20.0423 0.3 0.13
3029.21 20.0052 0.3 0.13
3030.29 19.9416 0.3 0.13
3031.34 19.8648 0.3 0.13
3032.22 19.8331 0.3 0.13
3033.29 19.8133 0.3 0.13
3034.16 19.7799 0.3 0.13
3035.11 19.753 0.3 0.13
3036.29 19.6726 0.3 0.13
3037.33 19.6169 0.3 0.13
3038.33 19.5967 0.3 0.13
3039.39 19.516 0.3 0.13
3040.24 19.4768 0.3 0.13
3041.42 19.4306 0.3 0.13
3042.28 19.3932 0.3 0.13
3043.27 19.335 0.3 0.13
3044.27 19.3105 0.3 0.13
3045.3 19.2519 0.3 0.13
3046.25 19.1931 0.3 0.13
3047.38 19.1234 0.3 0.13
3048.28 19.1219 0.3 0.13
3049.4 19.0529 0.3 0.13
3050.3 19.0236 0.3 0.13
3051.3 18.9522 0.3 0.13
3052.45 18.8554 0.3 0.13
3053.33 18.83 0.3 0.13
3054.26 18.7976 0.3 0.13
3055.43 18.7524 0.3 0.13
3056.31 18.6883 0.3 0.13
3057.42 18.6513 0.3 0.13
3058.37 18.5962 0.3 0.13
3059.37 18.5563 0.3 0.13
3060.44 18.5093 0.3 0.13
3061.39 18.4607 0.3 0.13
3062.26 18.4555 0.3 0.13
3063.42 18.3553 0.3 0.13
3064.36 18.3278 0.3 0.13
3065.4 18.2628 0.3 0.13
3066.4 18.2247 0.3 0.13
3067.38 18.1667 0.3 0.13
3068.48 18.1088 0.3 0.13
3069.36 18.1144 0.3 0.13
3070.38 17.9913 0.3 0.13
3071.48 17.9857 0.3 0.13
3072.43 17.9117 0.3 0.13
3073.41 17.8576 0.3 0.13
3074.45 17.8351 0.3 0.13
3075.43 17.774 0.3 0.13
3076.58 17.7198 0.3 0.13
3077.53 17.6871 0.3 0.13
3078.38 17.6297 0.3 0.13
3079.51 17.5859 0.3 0.13
3080.55 17.526 0.3 0.13
3081.4 17.4968 0.3 0.13
3082.53 17.4149 0.3 0.13
3083.42 17.3963 0.3 0.13
3084.37 17.3359 0.3 0.13
3085.47 17.2869 0.3 0.13
3086.43 17.2635 0.3 0.13
3087.61 17.1802 0.3 0.13
3088.49 17.1182 0.3 0.13
3089.51 17.0857 0.3 0.13
3090.55 17.0431 0.3 0.13
3091.5 16.9947 0.3 0.13
3092.43 16.9653 0.3 0.13
3094.48 16.8358 0.3 0.13
3095.59 16.7848 0.3 0.13
3096.54 16.7531 0.3 0.13
3097.5 16.6941 0.3 0.13
3098.64 16.6253 0.3 0.13
3099.53 16.5967 0.3 0.13
3100.39 16.5864 0.3 0.13
3101.55 16.5372 0.3 0.13
3102.57 16.4343 0.3 0.13
3103.47 16.4206 0.3 0.13
3104.58 16.3561 0.3 0.13
3105.52 16.322 0.3 0.13
3106.57 16.2643 0.3 0.13
3107.51 16.2666 0.3 0.13
3108.5 16.1894 0.3 0.13
3109.66 16.124 0.3 0.13
3110.6 16.0928 0.3 0.13
3111.47 16.0488 0.3 0.13
3112.64 15.9798 0.3 0.13
3113.5 15.9811 0.3 0.13
3114.6 15.901 0.3 0.13
3115.57 15.8455 0.3 0.13
3116.51 15.8024 0.3 0.13
3117.62 15.7565 0.3 0.13
3118.6 15.709 0.3 0.13
3119.4 15.6964 0.3 0.13
3120.59 15.6309 0.3 0.13
3121.58 15.5771 0.3 0.13
3122.5 15.5373 0.3 0.13
3123.56 15.5058 0.3 0.13
3124.5 15.4467 0.3 0.13
3125.56 15.401 0.3 0.13
3126.57 15.3424 0.3 0.13
3127.56 15.2986 0.3 0.13
3128.62 15.2604 0.3 0.13
3129.61 15.1933 0.3 0.13
3130.53 15.1752 0.3 0.13
3131.64 15.1305 0.3 0.13
3132.56 15.0914 0.3 0.13
3133.65 15.0423 0.3 0.13
3134.6 15.0086 0.3 0.13
3135.59 14.9495 0.3 0.13
3136.67 14.9007 0.3 0.13
3137.61 14.8731 0.3 0.13
3138.54 14.8676 0.3 0.13
3139.71 14.7744 0.3 0.13
3140.65 14.7334 0.3 0.13
3141.53 14.7043 0.3 0.13
3142.64 14.6686 0.3 0.13
3143.62 14.5985 0.3 0.13
3144.72 14.5843 0.3 0.13
3145.67 14.4863 0.3 0.13
3146.63 14.501 0.3 0.13
3147.72 14.4279 0.3 0.13
3148.64 14.4324 0.3 0.13
3149.61 14.3486 0.3 0.13
3150.69 14.3499 0.3 0.13
3151.68 14.271 0.3 0.13
3152.79 14.253 0.3 0.13
3153.65 14.198 0.3 0.13
3154.63 14.123 0.3 0.13
3155.7 14.1293 0.3 0.13
3156.61 14.1127 0.3 0.13
3157.57 14.0828 0.3 0.13
3158.68 14.0007 0.3 0.13
3159.71 13.9451 0.3 0.13
3160.57 13.8927 0.3 0.13
3161.62 13.9496 0.3 0.13
3162.67 13.8421 0.3 0.13
3163.81 13.8094 0.3 0.13
3164.73 13.7764 0.3 0.13
3165.64 13.6956 0.3 0.13
3166.73 13.6624 0.3 0.13
3167.65 13.6281 0.3 0.13
3169.75 13.5648 0.3 0.13
3170.65 13.5497 0.3 0.13
3171.81 13.4684 0.3 0.13
3172.69 13.4687 0.3 0.13
3173.65 13.4637 0.3 0.13
3174.77 13.3751 0.3 0.13
3175.72 13.3161 0.3 0.13
3176.62 13.3 0.3 0.13
3177.78 13.2566 0.3 0.13
3178.65 13.218 0.3 0.13
3179.59 13.1977 0.3 0.13
3180.79 13.1641 0.3 0.13
3181.68 13.1199 0.3 0.13
3182.83 13.0919 0.3 0.13
3183.73 13.0671 0.3 0.13
3184.72 13.0217 0.3 0.13
3185.77 12.9969 0.3 0.13
3186.76 12.957 0.3 0.13
3187.66 12.9208 0.3 0.13
3188.74 12.8813 0.3 0.13
3189.71 12.8192 0.3 0.13
3190.83 12.8029 0.3 0.13
3191.72 12.7692 0.3 0.13
3192.72 12.7672 0.3 0.13
3193.83 12.6651 0.3 0.13
3194.74 12.6708 0.3 0.13
3195.64 12.6576 0.3 0.13
3196.8 12.6019 0.3 0.13
3197.77 12.5478 0.3 0.13
3198.87 12.5542 0.3 0.13
3199.84 12.45 0.3 0.13
3200.68 12.4572 0.3 0.13
3201.85 12.3999 0.3 0.13
3202.8 12.4023 0.3 0.13
3203.73 12.372 0.3 0.13
3204.81 12.3458 0.3 0.13
3205.78 12.285 0.3 0.13
3206.77 12.2393 0.3 0.13
3207.73 12.214 0.3 0.13
3208.77 12.1697 0.3 0.13
3209.77 12.181 0.3 0.13
3210.73 12.1155 0.3 0.13
3211.7 12.0848 0.3 0.13
3212.89 12.0144 0.3 0.13
3213.77 12.0437 0.3 0.13
3214.77 11.984 0.3 0.13
3215.8 11.9833 0.3 0.13
3216.75 11.9184 0.3 0.13
3217.89 11.8961 0.3 0.13
3218.87 11.8579 0.3 0.13
3219.75 11.8387 0.3 0.13
3220.93 11.8098 0.3 0.13
3221.86 11.747 0.3 0.13
3222.75 11.798 0.3 0.13
3223.87 11.7557 0.3 0.13
3224.78 11.6813 0.3 0.13
3225.65 11.693 0.3 0.13
3226.86 11.622 0.3 0.13
3227.83 11.5704 0.3 0.13
3228.84 11.5205 0.3 0.13
3229.83 11.5068 0.3 0.13
3230.74 11.4895 0.3 0.13
3231.87 11.4757 0.3 0.13
3232.76 11.454 0.3 0.13
3233.66 11.4575 0.3 0.13
3234.89 11.3635 0.3 0.13
3235.91 11.3245 0.3 0.13
3236.91 11.3523 0.3 0.13
3237.85 11.2863 0.3 0.13
3238.83 11.2444 0.3 0.13
3239.88 11.2192 0.3 0.13
3240.9 11.2053 0.3 0.13
3241.8 11.1672 0.3 0.13
3243 11.0741 0.3 0.13
3243.81 11.1112 0.3 0.13
3244.75 11.0979 0.3 0.13
3245.91 11.039 0.3 0.13
3246.76 11.0582 0.3 0.13
3247.94 11.0026 0.3 0.13
3248.86 10.9581 0.3 0.13
3249.85 10.9583 0.3 0.13
3250.82 10.9977 0.3 0.13
3251.9 10.8841 0.3 0.13
3252.83 10.8567 0.3 0.13
3253.93 10.8156 0.3 0.13
3254.82 10.7887 0.3 0.13
3256.04 10.7659 0.3 0.13
3256.89 10.6808 0.3 0.13
3257.87 10.7133 0.3 0.13
3258.94 10.7074 0.3 0.13
3259.88 10.6715 0.3 0.13
3260.81 10.6441 0.3 0.13
3261.99 10.6394 0.3 0.13
3262.89 10.5834 0.3 0.13
3263.74 10.5909 0.3 0.13
3264.96 10.5351 0.3 0.13
3265.76 10.5181 0.3 0.13
3266.94 10.4885 0.3 0.13
3267.94 10.4427 0.3 0.13
3268.88 10.3784 0.3 0.13
3269.87 10.4002 0.3 0.13
3270.87 10.4012 0.3 0.13
3271.84 10.332 0.3 0.13
3272.93 10.3355 0.3 0.13
3273.87 10.3194 0.3 0.13
3275 10.2829 0.3 0.13
3275.97 10.2618 0.3 0.13
3276.87 10.2372 0.3 0.13
3277.96 10.2215 0.3 0.13
3278.9 10.1983 0.3 0.13
3279.91 10.1428 0.3 0.13
3281.01 10.1276 0.3 0.13
3281.86 10.1555 0.3 0.13
3282.88 10.0838 0.3 0.13
3283.89 10.061 0.3 0.13
3284.85 10.0569 0.3 0.13
3286.04 10.0411 0.3 0.13
3287.02 9.9778 0.3 0.13
3287.87 9.9856 0.3 0.13
3289 9.9482 0.3 0.13
3289.96 9.9364 0.3 0.13
3290.89 9.8651 0.3 0.13
3292.06 9.8286 0.3 0.13
3292.92 9.8523 0.3 0.13
3294.02 9.8108 0.3 0.13
3294.96 9.7775 0.3 0.13
3295.9 9.781 0.3 0.13
3297.04 9.7651 0.3 0.13
3297.93 9.7393 0.3 0.13
3298.87 9.7287 0.3 0.13
3300.05 9.7108 0.3 0.13
3301.03 9.625 0.3 0.13
3301.78 9.6551 0.3 0.13
3302.98 9.6062 0.3 0.13
3303.87 9.6238 0.3 0.13
3305.07 9.544 0.3 0.13
3305.98 9.5765 0.3 0.13
3306.95 9.5151 0.3 0.13
3307.97 9.5089 0.3 0.13
3308.96 9.4962 0.3 0.13
3309.96 9.4658 0.3 0.13
3311.05 9.447 0.3 0.13
3311.96 9.4331 0.3 0.13
3313.07 9.3931 0.3 0.13
3313.98 9.4252 0.3 0.13
3314.94 9.3441 0.3 0.13
3316.11 9.3126 0.3 0.13
3317 9.322 0.3 0.13
3317.96 9.3282 0.3 0.13
3319.01 9.2998 0.3 0.13
3319.97 9.2343 0.3 0.13
3320.88 9.2311 0.3 0.13
3322.01 9.1742 0.3 0.13
3322.96 9.1922 0.3 0.13
3324.12 9.1632 0.3 0.13
3325.01 9.1581 0.3 0.13
3325.97 9.1385 0.3 0.13
3327.14 9.142 0.3 0.13
3327.99 9.1098 0.3 0.13
3328.92 9.0588 0.3 0.13
3330.04 9.0307 0.3 0.13
3330.95 8.9962 0.3 0.13
3332.11 8.9517 0.3 0.13
3333.06 8.9879 0.3 0.13
3333.98 9.0407 0.3 0.13
3335.07 8.9706 0.3 0.13
3336.04 8.9679 0.3 0.13
3336.95 8.9689 0.3 0.13
3338.08 8.8878 0.3 0.13
3338.89 8.9088 0.3 0.13
3339.95 8.8685 0.3 0.13
3340.98 8.9193 0.3 0.13
3341.95 8.8824 0.3 0.13
3343.09 8.8471 0.3 0.13
3343.98 8.8641 0.3 0.13
3344.93 8.7688 0.3 0.13
3346.12 8.7775 0.3 0.13
3346.98 8.7818 0.3 0.13
3347.91 8.7478 0.3 0.13
3349.04 8.676 0.3 0.13
3350.01 8.6496 0.3 0.13
3351.09 8.6861 0.3 0.13
3352 8.6906 0.3 0.13
3353.02 8.6171 0.3 0.13
3354.04 8.6444 0.3 0.13
3354.99 8.6157 0.3 0.13
3355.93 8.6063 0.3 0.13
3356.98 8.5897 0.3 0.13
3357.93 8.5989 0.3 0.13
3358.92 8.5731 0.3 0.13
3359.99 8.518 0.3 0.13
3360.96 8.4841 0.3 0.13
3362.07 8.4717 0.3 0.13
3363.03 8.45 0.3 0.13
3363.95 8.4599 0.3 0.13
3365.12 8.4012 0.3 0.13
3365.96 8.4218 0.3 0.13
3366.99 8.3859 0.3 0.13
3368.08 8.3638 0.3 0.13
3368.97 8.3483 0.3 0.13
3370.12 8.3365 0.3 0.13
3371.05 8.3037 0.3 0.13
3371.92 8.3515 0.3 0.13
3373.03 8.3206 0.3 0.13
3374.08 8.2536 0.3 0.13
3374.96 8.219 0.3 0.13
3376.08 8.2115 0.3 0.13
3377.05 8.1873 0.3 0.13
3377.92 8.1956 0.3 0.13
3379.1 8.164 0.3 0.13
3379.95 8.1446 0.3 0.13
3381.06 8.165 0.3 0.13
3382.02 8.1199 0.3 0.13
3382.95 8.1218 0.3 0.13
3384.04 8.0868 0.3 0.13
3385.05 8.0769 0.3 0.13
3386.02 8.0476 0.3 0.13
3387.09 8.0478 0.3 0.13
3387.96 8.0737 0.3 0.13
3389.09 8.0728 0.3 0.13
3390.06 7.9921 0.3 0.13
3391 7.9855 0.3 0.13
3392.15 7.954 0.3 0.13
3393.04 7.9623 0.3 0.13
3393.99 7.9662 0.3 0.13
3395.15 7.95 0.3 0.13
3396.02 7.9009 0.3 0.13
3397.07 7.9511 0.3 0.13
3398.06 7.8722 0.3 0.13
3399.01 7.8845 0.3 0.13
3400.13 7.8344 0.3 0.13
3401.01 7.8325 0.3 0.13
3401.98 7.8176 0.3 0.13
3403.06 7.8396 0.3 0.13
3404.01 7.7746 0.3 0.13
3405 7.7848 0.3 0.13
3406.07 7.7849 0.3 0.13
3407 7.7515 0.3 0.13
3408.12 7.705 0.3 0.13
3409.05 7.7012 0.3 0.13
3410.04 7.7088 0.3 0.13
3411.05 7.6923 0.3 0.13
3412.13 7.6247 0.3 0.13
3413.04 7.6343 0.3 0.13
3414.07 7.6536 0.3 0.13
3415.05 7.6416 0.3 0.13
3416.17 7.6128 0.3 0.13
3417.07 7.5882 0.3 0.13
3418.02 7.5969 0.3 0.13
3419.08 7.6029 0.3 0.13
3420.06 7.522 0.3 0.13
3420.95 7.5155 0.3 0.13
3422.18 7.4979 0.3 0.13
3423.12 7.4455 0.3 0.13
3423.98 7.4947 0.3 0.13
3425.09 7.5007 0.3 0.13
3426.02 7.4432 0.3 0.13
3427.2 7.4352 0.3 0.13
3428.06 7.4495 0.3 0.13
3429.08 7.3851 0.3 0.13
3430.12 7.3923 0.3 0.13
3431.04 7.3914 0.3 0.13
3432.04 7.386 0.3 0.13
3433.14 7.3655 0.3 0.13
3434.01 7.3792 0.3 0.13
3435.16 7.3233 0.3 0.13
3436.16 7.317 0.3 0.13
3437 7.3102 0.3 0.13
3438.07 7.2994 0.3 0.13
3439.07 7.3059 0.3 0.13
3439.98 7.2993 0.3 0.13
3441.12 7.2235 0.3 0.13
3442.06 7.2235 0.3 0.13
3442.94 7.2079 0.3 0.13
3444.12 7.1767 0.3 0.13
3445.08 7.1973 0.3 0.13
3446.26 7.1801 0.3 0.13
3447.14 7.1284 0.3 0.13
3448 7.1545 0.3 0.13
3449.21 7.0988 0.3 0.13
3450.09 7.109 0.3 0.13
3450.99 7.1125 0.3 0.13
3452.16 7.0896 0.3 0.13
3453.12 7.0536 0.3 0.13
3454.15 7.0629 0.3 0.13
3455.13 7.0179 0.3 0.13
3456.1 7.033 0.3 0.13
3457.18 7.033 0.3 0.13
3458.08 6.9804 0.3 0.13
3459.02 6.985 0.3 0.13
3460.14 6.9686 0.3 0.13
3461.1 6.9893 0.3 0.13
3462.13 6.9353 0.3 0.13
3463.1 6.9434 0.3 0.13
3464.04 6.9247 0.3 0.13
3465.2 6.9216 0.3 0.13
3466.06 6.9441 0.3 0.13
3467.02 6.9053 0.3 0.13
3468.14 6.9128 0.3 0.13
3469.09 6.8908 0.3 0.13
3470.01 6.8607 0.3 0.13
3471.15 6.8423 0.3 0.13
3472.05 6.8423 0.3 0.13
3473.17 6.8057 0.3 0.13
3474.1 6.8052 0.3 0.13
3475.14 6.7764 0.3 0.13
3476.17 6.7774 0.3 0.13
3477.09 6.7936 0.3 0.13
3478.05 6.7903 0.3 0.13
3479.14 6.7676 0.3 0.13
3480.08 6.7546 0.3 0.13
3481.03 6.7367 0.3 0.13
3482.16 6.7063 0.3 0.13
3483.04 6.74 0.3 0.13
3484.23 6.6962 0.3 0.13
3485.1 6.6752 0.3 0.13
3486.03 6.6999 0.3 0.13
3487.18 6.6986 0.3 0.13
3488.06 6.6668 0.3 0.13
3489.01 6.6912 0.3 0.13
3490.13 6.6452 0.3 0.13
3491.08 6.6307 0.3 0.13
3492.15 6.5995 0.3 0.13
3493.1 6.6082 0.3 0.13
3494.1 6.5668 0.3 0.13
3495.17 6.5903 0.3 0.13
3496.12 6.5846 0.3 0.13
3497.07 6.562 0.3 0.13
3498.2 6.5017 0.3 0.13
3499.13 6.5434 0.3 0.13
3500.02 6.5265 0.3 0.13
3501.17 6.4839 0.3 0.13
3502.06 6.5034 0.3 0.13
3503.16 6.4941 0.3 0.13
3504.1 6.4973 0.3 0.13
3505.11 6.4724 0.3 0.13
3506.2 6.4861 0.3 0.13
3507.12 6.4374 0.3 0.13
3507.97 6.4664 0.3 0.13
3509.15 6.441 0.3 0.13
3510.08 6.4444 0.3 0.13
3511.25 6.4056 0.3 0.13
3512.23 6.367 0.3 0.13
3513.04 6.3851 0.3 0.13
3514.23 6.3884 0.3 0.13
3515.12 6.3671 0.3 0.13
3516.1 6.3661 0.3 0.13
3517.17 6.353 0.3 0.13
3518.1 6.3145 0.3 0.13
3519.01 6.3578 0.3 0.13
3520.15 6.3175 0.3 0.13
3521.06 6.3298 0.3 0.13
3522.23 6.2895 0.3 0.13
3524.03 6.2929 0.3 0.13
3525.16 6.2383 0.3 0.13
3526.14 6.272 0.3 0.13
3527.04 6.2487 0.3 0.13
3528.16 6.2327 0.3 0.13
3529.08 6.2312 0.3 0.13
3530.24 6.2065 0.3 0.13
3531.18 6.197 0.3 0.13
3532.07 6.2079 0.3 0.13
3533.21 6.1787 0.3 0.13
3534.22 6.1477 0.3 0.13
3535.02 6.1743 0.3 0.13
3536.21 6.1633 0.3 0.13
3537.15 6.1574 0.3 0.13
3538.08 6.1513 0.3 0.13
3539.16 6.1229 0.3 0.13
3540.08 6.103 0.3 0.13
3541.22 6.1238 0.3 0.13
3542.18 6.0903 0.3 0.13
3543.1 6.0438 0.3 0.13
3544.19 6.0844 0.3 0.13
3545.13 6.0923 0.3 0.13
3546.15 6.0505 0.3 0.13
3547.23 6.0545 0.3 0.13
3548.08 6.0376 0.3 0.13
3549.25 6.0144 0.3 0.13
3550.11 6.0122 0.3 0.13
3551.04 6.0373 0.3 0.13
3552.2 6.0297 0.3 0.13
3553.12 6.0249 0.3 0.13
3554.09 5.9597 0.3 0.13
3555.19 5.9868 0.3 0.13
3556.13 5.9663 0.3 0.13
3557.02 5.9908 0.3 0.13
3558.2 5.9418 0.3 0.13
3559.07 5.9873 0.3 0.13
3560.26 5.9091 0.3 0.13
3561.18 5.947 0.3 0.13
3562.07 5.8964 0.3 0.13
3563.22 5.9061 0.3 0.13
3564.12 5.9372 0.3 0.13
3565.08 5.8906 0.3 0.13
3566.14 5.9206 0.3 0.13
3567.11 5.9102 0.3 0.13
3568.13 5.8642 0.3 0.13
3569.11 5.8757 0.3 0.13
3570.17 5.8343 0.3 0.13
3571.26 5.8392 0.3 0.13
3572.17 5.8129 0.3 0.13
3573.12 5.791 0.3 0.13
3574.14 5.8132 0.3 0.13
3575.15 5.7768 0.3 0.13
3576.22 5.8051 0.3 0.13
3577.21 5.7737 0.3 0.13
3578.08 5.7784 0.3 0.13
3579.21 5.786 0.3 0.13
3580.23 5.7501 0.3 0.13
3581.14 5.727 0.3 0.13
3582.25 5.7349 0.3 0.13
3583.13 5.7346 0.3 0.13
3584.12 5.6821 0.3 0.13
3585.2 5.7064 0.3 0.13
3587.28 5.7165 0.3 0.13
3588.2 5.6817 0.3 0.13
3589.11 5.6848 0.3 0.13
3590.25 5.6734 0.3 0.13
3591.14 5.6751 0.3 0.13
3592.06 5.6518 0.3 0.13
3593.19 5.6622 0.3 0.13
3594.15 5.6314 0.3 0.13
3595.19 5.6632 0.3 0.13
3596.13 5.6271 0.3 0.13
3597.17 5.5877 0.3 0.13
3598.18 5.5717 0.3 0.13
3599.16 5.5764 0.3 0.13
3600.12 5.5484 0.3 0.13
3601.22 5.5688 0.3 0.13
3602.15 5.54 0.3 0.13
3603.07 5.5729 0.3 0.13
3604.18 5.5528 0.3 0.13
3605.16 5.543 0.3 0.13
3606.22 5.526 0.3 0.13
3607.16 5.5068 0.3 0.13
3608.13 5.5296 0.3 0.13
3609.23 5.5153 0.3 0.13
3610.16 5.5094 0.3 0.13
3611.11 5.5058 0.3 0.13
3612.27 5.4654 0.3 0.13
3613.15 5.4521 0.3 0.13
3614.31 5.4757 0.3 0.13
3615.22 5.431 0.3 0.13
3616.15 5.4604 0.3 0.13
3617.2 5.4367 0.3 0.13
3618.13 5.4407 0.3 0.13
3619.13 5.428 0.3 0.13
3620.18 5.4636 0.3 0.13
3621.1 5.4282 0.3 0.13
3622.06 5.4203 0.3 0.13
3623.21 5.4021 0.3 0.13
3624.09 5.4044 0.3 0.13
3625.23 5.3864 0.3 0.13
3626.18 5.3644 0.3 0.13
3627.11 5.3543 0.3 0.13
3628.22 5.3689 0.3 0.13
3629.19 5.3605 0.3 0.13
3630.05 5.3945 0.3 0.13
3631.2 5.3508 0.3 0.13
3632.11 5.3262 0.3 0.13
3633.25 5.3152 0.3 0.13
3634.19 5.3268 0.3 0.13
3635.11 5.3117 0.3 0.13
3636.25 5.2829 0.3 0.13
3637.16 5.2976 0.3 0.13
3638.09 5.3193 0.3 0.13
3639.2 5.272 0.3 0.13
3640.09 5.2986 0.3 0.13
3641.05 5.2728 0.3 0.13
3642.18 5.2825 0.3 0.13
3643.17 5.2388 0.3 0.13
3644.3 5.2544 0.3 0.13
3645.15 5.2841 0.3 0.13
3646.16 5.1976 0.3 0.13
3647.23 5.2214 0.3 0.13
3648.15 5.2308 0.3 0.13
3649.13 5.2558 0.3 0.13
3650.23 5.2017 0.3 0.13
3651.12 5.2029 0.3 0.13
3652.32 5.1974 0.3 0.13
3653.21 5.1966 0.3 0.13
3654.1 5.1771 0.3 0.13
3655.22 5.1774 0.3 0.13
3656.17 5.17 0.3 0.13
3657.08 5.139 0.3 0.13
3658.21 5.152 0.3 0.13
3659.14 5.1472 0.3 0.13
3660.06 5.1349 0.3 0.13
3661.22 5.134 0.3 0.13
3662.13 5.1011 0.3 0.13
3663.23 5.1139 0.3 0.13
3664.15 5.077 0.3 0.13
3665.09 5.123 0.3 0.13
3666.17 5.1258 0.3 0.13
3667.14 5.0853 0.3 0.13
3668.1 5.0852 0.3 0.13
3669.24 5.0621 0.3 0.13
3670.13 5.0956 0.3 0.13
3671.26 5.0639 0.3 0.13
3672.16 5.0445 0.3 0.13
3673.08 5.045 0.3 0.13
3674.2 5.0154 0.3 0.13
3675.19 5.0459 0.3 0.13
3676.05 5.0442 0.3 0.13
3677.23 5.0282 0.3 0.13
3678.15 5.0186 0.3 0.13
3679.09 4.9982 0.3 0.13
3680.21 5.038 0.3 0.13
3681.12 5.001 0.3 0.13
3682.22 5.0151 0.3 0.13
3683.22 5.0149 0.3 0.13
3684.16 4.9481 0.3 0.13
3685.26 4.9596 0.3 0.13
3686.12 4.9786 0.3 0.13
3687.19 4.9425 0.3 0.13
3688.18 4.9404 0.3 0.13
3689.11 4.9677 0.3 0.13
3690.28 4.9641 0.3 0.13
3691.25 4.9261 0.3 0.13
3692.1 4.9438 0.3 0.13
3693.22 4.919 0.3 0.13
3694.19 4.9356 0.3 0.13
3695.13 4.9198 0.3 0.13
3696.24 4.903 0.3 0.13
3697.15 4.9135 0.3 0.13
3698.06 4.9071 0.3 0.13
3699.2 4.8713 0.3 0.13
3700.14 4.8532 0.3 0.13
3701.24 4.8486 0.3 0.13
3702.18 4.9102 0.3 0.13
3703.1 4.879 0.3 0.13
3704.22 4.875 0.3 0.13
3705.13 4.8542 0.3 0.13
3706.09 4.845 0.3 0.13
3707.24 4.8101 0.3 0.13
3708.17 4.8343 0.3 0.13
3709.22 4.8515 0.3 0.13
3710.18 4.8235 0.3 0.13
3711.11 4.8271 0.3 0.13
3712.23 4.8252 0.3 0.13
3713.17 4.8066 0.3 0.13
3714.08 4.8013 0.3 0.13
3715.18 4.8124 0.3 0.13
3716.15 4.8025 0.3 0.13
3717.06 4.7894 0.3 0.13
3718.19 4.7811 0.3 0.13
3719.14 4.767 0.3 0.13
3720.2 4.7785 0.3 0.13
3721.21 4.7664 0.3 0.13
3722.12 4.7571 0.3 0.13
3723.17 4.7576 0.3 0.13
3724.2 4.7137 0.3 0.13
3725.08 4.7714 0.3 0.13
3726.16 4.7606 0.3 0.13
3727.2 4.7311 0.3 0.13
3728.29 4.7104 0.3 0.13
3729.16 4.734 0.3 0.13
3730.13 4.6972 0.3 0.13
3731.2 4.6786 0.3 0.13
3732.2 4.7085 0.3 0.13
3733.09 4.6919 0.3 0.13
3734.22 4.6942 0.3 0.13
3735.11 4.6804 0.3 0.13
3736.08 4.6698 0.3 0.13
3737.18 4.6868 0.3 0.13
3738.13 4.6513 0.3 0.13
3739.27 4.6543 0.3 0.13
3740.12 4.668 0.3 0.13
3741.08 4.6577 0.3 0.13
3742.2 4.6544 0.3 0.13
3743.15 4.6477 0.3 0.13
3744.11 4.6103 0.3 0.13
3745.24 4.6084 0.3 0.13
3746.15 4.6091 0.3 0.13
3747.23 4.6279 0.3 0.13
3748.19 4.626 0.3 0.13
3749.13 4.6077 0.3 0.13
3750.25 4.5934 0.3 0.13
3751.13 4.6147 0.3 0.13
3752.1 4.5953 0.3 0.13
3753.19 4.5668 0.3 0.13
3754.15 4.5752 0.3 0.13
3755.28 4.567 0.3 0.13
3756.27 4.5492 0.3 0.13
3757.05 4.5764 0.3 0.13
3758.26 4.5458 0.3 0.13
3759.15 4.5779 0.3 0.13
3760.13 4.5329 0.3 0.13
3761.19 4.5758 0.3 0.13
3762.16 4.5628 0.3 0.13
3763.11 4.5071 0.3 0.13
3764.21 4.5272 0.3 0.13
3765.09 4.5415 0.3 0.13
3766.24 4.5268 0.3 0.13
3767.16 4.5271 0.3 0.13
3768.14 4.5226 0.3 0.13
3769.24 4.4959 0.3 0.13
3770.16 4.4901 0.3 0.13
3771.15 4.4931 0.3 0.13
3772.23 4.4624 0.3 0.13
3773.12 4.482 0.3 0.13
3774.23 4.4949 0.3 0.13
3775.25 4.4356 0.3 0.13
3776.1 4.4795 0.3 0.13
3777.19 4.489 0.3 0.13
3778.18 4.4506 0.3 0.13
3779.06 4.4691 0.3 0.13
3780.2 4.4116 0.3 0.13
3781.16 4.4379 0.3 0.13
3782.07 4.4152 0.3 0.13
3783.22 4.4128 0.3 0.13
3784.16 4.4239 0.3 0.13
3785.26 4.4538 0.3 0.13
3786.2 4.4089 0.3 0.13
3787.13 4.4366 0.3 0.13
3788.26 4.4017 0.3 0.13
3789.17 4.4053 0.3 0.13
3790.07 4.3935 0.3 0.13
3791.15 4.4248 0.3 0.13
3792.16 4.3746 0.3 0.13
3793.19 4.4059 0.3 0.13
3794.17 4.3765 0.3 0.13
3795.14 4.3899 0.3 0.13
3796.25 4.3578 0.3 0.13
3797.16 4.3623 0.3 0.13
3798.1 4.3482 0.3 0.13
3799.27 4.3347 0.3 0.13
3800.15 4.3267 0.3 0.13
3801.07 4.358 0.3 0.13
3802.2 4.3376 0.3 0.13
3804.23 4.334 0.3 0.13
3805.19 4.3269 0.3 0.13
3806.08 4.3445 0.3 0.13
3807.19 4.3287 0.3 0.13
3808.13 4.3023 0.3 0.13
3809.08 4.3145 0.3 0.13
3810.16 4.3001 0.3 0.13
3811.12 4.3029 0.3 0.13
3812.27 4.3086 0.3 0.13
3813.15 4.3245 0.3 0.13
3814.1 4.2936 0.3 0.13
3815.24 4.2798 0.3 0.13
3816.16 4.2952 0.3 0.13
3817.07 4.2954 0.3 0.13
3818.17 4.2608 0.3 0.13
3819.11 4.2836 0.3 0.13
3820.05 4.2715 0.3 0.13
3821.2 4.2804 0.3 0.13
3822.11 4.2521 0.3 0.13
3823.24 4.2661 0.3 0.13
3824.18 4.2286 0.3 0.13
3825.1 4.2295 0.3 0.13
3826.28 4.2194 0.3 0.13
3827.11 4.2394 0.3 0.13
3828.09 4.2161 0.3 0.13
3829.2 4.1963 0.3 0.13
3830.11 4.2278 0.3 0.13
3831.19 4.2032 0.3 0.13
3832.18 4.1885 0.3 0.13
3833.08 4.2008 0.3 0.13
3834.2 4.1884 0.3 0.13
3835.23 4.1813 0.3 0.13
3836.09 4.1931 0.3 0.13
3837.2 4.2037 0.3 0.13
3838.15 4.1497 0.3 0.13
3839.05 4.1616 0.3 0.13
3840.16 4.164 0.3 0.13
3841.03 4.1755 0.3 0.13
3842.24 4.1472 0.3 0.13
3843.2 4.1579 0.3 0.13
3844.04 4.1811 0.3 0.13
3845.25 4.161 0.3 0.13
3846.13 4.124 0.3 0.13
3847.04 4.1346 0.3 0.13
3848.18 4.1097 0.3 0.13
3849.14 4.1199 0.3 0.13
3850.25 4.0995 0.3 0.13
3851.23 4.104 0.3 0.13
3852.11 4.0965 0.3 0.13
3853.14 4.111 0.3 0.13
3854.15 4.1043 0.3 0.13
3855.12 4.1097 0.3 0.13
3856.17 4.1321 0.3 0.13
3857.15 4.0641 0.3 0.13
3858.01 4.1156 0.3 0.13
3859.15 4.0636 0.3 0.13
3860.16 4.066 0.3 0.13
3862.17 4.051 0.3 0.13
3863.07 4.054 0.3 0.13
3864.2 4.0379 0.3 0.13
3865.15 4.0597 0.3 0.13
3866.05 4.0379 0.3 0.13
3867.14 4.0669 0.3 0.13
3868.12 4.0429 0.3 0.13
3869.33 4.0062 0.3 0.13
3870.17 4.0517 0.3 0.13
3871.11 4.0531 0.3 0.13
3872.22 4.003 0.3 0.13
3873.12 4.0494 0.3 0.13
3874.09 3.9943 0.3 0.13
3875.14 4.0505 0.3 0.13
3876.13 4.0313 0.3 0.13
3877.06 4.0127 0.3 0.13
3878.14 3.9868 0.3 0.13
3879.05 4.0293 0.3 0.13
3880.21 4.01 0.3 0.13
3881.08 4.0177 0.3 0.13
3882.11 4.0176 0.3 0.13
3883.23 3.9443 0.3 0.13
3884.12 3.9467 0.3 0.13
3885.04 3.997 0.3 0.13
3886.22 3.9727 0.3 0.13
3887.16 3.96 0.3 0.13
3888.25 3.9409 0.3 0.13
3889.12 4.0029 0.3 0.13
3890.15 3.9402 0.3 0.13
3891.24 3.9649 0.3 0.13
3892.13 3.9612 0.3 0.13
3892.99 4.0091 0.3 0.13
3894.17 3.9646 0.3 0.13
3895.15 3.9533 0.3 0.13
3896.04 3.9567 0.3 0.13
3897.15 3.9169 0.3 0.13
3898.15 3.9648 0.3 0.13
3899.2 3.9186 0.3 0.13
3900.14 3.8966 0.3 0.13
3901.11 3.9118 0.3 0.13
3902.23 3.9116 0.3 0.13
3903.13 3.8825 0.3 0.13
3904 3.9142 0.3 0.13
3905.06 3.8993 0.3 0.13
3906.05 3.9155 0.3 0.13
3907.18 3.921 0.3 0.13
3908.13 3.8789 0.3 0.13
3909.07 3.9009 0.3 0.13
3910.24 3.8671 0.3 0.13
3911.08 3.8744 0.3 0.13
3912.02 3.8898 0.3 0.13
3913.17 3.8624 0.3 0.13
3914.13 3.8479 0.3 0.13
3915.05 3.844 0.3 0.13
3916.1 3.8695 0.3 0.13
3917.08 3.8852 0.3 0.13
3918.17 3.87 0.3 0.13
3919.09 3.8923 0.3 0.13
3920.09 3.8465 0.3 0.13
3921.16 3.8439 0.3 0.13
3922.15 3.8474 0.3 0.13
3922.99 3.8376 0.3 0.13
3924.18 3.8533 0.3 0.13
3925.02 3.912 0.3 0.13
3926.19 3.8155 0.3 0.13
3927.14 3.8276 0.3 0.13
3928.13 3.8155 0.3 0.13
3929.25 3.8161 0.3 0.13
3930.1 3.815 0.3 0.13
3931.06 3.7959 0.3 0.13
3932.21 3.8034 0.3 0.13
3933.13 3.767 0.3 0.13
3934.16 3.8249 0.3 0.13
3935.12 3.8009 0.3 0.13
3936.05 3.7957 0.3 0.13
3937.16 3.7789 0.3 0.13
3938.12 3.7829 0.3 0.13
3939.03 3.7724 0.3 0.13
3940.2 3.7771 0.3 0.13
3941.05 3.8181 0.3 0.13
3941.98 3.7666 0.3 0.13
3943.03 3.7897 0.3 0.13
3944.05 3.8018 0.3 0.13
3945.25 3.7538 0.3 0.13
3946.14 3.781 0.3 0.13
3947.13 3.7449 0.3 0.13
3948.17 3.7122 0.3 0.13
3949.05 3.7567 0.3 0.13
3950.04 3.7368 0.3 0.13
3951.27 3.6722 0.3 0.13
3952.1 3.7501 0.3 0.13
3953.22 3.787 0.3 0.13
3954.07 3.7378 0.3 0.13
3954.99 3.7386 0.3 0.13
3956.21 3.6959 0.3 0.13
3957.08 3.7515 0.3 0.13
3958.14 3.6948 0.3 0.13
3959.16 3.7076 0.3 0.13
3960.08 3.6896 0.3 0.13
3961 3.6678 0.3 0.13
3962.13 3.7378 0.3 0.13
3963.07 3.7077 0.3 0.13
3964.15 3.7116 0.3 0.13
3965.15 3.6674 0.3 0.13
3966.11 3.7075 0.3 0.13
3967.17 3.6755 0.3 0.13
3968.07 3.7089 0.3 0.13
3969.02 3.6794 0.3 0.13
3970.06 3.6909 0.3 0.13
3971.06 3.692 0.3 0.13
3972.23 3.6547 0.3 0.13
3973.02 3.7091 0.3 0.13
3974.04 3.6756 0.3 0.13
3975.16 3.6399 0.3 0.13
3976.13 3.6341 0.3 0.13
3976.96 3.7048 0.3 0.13
3978.18 3.6138 0.3 0.13
3979.14 3.6214 0.3 0.13
3979.98 3.6655 0.3 0.13
3981.15 3.6607 0.3 0.13
3982.09 3.6673 0.3 0.13
3983.08 3.6923 0.3 0.13
3984.13 3.6425 0.3 0.13
3985.03 3.6233 0.3 0.13
3986.17 3.5996 0.3 0.13
3987.06 3.6398 0.3 0.13
3988.12 3.5849 0.3 0.13
3989.11 3.6323 0.3 0.13
3990.08 3.5695 0.3 0.13
3991.12 3.6519 0.3 0.13
3992.13 3.6133 0.3 0.13
3993.02 3.5747 0.3 0.13
3994.12 3.5913 0.3 0.13
3995.11 3.569 0.3 0.13
3996.04 3.5692 0.3 0.13
3997.12 3.6181 0.3 0.13
3998.17 3.5171 0.3 0.13
3999.01 3.5811 0.3 0.13
4000.05 3.5938 0.3 0.13
4001.06 3.5226 0.3 0.13
4002.16 3.5535 0.3 0.13
4003.06 3.5626 0.3 0.13
4003.94 3.5479 0.3 0.13
4005.1 3.5625 0.3 0.13
4006.1 3.5289 0.3 0.13
4007.02 3.5677 0.3 0.13
4008.01 3.5947 0.3 0.13
4008.95 3.574 0.3 0.13
4010.16 3.5103 0.3 0.13
4011.02 3.558 0.3 0.13
4012.08 3.5192 0.3 0.13
4013.02 3.5824 0.3 0.13
4014.1 3.5116 0.3 0.13
4014.93 3.5462 0.3 0.13
4016.05 3.5155 0.3 0.13
4016.97 3.4968 0.3 0.13
4017.93 3.5351 0.3 0.13
4019.11 3.4931 0.3 0.13
4020 3.5074 0.3 0.13
4021.07 3.5258 0.3 0.13
4022.04 3.5165 0.3 0.13
4022.99 3.4939 0.3 0.13
4024.13 3.479 0.3 0.13
4025.06 3.4823 0.3 0.13
4025.96 3.4915 0.3 0.13
4027.1 3.5196 0.3 0.13
4028.05 3.483 0.3 0.13
4029.07 3.5188 0.3 0.13
4030.05 3.4405 0.3 0.13
4031.01 3.4782 0.3 0.13
4032.02 3.5012 0.3 0.13
4033 3.4732 0.3 0.13
4033.89 3.4664 0.3 0.13
4035.01 3.4677 0.3 0.13
4036.01 3.4827 0.3 0.13
4036.92 3.4739 0.3 0.13
4037.99 3.4892 0.3 0.13
4039.01 3.465 0.3 0.13
4040.1 3.4526 0.3 0.13
4041.07 3.4317 0.3 0.13
4041.99 3.3898 0.3 0.13
4043.12 3.4263 0.3 0.13
4044.03 3.411 0.3 0.13
4044.96 3.4364 0.3 0.13
4046.15 3.4411 0.3 0.13
4047.03 3.4439 0.3 0.13
4048.11 3.4377 0.3 0.13
4048.96 3.4866 0.3 0.13
4050 3.4211 0.3 0.13
4051.15 3.3922 0.3 0.13
4052.03 3.4016 0.3 0.13
4052.9 3.4117 0.3 0.13
4054.16 3.4184 0.3 0.13
4055.01 3.3906 0.3 0.13
4055.91 3.414 0.3 0.13
4057.07 3.4339 0.3 0.13
4057.97 3.4157 0.3 0.13
4059.14 3.3603 0.3 0.13
4059.95 3.3966 0.3 0.13
4061.07 3.3578 0.3 0.13
4062.11 3.3871 0.3 0.13
4063.07 3.389 0.3 0.13
4063.86 3.3874 0.3 0.13
4065.1 3.3851 0.3 0.13
4066.07 3.3827 0.3 0.13
4067.13 3.3408 0.3 0.13
4068.06 3.3715 0.3 0.13
4068.97 3.3814 0.3 0.13
4070.12 3.3645 0.3 0.13
4071.1 3.3656 0.3 0.13
4071.97 3.3747 0.3 0.13
4073.07 3.3612 0.3 0.13
4074.04 3.3437 0.3 0.13
4074.98 3.3186 0.3 0.13
4076.07 3.3284 0.3 0.13
4076.99 3.3331 0.3 0.13
4078.13 3.3458 0.3 0.13
4079.03 3.3753 0.3 0.13
4080.03 3.3126 0.3 0.13
4081.08 3.3368 0.3 0.13
4082 3.352 0.3 0.13
4082.88 3.3384 0.3 0.13
4084.1 3.2935 0.3 0.13
4084.92 3.3266 0.3 0.13
4086.1 3.3336 0.3 0.13
4087.03 3.337 0.3 0.13
4087.98 3.3116 0.3 0.13
4089.06 3.3345 0.3 0.13
4090.02 3.3097 0.3 0.13
4091.01 3.3015 0.3 0.13
4092.12 3.3174 0.3 0.13
4093.01 3.2839 0.3 0.13
4093.93 3.2638 0.3 0.13
4095.1 3.2565 0.3 0.13
4096 3.2347 0.3 0.13
4097.13 3.2731 0.3 0.13
4098.03 3.2906 0.3 0.13
4098.98 3.2699 0.3 0.13
4100.07 3.2634 0.3 0.13
4101.07 3.2674 0.3 0.13
4102.01 3.2849 0.3 0.13
4103.07 3.2469 0.3 0.13
4104.03 3.2331 0.3 0.13
4105.15 3.2751 0.3 0.13
4106.02 3.2632 0.3 0.13
4106.99 3.2414 0.3 0.13
4108.1 3.2575 0.3 0.13
4109.06 3.2697 0.3 0.13
4109.93 3.2738 0.3 0.13
4111.09 3.2473 0.3 0.13
4112.03 3.2377 0.3 0.13
4113.13 3.2674 0.3 0.13
4114.03 3.2215 0.3 0.13
4114.95 3.2516 0.3 0.13
4116.1 3.2151 0.3 0.13
4117.01 3.2064 0.3 0.13
4117.99 3.2021 0.3 0.13
4119.07 3.2122 0.3 0.13
4119.98 3.2461 0.3 0.13
4120.94 3.2022 0.3 0.13
4122.12 3.209 0.3 0.13
4122.97 3.2013 0.3 0.13
4124.1 3.2217 0.3 0.13
4125.08 3.2193 0.3 0.13
4126.02 3.1913 0.3 0.13
4127.02 3.2131 0.3 0.13
4128.05 3.1912 0.3 0.13
4128.99 3.2008 0.3 0.13
4130.07 3.2093 0.3 0.13
4130.98 3.2073 0.3 0.13
4132.1 3.1621 0.3 0.13
4133.08 3.159 0.3 0.13
4134.01 3.1739 0.3 0.13
4135.1 3.1936 0.3 0.13
4136.03 3.1601 0.3 0.13
4136.98 3.1505 0.3 0.13
4138.11 3.167 0.3 0.13
4138.95 3.1745 0.3 0.13
4139.98 3.151 0.3 0.13
4141.07 3.1581 0.3 0.13
4141.97 3.1648 0.3 0.13
4143.12 3.1895 0.3 0.13
4144.05 3.182 0.3 0.13
4144.97 3.1769 0.3 0.13
4146.08 3.1453 0.3 0.13
4147.01 3.1456 0.3 0.13
4147.97 3.1061 0.3 0.13
4149.08 3.1181 0.3 0.13
4150.01 3.1426 0.3 0.13
4151.13 3.1355 0.3 0.13
4152.01 3.1351 0.3 0.13
4152.94 3.1249 0.3 0.13
4154.15 3.1258 0.3 0.13
4155.05 3.1496 0.3 0.13
4155.95 3.1359 0.3 0.13
4157.08 3.1489 0.3 0.13
4157.99 3.103 0.3 0.13
4158.94 3.1217 0.3 0.13
4160.05 3.1345 0.3 0.13
4160.99 3.1376 0.3 0.13
4162.06 3.125 0.3 0.13
4163.06 3.0976 0.3 0.13
4163.96 3.13 0.3 0.13
4165.15 3.0931 0.3 0.13
4166.01 3.1518 0.3 0.13
4179.95 3.0107 0.3 0.13
4200.13 2.958 0.3 0.13
4220.04 2.9214 0.3 0.13
4239.98 2.8708 0.3 0.13
4260.1 2.8386 0.3 0.13
4280.02 2.8217 0.3 0.13
4299.92 2.7668 0.3 0.13
4320.05 2.7265 0.3 0.13
4339.95 2.7001 0.3 0.13
4360.14 2.6328 0.3 0.13
4380.02 2.6465 0.3 0.13
4399.97 2.5954 0.3 0.13
4420.09 2.5118 0.3 0.13
4440 2.5218 0.3 0.13
4459.99 2.4781 0.3 0.13
4480.03 2.4312 0.3 0.13
4500.06 2.4115 0.3 0.13
4520.11 2.3805 0.3 0.13
4540.02 2.3692 0.3 0.13
4559.99 2.3253 0.3 0.13
4580.06 2.2875 0.3 0.13
4599.98 2.2828 0.3 0.13
4619.9 2.2303 0.3 0.13
4640.09 2.2236 0.3 0.13
4660.08 2.1699 0.3 0.13
4680.12 2.1603 0.3 0.13
4700.01 2.1553 0.3 0.13
4719.93 2.1702 0.3 0.13
4740.17 2.0327 0.3 0.13
4760.02 2.04 0.3 0.13
4779.98 2.0424 0.3 0.13
4800.05 2.0177 0.3 0.13
4819.98 2.0325 0.3 0.13
4840.06 1.993 0.3 0.13
4860.04 1.9654 0.3 0.13
4879.98 1.9149 0.3 0.13
4900.05 1.9289 0.3 0.13
4920 1.9144 0.3 0.13
4939.96 1.9007 0.3 0.13
4960.03 1.9059 0.3 0.13
4980.02 1.8492 0.3 0.13
5000.1 1.8152 0.3 0.13
5020.01 1.8064 0.3 0.13
5039.93 1.8169 0.3 0.13
5060.12 1.7621 0.3 0.13
5080.07 1.7529 0.3 0.13
5100.01 1.7241 0.3 0.13
5120.05 1.7327 0.3 0.13
5139.97 1.7142 0.3 0.13
5160.15 1.7233 0.3 0.13
5180.1 1.6712 0.3 0.13
5200.07 1.5995 0.3 0.13
5220.1 1.6611 0.3 0.13
5240.07 1.6248 0.3 0.13
5259.95 1.6014 0.3 0.13
5280.09 1.5839 0.3 0.13
5300.03 1.6227 0.3 0.13
5320.15 1.5682 0.3 0.13
5340.02 1.5737 0.3 0.13
5360.02 1.4927 0.3 0.13
5380.13 1.4917 0.3 0.13
5400.08 1.529 0.3 0.13
5419.89 1.5535 0.3 0.13
5440.1 1.4868 0.3 0.13
5460.04 1.4838 0.3 0.13
5480.1 1.4792 0.3 0.13
5500.1 1.4512 0.3 0.13
5520 1.4582 0.3 0.13
5540.14 1.4007 0.3 0.13
5560.08 1.4228 0.3 0.13
5580 1.3909 0.3 0.13
5600.13 1.3948 0.3 0.13
5620.04 1.3538 0.3 0.13
5640.11 1.3761 0.3 0.13
5660.07 1.3544 0.3 0.13
5680.03 1.3303 0.3 0.13
5700.07 1.3584 0.3 0.13
5720.12 1.295 0.3 0.13
5739.95 1.3152 0.3 0.13
5760.12 1.2896 0.3 0.13
5780 1.3236 0.3 0.13
5800.13 1.2889 0.3 0.13
5820.08 1.3011 0.3 0.13
5840 1.2778 0.3 0.13
5860.09 1.249 0.3 0.13
5880.06 1.2363 0.3 0.13
5900.01 1.2556 0.3 0.13
5920.11 1.1993 0.3 0.13
5939.99 1.2248 0.3 0.13
5960.16 1.1261 0.3 0.13
5980.08 1.2571 0.3 0.13
6000.03 1.1902 0.3 0.13
6020.13 1.1902 0.3 0.13
6040.07 1.1675 0.3 0.13
6059.94 1.1928 0.3 0.13
6080.07 1.1603 0.3 0.13
6100.07 1.133 0.3 0.13
6119.99 1.1312 0.3 0.13
6140.1 1.1525 0.3 0.13
6160.01 1.1427 0.3 0.13
6180.15 1.1098 0.3 0.13
6200.12 1.0766 0.3 0.13
6219.97 1.1081 0.3 0.13
6240.07 1.0783 0.3 0.13
6260.02 1.0648 0.3 0.13
6279.95 1.0873 0.3 0.13
6300.04 1.0826 0.3 0.13
6320.01 1.051 0.3 0.13
6340.1 1.0755 0.3 0.13
6360.09 0.9949 0.3 0.13
6380 1.0464 0.3 0.13
6400.19 1.008 0.3 0.13
6420.03 1.0221 0.3 0.13
6439.95 1.0178 0.3 0.13
6460.14 1.0271 0.3 0.13
6480.05 0.9681 0.3 0.13
6500.14 0.939 0.3 0.13
6520.11 0.9877 0.3 0.13
6540.06 0.9311 0.3 0.13
6560.17 0.9903 0.3 0.13
6580.04 0.9648 0.3 0.13
6599.9 0.9842 0.3 0.13
6620.11 0.9424 0.3 0.13
6640.02 0.9219 0.3 0.13
6660.13 0.961 0.3 0.13
6680.03 0.926 0.3 0.13
6700.01 0.8948 0.3 0.13
6720.07 0.9573 0.3 0.13
6740.06 0.9123 0.3 0.13
6759.85 0.9327 0.3 0.13
6780.04 0.9211 0.3 0.13
6799.94 0.9045 0.3 0.13
6820.08 0.881 0.3 0.13
6840.08 0.8766 0.3 0.13
6859.99 0.8872 0.3 0.13
6880.07 0.9016 0.3 0.13
6900.02 0.8698 0.3 0.13
6919.94 0.8541 0.3 0.13
6940.07 0.858 0.3 0.13
6960.01 0.8422 0.3 0.13
6980.17 0.8385 0.3 0.13
7000.09 0.8479 0.3 0.13
7020.02 0.8347 0.3 0.13
7040.07 0.8527 0.3 0.13
7060.04 0.8355 0.3 0.13
7079.93 0.8352 0.3 0.13
7100.07 0.8036 0.3 0.13
7120.05 0.7865 0.3 0.13
7140.14 0.7646 0.3 0.13
7160.04 0.7895 0.3 0.13
7180 0.7752 0.3 0.13
7200.07 0.8162 0.3 0.13
7220.04 0.7817 0.3 0.13
7239.93 0.7738 0.3 0.13
7260.05 0.7608 0.3 0.13
7280.02 0.7611 0.3 0.13
7300.16 0.7272 0.3 0.13
7320.06 0.7808 0.3 0.13
7340.02 0.7296 0.3 0.13
7360.18 0.7324 0.3 0.13
7380.03 0.7193 0.3 0.13
7399.92 0.6991 0.3 0.13
7420.11 0.7556 0.3 0.13
7439.99 0.7416 0.3 0.13
7460.15 0.7245 0.3 0.13
7480.09 0.6906 0.3 0.13
7500.01 0.6918 0.3 0.13
7520.11 0.6803 0.3 0.13
7540.06 0.7001 0.3 0.13
7560.01 0.659 0.3 0.13
7580.14 0.674 0.3 0.13
7600.03 0.6546 0.3 0.13
7620.09 0.6957 0.3 0.13
7640.06 0.6531 0.3 0.13
7660.03 0.6533 0.3 0.13
7680.1 0.6416 0.3 0.13
7700.06 0.6754 0.3 0.13
7719.96 0.6555 0.3 0.13
7740.08 0.6446 0.3 0.13
7759.99 0.6384 0.3 0.13
7780.22 0.6228 0.3 0.13
7800.09 0.6176 0.3 0.13
7820.01 0.6258 0.3 0.13
7840.17 0.5956 0.3 0.13
7860.06 0.6361 0.3 0.13
7880.06 0.5888 0.3 0.13
7900.04 0.6051 0.3 0.13
7919.98 0.5952 0.3 0.13
7940.16 0.5917 0.3 0.13
7960.02 0.6281 0.3 0.13
7979.94 0.6064 0.3 0.13
8000.19 0.5358 0.3 0.13
8020.08 0.557 0.3 0.13
8039.94 0.5703 0.3 0.13
8060.06 0.6081 0.3 0.13
8080.03 0.5837 0.3 0.13
8100.13 0.5745 0.3 0.13
8120.07 0.562 0.3 0.13
8140.02 0.5756 0.3 0.13
8160.1 0.5619 0.3 0.13
8180.05 0.5515 0.3 0.13
8200.01 0.562 0.3 0.13
8220.18 0.5469 0.3 0.13
8240.01 0.5418 0.3 0.13
8260.21 0.5307 0.3 0.13
8280.09 0.5302 0.3 0.13
8300.04 0.491 0.3 0.13
8320.16 0.5009 0.3 0.13
8340.07 0.516 0.3 0.13
8360.01 0.5174 0.3 0.13
8380.12 0.4966 0.3 0.13
8400.02 0.5221 0.3 0.13
8420.17 0.4951 0.3 0.13
8440.09 0.4687 0.3 0.13
8459.99 0.4993 0.3 0.13
8480.15 0.4829 0.3 0.13
8500.09 0.4861 0.3 0.13
8520.01 0.4831 0.3 0.13
8540.18 0.4283 0.3 0.13
8560.06 0.4577 0.3 0.13
8580.14 0.4695 0.3 0.13
8600 0.4917 0.3 0.13
8620.01 0.4276 0.3 0.13
8640.14 0.4624 0.3 0.13
8660.05 0.4374 0.3 0.13
8680 0.4491 0.3 0.13
8700.07 0.4493 0.3 0.13
8720.06 0.4654 0.3 0.13
8740.17 0.4155 0.3 0.13
8760.06 0.4443 0.3 0.13
8780.04 0.4085 0.3 0.13
8800.19 0.4245 0.3 0.13
8820.09 0.4004 0.3 0.13
8840.08 0.4153 0.3 0.13
8860.12 0.4319 0.3 0.13
8880.06 0.4037 0.3 0.13
8900.14 0.385 0.3 0.13
8920.08 0.4261 0.3 0.13
8940.03 0.3765 0.3 0.13
8960.22 0.3666 0.3 0.13
8980.09 0.36 0.3 0.13
8999.96 0.3953 0.3 0.13
9020.15 0.3661 0.3 0.13
9040.1 0.3703 0.3 0.13
9060.12 0.3786 0.3 0.13
9080.1 0.3649 0.3 0.13
9100.05 0.3298 0.3 0.13
9120.21 0.3299 0.3 0.13
9140.08 0.3517 0.3 0.13
9160.03 0.3271 0.3 0.13
9180.08 0.3407 0.3 0.13
9200.1 0.3617 0.3 0.13
9219.98 0.3574 0.3 0.13
9240.12 0.3339 0.3 0.13
9260.05 0.3319 0.3 0.13
9280.15 0.3234 0.3 0.13
9300.16 0.3406 0.3 0.13
9320.01 0.2937 0.3 0.13
9340.07 0.3451 0.3 0.13
9360.14 0.2852 0.3 0.13
9380.01 0.2764 0.3 0.13
9400.07 0.3271 0.3 0.13
9420.02 0.326 0.3 0.13
9440.19 0.2869 0.3 0.13
9460.05 0.3112 0.3 0.13
9480.02 0.2936 0.3 0.13
9500.2 0.2968 0.3 0.13
9520.03 0.2712 0.3 0.13
9539.99 0.2793 0.3 0.13
9560.17 0.2552 0.3 0.13
9580.04 0.3131 0.3 0.13
9600.16 0.2491 0.3 0.13
9620.06 0.2757 0.3 0.13
9640.04 0.2768 0.3 0.13
9660.1 0.2555 0.3 0.13
9680.06 0.2488 0.3 0.13
9699.99 0.2658 0.3 0.13
9720.1 0.2564 0.3 0.13
9740.05 0.2342 0.3 0.13
9760.16 0.194 0.3 0.13
9780.1 0.2149 0.3 0.13
9800.02 0.246 0.3 0.13
9820.19 0.1935 0.3 0.13
9840.02 0.2183 0.3 0.13
9860.04 0.2022 0.3 0.13
9880.15 0.2 0.3 0.13
9900.02 0.2264 0.3 0.13
9920.2 0.1804 0.3 0.13
9940.06 0.1767 0.3 0.13
9960 0.1812 0.3 0.13
9980.19 0.1986 0.3 0.13
10000.1 0.2179 0.3 0.13
10020.1 0.1433 0.3 0.13
10040.2 0.1364 0.3 0.13
10060.1 0.189 0.3 0.13
10080.2 0.165 0.3 0.13
10100.1 0.1296 0.3 0.13
10120 0.1519 0.3 0.13
10140.1 0.1859 0.3 0.13
10160.1 0.1111 0.3 0.13
10180 0.1557 0.3 0.13
10200.2 0.1439 0.3 0.13
10220.1 0.0956 0.3 0.13
10240.2 0.131 0.3 0.13
10260.1 0.127 0.3 0.13
10280 0.1051 0.3 0.13
10300.1 0.1329 0.3 0.13
10320 0.1399 0.3 0.13
10340 0.1284 0.3 0.13
10360.1 0.1295 0.3 0.13
10380 0.1063 0.3 0.13
10400.2 0.1031 0.3 0.13
10420.1 0.0697 0.3 0.13
10440 0.0905 0.3 0.13
10460.1 0.0991 0.3 0.13
10480.1 0.1123 0.3 0.13
10500 0.1317 0.3 0.13
10520.1 0.0693 0.3 0.13
10540.1 0.0973 0.3 0.13
10560.2 0.0597 0.3 0.13
10580.1 0.066 0.3 0.13
10600.1 0.0522 0.3 0.13
10620.1 0.0737 0.3 0.13
10640.1 0.0781 0.3 0.13
10660.1 0.0516 0.3 0.13
10680.1 0.0601 0.3 0.13
10700 0.0972 0.3 0.13
10720.1 0.0202 0.3 0.13
10740.1 0.0313 0.3 0.13
10760 0.0511 0.3 0.13
10780.2 0.0389 0.3 0.13
10800.1 0.0253 0.3 0.13
10820 0.0489 0.3 0.13
10840.1 0.0209 0.3 0.13
10860 0.0707 0.3 0.13
10880.2 0.0095 0.3 0.13
10900.1 0.0032 0.3 0.13
10920 0.0178 0.3 0.13
10940.1 0.0181 0.3 0.13
10960.1 -0.01 0.3 0.13
10980 0.0061 0.3 0.13
11000.1 0.0055 0.3 0.13
11020.1 -0.0089 0.3 0.13
11040.2 -0.0006 0.3 0.13
11060.1 -0.0306 0.3 0.13
11080 -0.0175 0.3 0.13
11100.1 0.0073 0.3 0.13
11120.1 0.0029 0.3 0.13
11140 -0.0085 0.3 0.13
11160.2 -0.0259 0.3 0.13
11180.1 -0.0345 0.3 0.13
11200.1 -0.0232 0.3 0.13
11220.2 -0.0582 0.3 0.13
11240 -0.0078 0.3 0.13
11260.1 -0.0949 0.3 0.13
11280.1 -0.0504 0.3 0.13
11300 -0.0355 0.3 0.13
11320.2 -0.0487 0.3 0.13
11340.1 -0.0542 0.3 0.13
11360.2 -0.0775 0.3 0.13
11380.1 -0.1011 0.3 0.13
11400.1 -0.0679 0.3 0.13
11420.1 -0.0492 0.3 0.13
11440.1 -0.0645 0.3 0.13
11460 -0.0738 0.3 0.13
11480.2 -0.0907 0.3 0.13
11500 -0.0726 0.3 0.13
11520.2 -0.1244 0.3 0.13
11540.1 -0.0895 0.3 0.13
11560.1 -0.0879 0.3 0.13
11580.2 -0.0919 0.3 0.13
11600.1 -0.106 0.3 0.13
11620 -0.1199 0.3 0.13
11640.1 -0.1324 0.3 0.13
11660 -0.1116 0.3 0.13
11680.1 -0.1126 0.3 0.13
11700.1 -0.111 0.3 0.13
11720.1 -0.1751 0.3 0.13
11740.1 -0.1059 0.3 0.13
11760.1 -0.1317 0.3 0.13
11780.1 -0.1395 0.3 0.13
11800.1 -0.1248 0.3 0.13
11820.1 -0.1717 0.3 0.13
11840.2 -0.1763 0.3 0.13
11860.1 -0.1431 0.3 0.13
11880 -0.1029 0.3 0.13
11900.2 -0.1353 0.3 0.13
11920.1 -0.1768 0.3 0.13
11940.1 -0.1899 0.3 0.13
11960.1 -0.1406 0.3 0.13
11980.1 -0.2034 0.3 0.13
12000.2 -0.1972 0.3 0.13
12020.1 -0.2127 0.3 0.13
12040.1 -0.1772 0.3 0.13
12060.2 -0.2037 0.3 0.13
12080.1 -0.1781 0.3 0.13
12100.1 -0.2163 0.3 0.13
12120.1 -0.2047 0.3 0.13
12140.1 -0.2183 0.3 0.13
12160.2 -0.2456 0.3 0.13
12180.2 -0.2418 0.3 0.13
12200.1 -0.2302 0.3 0.13
12220.2 -0.225 0.3 0.13
12240 -0.2163 0.3 0.13
12260 -0.2322 0.3 0.13
12280.1 -0.2258 0.3 0.13
12300.1 -0.2669 0.3 0.13
12320 -0.2574 0.3 0.13
12340.1 -0.273 0.3 0.13
12360 -0.2534 0.3 0.13
12380.2 -0.2488 0.3 0.13
12400.1 -0.2858 0.3 0.13
12420 -0.2895 0.3 0.13
12440.2 -0.3059 0.3 0.13
12460.1 -0.3169 0.3 0.13
12480 -0.2825 0.3 0.13
12500.1 -0.3033 0.3 0.13
12520 -0.2887 0.3 0.13
12540.2 -0.2929 0.3 0.13
12560.1 -0.3061 0.3 0.13
12580 -0.3096 0.3 0.13
12600.2 -0.3576 0.3 0.13
12620.1 -0.3043 0.3 0.13
12640 -0.2891 0.3 0.13
12660.1 -0.3022 0.3 0.13
12680 -0.3014 0.3 0.13
12700.2 -0.3439 0.3 0.13
12720.1 -0.3387 0.3 0.13
12740 -0.3438 0.3 0.13
12760.1 -0.3403 0.3 0.13
12780.2 -0.3964 0.3 0.13
12800 -0.3497 0.3 0.13
12820.1 -0.3547 0.3 0.13
12840 -0.3494 0.3 0.13
12860.2 -0.3572 0.3 0.13
12880.1 -0.3943 0.3 0.13
12900.1 -0.3718 0.3 0.13
12920.1 -0.4008 0.3 0.13
12940.1 -0.3749 0.3 0.13
12960 -0.3956 0.3 0.13
12980.1 -0.4327 0.3 0.13
13000.1 -0.429 0.3 0.13
13020.2 -0.3828 0.3 0.13
13040.1 -0.4368 0.3 0.13
13060 -0.4332 0.3 0.13
13080.2 -0.4011 0.3 0.13
13100.1 -0.4389 0.3 0.13
13120 -0.4117 0.3 0.13
13140.1 -0.4496 0.3 0.13
13160 -0.4217 0.3 0.13
13180.2 -0.4503 0.3 0.13
13200.1 -0.463 0.3 0.13
13220.1 -0.4554 0.3 0.13
13240.2 -0.4857 0.3 0.13
13260.1 -0.4747 0.3 0.13
13280.1 -0.5061 0.3 0.13
13300.1 -0.4627 0.3 0.13
13320.1 -0.4733 0.3 0.13
13340.1 -0.504 0.3 0.13
13360.1 -0.5068 0.3 0.13
13380 -0.4716 0.3 0.13
13400.2 -0.5062 0.3 0.13
13420.1 -0.5184 0.3 0.13
13440 -0.5161 0.3 0.13
13460.1 -0.5215 0.3 0.13
13480.1 -0.528 0.3 0.13
13500.2 -0.4959 0.3 0.13
13520.1 -0.5515 0.3 0.13
13540.1 -0.5454 0.3 0.13
13560.2 -0.5555 0.3 0.13
13580.1 -0.5776 0.3 0.13
13600.1 -0.5987 0.3 0.13
13620.1 -0.5833 0.3 0.13
13640.1 -0.5976 0.3 0.13
13660.2 -0.5891 0.3 0.13
13680.1 -0.563 0.3 0.13
13700.1 -0.6103 0.3 0.13
13720.2 -0.6174 0.3 0.13
13740.1 -0.6045 0.3 0.13
13760.1 -0.604 0.3 0.13
13780.1 -0.6213 0.3 0.13
13800.1 -0.6203 0.3 0.13
13820.2 -0.6123 0.3 0.13
13840.1 -0.6525 0.3 0.13
13860.1 -0.6523 0.3 0.13
13880.1 -0.6199 0.3 0.13
13900.1 -0.6448 0.3 0.13
13920.1 -0.6839 0.3 0.13
13940.1 -0.6597 0.3 0.13
13960.1 -0.6599 0.3 0.13
13980.2 -0.6779 0.3 0.13
14000.2 -0.7114 0.3 0.13
14020.1 -0.7511 0.3 0.13
14040.2 -0.7283 0.3 0.13
14060.1 -0.731 0.3 0.13
14080 -0.7208 0.3 0.13
14100.2 -0.7259 0.3 0.13
14120.2 -0.7597 0.3 0.13
14140.2 -0.7256 0.3 0.13
14160.1 -0.7598 0.3 0.13
14180 -0.7707 0.3 0.13
14200.2 -0.7609 0.3 0.13
14220.1 -0.7461 0.3 0.13
14240.1 -0.7759 0.3 0.13
14260.2 -0.7826 0.3 0.13
14280.1 -0.8117 0.3 0.13
14300.2 -0.8059 0.3 0.13
14320.1 -0.7945 0.3 0.13
14340.1 -0.7647 0.3 0.13
14360.2 -0.8077 0.3 0.13
14380.1 -0.8395 0.3 0.13
14400 -0.8091 0.3 0.13
14420.2 -0.8452 0.3 0.13
14440.1 -0.8409 0.3 0.13
14460.2 -0.8648 0.3 0.13
14480.1 -0.8562 0.3 0.13
14500.1 -0.8839 0.3 0.13
14520.2 -0.8909 0.3 0.13
14540.1 -0.9141 0.3 0.13
14560.1 -0.8829 0.3 0.13
14580.2 -0.9031 0.3 0.13
14600.1 -0.9127 0.3 0.13
14620.2 -0.9286 0.3 0.13
14640.1 -0.9516 0.3 0.13
14660.1 -0.8985 0.3 0.13
14680.2 -0.977 0.3 0.13
14700.1 -0.9543 0.3 0.13
14720.1 -0.9637 0.3 0.13
14740.2 -0.9909 0.3 0.13
14760.1 -0.9579 0.3 0.13
14780.3 -1.0373 0.3 0.13
14800.1 -0.9758 0.3 0.13
14820.1 -1.0188 0.3 0.13
14840.2 -1.0316 0.3 0.13
14860.1 -1.0398 0.3 0.13
14880.1 -1.0196 0.3 0.13
14900.2 -1.0423 0.3 0.13
14920.1 -1.0676 0.3 0.13
14940.2 -1.0412 0.3 0.13
14960.1 -1.0567 0.3 0.13
14980.1 -1.0884 0.3 0.13
15000.2 -1.1026 0.3 0.13
15020.1 -1.1326 0.3 0.13
15040.1 -1.1283 0.3 0.13
15060.2 -1.1452 0.3 0.13
15080.1 -1.1254 0.3 0.13
15100.2 -1.1425 0.3 0.13
15120.2 -1.1581 0.3 0.13
15140.1 -1.1652 0.3 0.13
15160.2 -1.1846 0.3 0.13
15180.2 -1.2179 0.3 0.13
15200.1 -1.2157 0.3 0.13
15220.1 -1.1759 0.3 0.13
15240.2 -1.2317 0.3 0.13
15260.3 -1.2181 0.3 0.13
15280.1 -1.218 0.3 0.13
15300.1 -1.2834 0.3 0.13
15320.2 -1.2827 0.3 0.13
15340.2 -1.2684 0.3 0.13
15360.1 -1.3023 0.3 0.13
15380.3 -1.3033 0.3 0.13
15400.1 -1.3439 0.3 0.13
15420.1 -1.3191 0.3 0.13
15440.1 -1.3414 0.3 0.13
15460.1 -1.3472 0.3 0.13
15480.2 -1.3954 0.3 0.13
15500.2 -1.3934 0.3 0.13
15520.1 -1.3974 0.3 0.13
15540.2 -1.4261 0.3 0.13
15560.1 -1.3951 0.3 0.13
15580.1 -1.4609 0.3 0.13
15600.2 -1.4529 0.3 0.13
15620.1 -1.4439 0.3 0.13
15640.1 -1.4681 0.3 0.13
15660.1 -1.5001 0.3 0.13
15680 -1.4885 0.3 0.13
15700.2 -1.5212 0.3 0.13
15720.1 -1.5282 0.3 0.13
15740 -1.5396 0.3 0.13
15760.2 -1.5614 0.3 0.13
15780.1 -1.5663 0.3 0.13
15800.3 -1.5698 0.3 0.13
15820.1 -1.6132 0.3 0.13
15840.1 -1.627 0.3 0.13
15860.2 -1.6553 0.3 0.13
15880.2 -1.6625 0.3 0.13
15900.1 -1.6671 0.3 0.13
15920.2 -1.707 0.3 0.13
15940.1 -1.6874 0.3 0.13
15960.2 -1.7044 0.3 0.13
15980.1 -1.7152 0.3 0.13
16000.1 -1.7769 0.3 0.13
16020.1 -1.7615 0.3 0.13
16040.1 -1.7594 0.3 0.13
16060 -1.7929 0.3 0.13
16080.2 -1.844 0.3 0.13
16100.1 -1.8258 0.3 0.13
16120.3 -1.8643 0.3 0.13
16140.1 -1.8506 0.3 0.13
16160.1 -1.9405 0.3 0.13
16180.3 -1.9519 0.3 0.13
16200.1 -1.907 0.3 0.13
16220 -1.9282 0.3 0.13
16240.2 -1.9948 0.3 0.13
16260.1 -2.034 0.3 0.13
16280.2 -2.0449 0.3 0.13
16300.1 -2.0484 0.3 0.13
16320.1 -2.0858 0.3 0.13
16340.2 -2.0805 0.3 0.13
16360.2 -2.1209 0.3 0.13
16380.1 -2.1327 0.3 0.13
16400.2 -2.1404 0.3 0.13
16420.1 -2.1504 0.3 0.13
16440.2 -2.2137 0.3 0.13
16460.2 -2.2728 0.3 0.13
16480.1 -2.2676 0.3 0.13
16500.2 -2.2835 0.3 0.13
16520.1 -2.3225 0.3 0.13
16540.1 -2.3742 0.3 0.13
16560.2 -2.3939 0.3 0.13
16580 -2.342 0.3 0.13
16600.2 -2.3909 0.3 0.13
16620.2 -2.4216 0.3 0.13
16640.1 -2.4665 0.3 0.13
16660.2 -2.4768 0.3 0.13
16680.1 -2.5312 0.3 0.13
16700.1 -2.5777 0.3 0.13
16720.2 -2.582 0.3 0.13
16740.1 -2.5882 0.3 0.13
16760.2 -2.6223 0.3 0.13
16780.1 -2.6232 0.3 0.13
16800.1 -2.728 0.3 0.13
16820.2 -2.7253 0.3 0.13
16840.2 -2.7727 0.3 0.13
16860.1 -2.8268 0.3 0.13
16880.2 -2.8409 0.3 0.13
16900.1 -2.8661 0.3 0.13
16920.2 -2.8796 0.3 0.13
16940.1 -2.9087 0.3 0.13
16960.1 -2.9668 0.3 0.13
16980.2 -3.0224 0.3 0.13
17000.1 -3.0206 0.3 0.13
17020.1 -3.0604 0.3 0.13
17040.2 -3.1256 0.3 0.13
17060.1 -3.1328 0.3 0.13
17080.2 -3.1805 0.3 0.13
17100.2 -3.249 0.3 0.13
17120.1 -3.2892 0.3 0.13
17140.2 -3.2852 0.3 0.13
17160.1 -3.3627 0.3 0.13
17180.1 -3.389 0.3 0.13
17200.2 -3.4121 0.3 0.13
17220.1 -3.5371 0.3 0.13
17240.2 -3.5233 0.3 0.13
17260.1 -3.5312 0.3 0.13
17280.1 -3.6228 0.3 0.13
17300.2 -3.676 0.3 0.13
17320.2 -3.701 0.3 0.13
17340.1 -3.7904 0.3 0.13
17360.2 -3.817 0.3 0.13
17380 -3.8617 0.3 0.13
17400.3 -3.9578 0.3 0.13
17420.2 -3.9843 0.3 0.13
17440.1 -4.0302 0.3 0.13
17460.2 -4.0629 0.3 0.13
17480.1 -4.1299 0.3 0.13
17500.1 -4.1919 0.3 0.13
17520.1 -4.221 0.3 0.13
17540.1 -4.2946 0.3 0.13
17560.2 -4.364 0.3 0.13
17580.2 -4.4068 0.3 0.13
17600.1 -4.4905 0.3 0.13
17620.2 -4.5335 0.3 0.13
17640.1 -4.5923 0.3 0.13
17660 -4.6914 0.3 0.13
17680.2 -4.7212 0.3 0.13
17700.1 -4.7595 0.3 0.13
17720.2 -4.8527 0.3 0.13
17740.2 -4.8946 0.3 0.13
17760.1 -4.9328 0.3 0.13
17780.2 -4.9822 0.3 0.13
17800.2 -5.0382 0.3 0.13
17820.1 -5.0959 0.3 0.13
17840.3 -5.1031 0.3 0.13
17860.2 -5.1598 0.3 0.13
17880.3 -5.2457 0.3 0.13
17900.2 -5.2784 0.3 0.13
17920.1 -5.2603 0.3 0.13
17940.2 -5.2965 0.3 0.13
17960.1 -5.2666 0.3 0.13
17980 -5.2711 0.3 0.13
18000.1 -5.2677 0.3 0.13
18020 -5.265 0.3 0.13
18040.2 -5.3028 0.3 0.13
18060.3 -5.3236 0.3 0.13
18080.2 -5.2282 0.3 0.13
18100.2 -5.2146 0.3 0.13
18120.2 -5.1046 0.3 0.13
18140.1 -5.0119 0.3 0.13
18160.3 -4.8861 0.3 0.13
18180.1 -4.7599 0.3 0.13
18200.3 -4.5549 0.3 0.13
18220.3 -4.48 0.3 0.13
18240.2 -4.27 0.3 0.13
18260.3 -4.0453 0.3 0.13
18280.3 -3.7998 0.3 0.13
18300.2 -3.5332 0.3 0.13
18320.3 -3.1851 0.3 0.13
18340.2 -2.8691 0.3 0.13
18360.1 -2.5392 0.3 0.13
18380.3 -2.2124 0.3 0.13
18400.1 -1.7746 0.3 0.13
18420.3 -1.4174 0.3 0.13
18440.2 -1.0234 0.3 0.13
18460.1 -0.5796 0.3 0.13
18480.2 -0.1369 0.3 0.13
18500 0.2986 0.3 0.13
18520.1 0.7027 0.3 0.13
18540.1 1.1506 0.3 0.13
18560 1.5674 0.3 0.13
18580.1 2.0309 0.3 0.13
18600.2 2.3396 0.3 0.13
18620 2.7772 0.3 0.13
18640.1 3.0548 0.3 0.13
18660 3.4868 0.3 0.13
18680 3.7198 0.3 0.13
18700.1 4.0273 0.3 0.13
18720.1 4.2634 0.3 0.13
18740.2 4.557 0.3 0.13
18760.1 4.8143 0.3 0.13
18780 5.0094 0.3 0.13
18800.2 5.1801 0.3 0.13
18820.1 5.3304 0.3 0.13
18840 5.5135 0.3 0.13
18840 5.4693 0.3 0.13
18880.1 5.7027 0.3 0.13
18900.1 5.8551 0.3 0.13
18920.1 5.9191 0.3 0.13
18940.1 5.9537 0.3 0.13
18960.1 6.0509 0.3 0.13
18980.1 6.0596 0.3 0.13
19000 6.1157 0.3 0.13
19020.1 6.167 0.3 0.13
19040.1 6.1712 0.3 0.13
19060.2 6.1583 0.3 0.13
19080.1 6.1596 0.3 0.13
19100.1 6.1211 0.3 0.13
19120.2 6.1018 0.3 0.13
19140.1 6.0932 0.3 0.13
19160.1 6.1011 0.3 0.13
19180.2 6.0808 0.3 0.13
19200.1 6.0233 0.3 0.13
19220.3 5.966 0.3 0.13
19240.2 5.9459 0.3 0.13
19260.1 5.9112 0.3 0.13
19280.3 5.8604 0.3 0.13
19300.1 5.8568 0.3 0.13
19320.1 5.8134 0.3 0.13
19340.2 5.7533 0.3 0.13
19360.1 5.712 0.3 0.13
19380.3 5.6483 0.3 0.13
19400.2 5.6295 0.3 0.13
19420.2 5.5358 0.3 0.13
19440.2 5.5282 0.3 0.13
19460.2 5.4334 0.3 0.13
19480.1 5.3965 0.3 0.13
19500.2 5.353 0.3 0.13
19520.1 5.2797 0.3 0.13
19540.2 5.2283 0.3 0.13
19560.3 5.1728 0.3 0.13
19580.1 5.1376 0.3 0.13
19600.2 5.093 0.3 0.13
19620.1 5.0475 0.3 0.13
19640.1 4.98 0.3 0.13
19660.2 4.9213 0.3 0.13
19680.2 4.8647 0.3 0.13
19700.2 4.8159 0.3 0.13
19720.2 4.7821 0.3 0.13
19740.1 4.7306 0.3 0.13
19760.3 4.6575 0.3 0.13
19780.2 4.5926 0.3 0.13
19800.1 4.6022 0.3 0.13
19820.3 4.5223 0.3 0.13
19840.2 4.519 0.3 0.13
19860.2 4.5268 0.3 0.13
19880.2 4.4244 0.3 0.13
19900.1 4.4653 0.3 0.13
19920.2 4.3778 0.3 0.13
19940.2 4.3052 0.3 0.13
19960.2 4.2065 0.3 0.13
19980.2 4.1512 0.3 0.13
20000.1 4.1812 0.3 0.13
20020.3 4.0939 0.3 0.13
20040.2 4.1209 0.3 0.13
20060.1 4.0678 0.3 0.13
20080.2 4.035 0.3 0.13
20100.1 4.0619 0.3 0.13
20120.1 3.9531 0.3 0.13
20140.2 3.9073 0.3 0.13
20160.2 3.858 0.3 0.13
20180.2 3.8323 0.3 0.13
20200.2 3.802 0.3 0.13
20220.1 3.7851 0.3 0.13
20240.2 3.7246 0.3 0.13
20260.1 3.7141 0.3 0.13
20280.1 3.6493 0.3 0.13
20300.2 3.6409 0.3 0.13
20320.2 3.5884 0.3 0.13
20340.3 3.5736 0.3 0.13
20360.2 3.5799 0.3 0.13
20380.1 3.5104 0.3 0.13
20400.2 3.4792 0.3 0.13
20420.2 3.4716 0.3 0.13
20440.1 3.4462 0.3 0.13
20460.2 3.4237 0.3 0.13
20480.1 3.3944 0.3 0.13
20500.3 3.344 0.3 0.13
20520.3 3.3233 0.3 0.13
20540.2 3.2945 0.3 0.13
20560.3 3.2922 0.3 0.13
20580.2 3.2504 0.3 0.13
20600 3.1992 0.3 0.13
20620.1 3.2321 0.3 0.13
20640.1 3.1675 0.3 0.13
20660.2 3.1744 0.3 0.13
20680.2 3.118 0.3 0.13
20700.2 3.0709 0.3 0.13
20720.2 3.1141 0.3 0.13
20740.1 3.0794 0.3 0.13
20760.1 3.0429 0.3 0.13
20780.2 3.0505 0.3 0.13
20800.2 3.0067 0.3 0.13
20820.3 2.964 0.3 0.13
20840.2 2.9828 0.3 0.13
20860.1 2.9233 0.3 0.13
20880.2 2.9577 0.3 0.13
20900.2 2.8972 0.3 0.13
20920.1 2.8775 0.3 0.13
20940.2 2.8753 0.3 0.13
20960.2 2.8486 0.3 0.13
20980.3 2.8457 0.3 0.13
21000.2 2.8102 0.3 0.13
21020.1 2.7935 0.3 0.13
21040.2 2.749 0.3 0.13
21060.1 2.7798 0.3 0.13
21080.1 2.7413 0.3 0.13
21100.2 2.7599 0.3 0.13
21120.1 2.7457 0.3 0.13
21140.2 2.6933 0.3 0.13
21160.2 2.6461 0.3 0.13
21180.2 2.6342 0.3 0.13
21200.3 2.6292 0.3 0.13
21220.1 2.6341 0.3 0.13
21240.1 2.6164 0.3 0.13
21260.2 2.563 0.3 0.13
21280.1 2.6095 0.3 0.13
21300.3 2.5437 0.3 0.13
21320.2 2.5727 0.3 0.13
21340.1 2.5364 0.3 0.13
21360.3 2.4896 0.3 0.13
21380.1 2.5362 0.3 0.13
21400.2 2.4794 0.3 0.13
21420.2 2.4525 0.3 0.13
21440.1 2.4659 0.3 0.13
21460.1 2.4374 0.3 0.13
21480.2 2.4575 0.3 0.13
21500.1 2.4112 0.3 0.13
21520.2 2.421 0.3 0.13
21540.1 2.4063 0.3 0.13
21560.1 2.3767 0.3 0.13
21580.2 2.3684 0.3 0.13
21600.2 2.3598 0.3 0.13
21620.1 2.3064 0.3 0.13
21640.2 2.3076 0.3 0.13
21660.2 2.3105 0.3 0.13
21680.3 2.2783 0.3 0.13
21700.3 2.2643 0.3 0.13
21720.1 2.2481 0.3 0.13
21740.3 2.2535 0.3 0.13
21760.2 2.2443 0.3 0.13
21780.1 2.2203 0.3 0.13
21800.2 2.2305 0.3 0.13
21800.2 2.2014 0.3 0.13
21820.2 2.183 0.3 0.13
21840.2 2.1922 0.3 0.13
21860.2 2.1552 0.3 0.13
21880.1 2.1717 0.3 0.13
21900.3 2.1221 0.3 0.13
21920.2 2.1205 0.3 0.13
21940.1 2.1506 0.3 0.13
21960.2 2.1131 0.3 0.13
21980.1 2.127 0.3 0.13
22000.3 2.1112 0.3 0.13
22020.2 2.0658 0.3 0.13
22040.1 2.0617 0.3 0.13
22060.3 2.0454 0.3 0.13
22080.1 2.0793 0.3 0.13
22100.2 2.0666 0.3 0.13
22120.2 2.0506 0.3 0.13
22140.1 2.044 0.3 0.13
22160.3 2.0114 0.3 0.13
22180.2 2.0077 0.3 0.13
22200.1 2.0357 0.3 0.13
22220.3 1.9712 0.3 0.13
22260.1 2.0142 0.3 0.13
22280.2 1.9719 0.3 0.13
22300.1 1.9834 0.3 0.13
22320.3 1.9566 0.3 0.13
22340.2 1.9557 0.3 0.13
22360.1 1.9609 0.3 0.13
22380.3 1.9514 0.3 0.13
22400.2 1.9273 0.3 0.13
22420.1 1.9282 0.3 0.13
22440.2 1.9335 0.3 0.13
22460.1 1.9358 0.3 0.13
22480.3 1.8898 0.3 0.13
22500.3 1.8528 0.3 0.13
22520.2 1.8651 0.3 0.13
22540.3 1.867 0.3 0.13
22560.2 1.859 0.3 0.13
22580.1 1.8706 0.3 0.13
22600.2 1.8355 0.3 0.13
22620.2 1.8477 0.3 0.13
22640.1 1.8647 0.3 0.13
22660.3 1.8383 0.3 0.13
22680.1 1.822 0.3 0.13
22700.2 1.8299 0.3 0.13
22720.2 1.8304 0.3 0.13
22740.1 1.788 0.3 0.13
22760.2 1.82 0.3 0.13
22780.2 1.7847 0.3 0.13
22800.3 1.791 0.3 0.13
22820.2 1.7867 0.3 0.13
22840.2 1.7161 0.3 0.13
22860.2 1.7641 0.3 0.13
22880.1 1.7527 0.3 0.13
22900.1 1.7576 0.3 0.13
22920.3 1.7204 0.3 0.13
22940.2 1.7386 0.3 0.13
22960.3 1.7398 0.3 0.13
22980.2 1.731 0.3 0.13
23000.1 1.708 0.3 0.13
23020.2 1.725 0.3 0.13
23040.1 1.7074 0.3 0.13
23060.1 1.6811 0.3 0.13
23080.2 1.6917 0.3 0.13
23100.1 1.6858 0.3 0.13
23120.3 1.6351 0.3 0.13
23140.2 1.7091 0.3 0.13
23160.1 1.6799 0.3 0.13
23180.2 1.6634 0.3 0.13
23200.2 1.6582 0.3 0.13
23220.1 1.6738 0.3 0.13
23240.2 1.6441 0.3 0.13
23260.2 1.6698 0.3 0.13
23280.3 1.6424 0.3 0.13
23300.2 1.6119 0.3 0.13
23320.2 1.6164 0.3 0.13
23340.2 1.613 0.3 0.13
23360.1 1.5956 0.3 0.13
23380.1 1.6052 0.3 0.13
23400.2 1.5794 0.3 0.13
