Frequency - Phase	Phase - Phase
1004.23	28.2311
1005.23	151.399
1009.49	28.0453
1015.24	151.349
1019.45	28.1734
1025.44	151.354
1030.34	151.452
1034.63	28.1167
1039.43	28.149
1045.16	151.395
1049.58	28.0861
1054.5	28.0839
1059.63	28.1202
1064.47	27.989
1069.59	28.064
1074.65	28.088
1079.6	28.0567
1085.52	151.414
1090.58	151.454
1095.65	151.447
1099.78	27.9561
1105.45	151.536
1110.45	-208.534
1115.52	-208.432
1119.77	27.9824
1124.96	27.9214
1130.52	-208.544
1134.74	27.862
1139.82	27.7913
1145.29	-208.341
1150.36	-208.22
1155.02	27.7791
1160	27.7431
1165	27.7921
1169.96	27.7209
1174.97	27.7317
1180.31	-208.137
1184.94	27.5568
1190.19	-208.103
1195.17	-208.145
1199.94	27.6276
1204.97	27.661
1210.14	27.6999
1215.06	27.6917
1220.11	27.6714
1225.18	27.5665
1230.05	27.6034
1234.89	27.6334
1239.85	27.6207
1245.01	27.4724
1250.11	-207.811
1255.19	-207.839
1260.22	-207.733
1265.11	-207.744
1270.15	-207.81
1274.98	27.5849
1280.07	27.5292
1285.07	27.5884
1290.3	-207.612
1295.07	-207.621
1299.95	27.5934
1304.88	27.5285
1310	27.6142
1315.05	27.5728
1320.1	27.5396
1325.2	-207.517
1329.96	27.6107
1335.05	151.628
1340.05	28.4214
1345.13	151.714
1350.1	28.4217
1355.17	151.666
1359.94	28.4502
1365.01	28.419
1369.94	28.4796
1375.01	28.4126
1380.06	28.448
1385.13	151.654
1390.22	151.791
1394.96	28.4207
1400.07	28.2243
1405.03	28.4193
1410.09	28.4754
1415.04	28.4858
1420.07	151.694
1424.99	28.4303
1429.95	28.4077
1434.98	28.5137
1439.99	28.462
1445.08	28.4026
1450.01	28.4503
1454.92	28.2785
1459.97	151.702
1464.98	28.4221
1469.99	28.4649
1475.01	28.2847
1480.01	28.4247
1485.14	151.625
1489.94	151.743
1494.95	151.674
1499.99	28.4902
1505.03	28.5104
1510.03	151.747
1515.05	151.687
1519.95	151.758
1524.95	151.765
1530.01	28.427
1535.01	28.4436
1540.02	28.4747
1545.03	151.756
1549.96	151.645
1554.92	151.738
1559.92	28.525
1565.05	28.4168
1570.05	28.4652
1575.03	28.4515
1580.09	151.703
1584.93	28.4436
1589.98	28.441
1595	151.737
1600.03	28.4248
1605.06	151.836
1610.07	28.4729
1614.9	28.3854
1619.96	151.693
1625.01	28.4755
1630.06	151.728
1635.05	28.4473
1640.15	28.5224
1645.09	28.5051
1650.01	151.724
1654.97	28.5011
1659.95	28.3953
1665	28.4388
1670.11	28.4659
1675.13	151.734
1679.94	151.784
1684.96	28.5234
1690.04	28.4581
1695.03	151.735
1700.07	151.716
1705.11	151.635
1709.94	151.532
1714.96	28.5469
1720	28.5299
1725.04	28.5252
1730.03	28.465
1735.06	28.4699
1740.15	28.5327
1744.95	28.4523
1750.05	151.666
1754.97	28.4858
1760.01	28.4659
1765.04	28.4334
1770.04	151.734
1774.94	28.4816
1779.98	28.4061
1785.05	28.4738
1790.06	-208.339
1795.1	-208.277
1800.11	28.4864
1805.12	-208.313
1809.96	28.5404
1814.93	28.5168
1820.07	28.5203
1825.06	28.4536
1830.11	-208.199
1835.17	28.5352
1839.96	28.4264
1844.95	28.5349
1850	28.4497
1855	28.4568
1860.08	28.5258
1865.17	28.414
1869.91	-208.394
1879.96	28.4787
1885.04	28.4772
1890.04	28.5216
1895.1	28.5595
1900.11	28.474
1904.92	-208.264
1909.97	28.4763
1914.99	28.5749
1919.98	-208.34
1924.97	28.4738
1930.02	28.4853
1934.91	-208.294
1939.97	28.3117
1945	-208.283
1949.96	28.5076
1955.08	-208.286
1960.03	28.4399
1965.1	28.5042
1970.02	28.4566
1975	28.6717
1979.97	28.4915
1985.02	28.4669
1990.11	28.426
1995.14	28.5683
1999.95	28.5358
2004.99	28.4403
2009.98	151.755
2015.01	28.4448
2020.13	151.772
2025.11	28.4509
2029.86	28.49
2034.94	151.904
2040	151.719
2045.01	151.74
2050.05	151.759
2055.07	151.777
2060.09	28.4697
2064.94	28.4963
2069.99	151.748
2074.98	28.4849
2080.05	151.793
2085.04	28.5098
2090.12	28.5317
2094.82	28.475
2099.99	28.5004
2104.99	151.652
2110.03	151.752
2115.11	151.663
2120.13	28.4893
2125.14	28.5302
2129.96	28.6006
2135	151.785
2139.99	28.4989
2145.04	151.905
2150.13	28.3954
2155.11	28.4658
2159.92	28.5174
2164.95	28.5516
2169.92	28.4974
2174.96	28.5135
2180.08	28.5117
2185.03	151.758
2189.92	28.466
2194.88	28.5124
2200	28.5655
2205	28.4881
2210.02	28.5158
2215.07	28.5711
2220.08	151.76
2224.96	151.691
2229.96	28.5543
2235	28.3713
2240.04	28.4913
2245.03	28.5699
2250.1	28.5363
2254.91	28.5774
2259.96	28.603
2264.93	28.3804
2270	28.5282
2275.02	28.453
2280.07	28.4182
2285.04	28.5187
2289.88	151.761
2295.01	28.5042
2299.95	28.5649
2304.99	151.824
2310.02	28.6088
2315.05	28.5614
2319.89	28.5509
2324.93	151.805
2329.92	151.759
2334.97	28.5963
2340.03	151.774
2345.08	151.817
2349.95	28.5214
2354.89	151.808
2359.95	28.5281
2364.99	28.5695
2370.02	28.5328
2375.01	28.5429
2380.13	28.5086
2384.93	28.4632
2389.94	28.5554
2394.96	28.5881
2400.02	151.807
2405.07	28.5708
2410.01	28.5652
2414.84	151.744
2419.99	28.511
2425.01	28.6321
2430.02	28.4951
2435.01	28.5706
2440	28.5394
2444.92	28.6328
2449.89	-208.251
2454.94	28.5509
2459.95	-208.166
2465.01	-208.297
2470	28.5303
2475.05	28.5745
2479.95	28.5605
2484.94	28.5369
2489.94	28.5571
2494.98	28.5142
2500.07	28.4645
2505.03	28.5767
2509.85	28.5919
2514.93	-208.118
2519.97	28.517
2524.98	28.5963
2530.03	-208.245
2535.08	-208.161
2540.1	28.4386
2544.99	28.5566
2549.94	-208.271
2554.98	28.4274
2560.01	28.5951
2565.02	28.6084
2570.06	-208.376
2574.92	28.5813
2580	-208.066
2584.95	28.51
2590.06	28.5356
2595.06	28.6502
2600.1	-208.141
2604.95	28.5602
2609.99	28.6367
2615	28.5496
2619.97	28.5211
2625.11	28.533
2630.06	28.5483
2635.12	28.5965
2639.91	28.6311
2645.03	28.5591
2650.13	28.546
2655.1	-208.128
2660.1	28.5981
2665.13	28.4944
2669.95	28.4361
2674.98	28.4919
2680.08	28.618
2685.12	28.53
2690.22	28.5666
2695.25	28.5984
2700.33	28.5718
2705.08	28.5439
2710.1	151.656
2715.22	151.787
2720.28	28.571
2725.31	28.5681
2730.36	28.4404
2735.18	28.4581
2740.2	28.4984
2745.37	28.5074
2750.32	28.6145
2755.35	28.5
2760.42	151.827
2765.27	151.88
2770.35	151.933
2775.39	28.3756
2780.41	28.5609
2785.51	28.46
2790.54	28.3778
2795.68	28.5307
2800.47	28.5482
2805.51	151.881
2810.58	28.6084
2815.66	28.4556
2820.76	28.5402
2825.72	151.827
2830.65	28.4245
2835.65	28.3908
2840.64	28.4588
2845.61	28.5195
2850.71	151.86
2855.72	28.3532
2860.63	28.366
2865.24	28.3571
2870.15	28.3392
2874.91	28.3991
2879.72	28.3896
2884.63	28.368
2889.43	152.012
2894.08	28.2515
2898.93	28.3697
2903.77	28.313
2908.95	28.4439
2913.74	28.4472
2918.89	28.3536
2923.68	28.4723
2928.74	152.028
2933.68	28.4438
2938.76	28.4963
2943.82	28.4518
2948.96	28.4635
2953.84	151.887
2958.86	28.4232
2963.92	28.4472
2968.94	28.4983
2973.97	28.4957
2979.02	28.4302
2984.12	28.5999
2989.05	28.6056
2994.01	28.4506
2999.07	28.5038
3004.17	28.4977
3009.25	28.4472
3014.26	28.59
3019.34	28.5503
3024.18	28.3864
3029.18	28.4532
3034.28	28.5729
3039.33	151.979
3044.4	28.591
3049.43	28.3994
3054.23	28.5376
3059.36	28.536
3064.42	28.6573
3069.47	28.4877
3074.47	28.5798
3079.46	28.6587
3084.44	28.5637
3089.4	28.4761
3094.5	28.5606
3099.55	28.504
3104.6	28.5692
3109.6	28.6424
3114.68	-208.175
3119.54	28.5752
3124.56	-208.16
3129.65	28.6368
3139.75	28.6536
3144.74	28.5957
3149.59	28.6141
3154.63	28.4889
3159.75	28.5762
3164.74	28.6456
3169.74	28.6023
3174.76	28.5606
3179.55	28.6427
3184.75	28.6427
3189.69	28.58
3194.75	28.6543
3199.78	28.6307
3204.93	-208.279
3209.87	28.59
3214.73	28.6365
3219.77	28.6601
3224.87	28.5997
3229.89	28.6065
3234.93	28.5746
3239.96	-208.044
3244.79	28.6617
3249.85	28.6839
3254.87	28.6002
3259.91	-208.152
3264.9	28.5623
3270.04	28.6158
3275.02	28.6017
3279.92	-208.184
3284.86	28.5227
3289.96	28.6354
3294.92	28.4912
3299.96	28.5905
3305.04	28.558
3309.99	28.5189
3314.97	28.725
3320.04	28.6801
3325.04	28.4984
3330.02	28.4725
3335.06	151.78
3339.94	28.717
3344.95	151.808
3349.94	28.5359
3355.09	28.5142
3360.08	28.6753
3365.07	28.5915
3370.12	28.6511
3375.01	28.6888
3380.03	28.7547
3385.06	28.6717
3390.09	28.7079
3395.14	28.7048
3400.17	28.6431
3404.95	28.6383
3409.98	28.5647
3415.09	28.6787
3420.06	28.6853
3425.1	28.6499
3430.14	28.6551
3435.22	151.817
3439.96	28.7035
3445.15	28.5388
3450.02	28.4464
3455.14	28.6167
3460.19	151.906
3465.18	28.6964
3470.07	28.4989
3475.08	28.6881
3480.06	28.688
3485.11	28.6445
3490.17	28.7133
3495.21	151.816
3500.04	28.5403
3505.12	28.5802
3510.08	28.5011
3515.14	151.783
3520.18	28.6022
3525.19	151.782
3530.21	28.6208
3535.07	151.758
3540.08	28.6381
3545.13	28.6844
3550.11	28.6539
3555.23	28.6452
3560.23	151.754
3565	151.737
3570.1	28.6164
3575.1	28.6387
3580.18	28.6926
3585.19	28.7046
3590.17	151.744
3595.25	28.619
3600.07	28.5508
3605.12	28.6074
3610.16	151.759
3615.21	28.7277
3620.23	28.5358
3625.24	28.6216
3630.06	28.5437
3635.16	28.6716
3640.17	28.5803
3645.18	151.842
3650.19	28.6934
3655.16	28.6786
3660.07	28.6662
3665.17	28.688
3670.13	28.6245
3675.2	28.6617
3680.28	28.6625
3685.23	28.564
3690.22	28.6124
3695.09	28.5553
3700.16	28.5367
3705.15	28.6404
3710.18	28.6824
3715.23	151.843
3720.29	28.7214
3725.1	28.5721
3730.11	28.7568
3735.17	151.84
3740.15	28.6746
3745.19	28.6557
3750.25	28.7193
3755.26	28.5753
3760.04	28.539
3765.14	28.7185
3770.2	28.6093
3775.2	28.5684
3780.18	28.7211
3785.25	28.6529
3790.11	28.8124
3795.1	28.6975
3800.13	-208.153
3805.16	28.5835
3810.18	28.642
3815.28	28.6769
3820.09	28.6643
3825.1	28.5745
3830.12	28.6722
3835.15	28.7517
3840.2	28.7082
3845.24	28.624
3850.25	-208.212
3855.08	28.6037
3860.06	-208.15
3865.05	28.7192
3870.16	28.6224
3875.18	28.6059
3880.1	-208.12
3885.11	28.7159
3890.13	28.7508
3895.07	28.727
3900.1	28.7015
3905.17	28.7405
3910.14	28.7645
3915.08	28.739
3920.08	28.6385
3925.03	28.6301
3930.12	28.6159
3935.17	28.6411
3940.21	28.7393
3945.26	28.5808
3950.04	-208.104
3954.99	-208.083
3960.07	28.7615
3965.09	28.6972
3970.19	28.6831
3975.15	-208.156
3980.05	28.657
3985.05	28.6058
3990.09	28.6294
3995.05	28.6501
4000.06	28.5937
4005.09	28.6523
4010.1	28.7274
4015.03	28.6414
4020.01	28.6962
4025.01	28.7012
4030	28.6375
4035.09	28.6442
4040.15	28.6767
4045.05	28.6388
4049.96	28.7342
4054.97	151.796
4060.01	28.7078
4065.07	28.7172
4070.06	28.6724
4074.88	28.7955
4079.95	28.6637
4084.98	28.583
4090.09	28.8129
4095.13	28.7826
4100.05	28.6481
4105.16	28.7094
4109.9	28.6576
4114.99	28.7998
4119.99	28.536
4125.06	28.7294
4130.08	28.6623
4135.05	28.5314
4139.99	28.671
4144.95	151.915
4150.04	28.6597
4155.05	28.5595
4160.12	28.8054
4165.08	28.7172
4170.07	28.7172
4175.05	28.7158
4179.98	28.7052
4185	28.5979
4190.05	28.6854
4195.06	28.7585
4200.11	28.7236
4204.96	28.6665
4210.01	28.6998
4215.01	28.7816
4220.08	28.6916
4225.11	28.7386
4230.11	28.7083
4234.96	28.6249
4239.99	28.6925
4245	28.6797
4250.04	28.6865
4255.04	28.5796
4260.11	151.876
4265.09	28.7364
4269.91	28.6258
4274.99	28.6394
4280.02	28.8026
4285.01	28.614
4290.12	28.6043
4295.14	28.7739
4299.91	28.7346
4305.01	151.899
4309.97	28.7509
4315.04	28.7033
4320.06	28.7966
4325.12	28.6968
4330.1	28.7787
4334.95	28.7294
4339.98	28.7486
4345.01	28.6809
4350.06	28.7082
4355.07	28.6671
4360.15	28.8162
4364.88	28.728
4369.91	28.586
4374.98	28.7349
4380.08	151.995
4385.04	151.929
4390.08	28.6042
4394.92	28.6092
4399.96	28.6814
4405	151.932
4410.05	28.6861
4415.05	28.6946
4420.08	28.7516
4425.05	28.6264
4429.92	28.6969
4434.95	28.7142
4439.95	28.6555
4445.06	28.8335
4450.06	28.6251
4455.14	28.8241
4459.95	-208.039
4465	28.7001
4470	28.6375
4474.99	28.8135
4480.08	28.6003
4485.05	28.7753
4490.13	28.5878
4495.07	28.7877
4499.98	28.7595
4505.01	28.6659
4510.02	28.751
4515.01	28.8021
4520.13	28.6081
4524.97	28.7767
4529.99	28.7232
4534.94	28.7043
4539.99	28.7294
4545.03	28.6422
4550.12	28.729
4554.94	28.8139
4559.94	28.8063
4565	28.6989
4569.97	28.6243
4575.07	-208.11
4580.09	-208.083
4585.15	28.6779
4589.93	28.6727
4594.96	28.8655
4600.04	28.7594
4604.98	28.7596
4610.05	28.6639
4615.11	28.6829
4619.92	28.7285
4624.94	28.601
4630.06	28.8218
4635.05	28.7618
4640.03	28.812
4645.1	28.7465
4649.94	28.8204
4654.99	28.5621
4659.96	-208.052
4665.08	28.7724
4670.12	28.7983
4675.13	28.7706
4680.08	28.7583
4684.96	28.6769
4690.01	28.7287
4695.04	151.91
4700.06	28.7631
4705.14	28.7593
4710.1	28.6084
4715.04	28.7706
