Frequency - Phase	Phase - Phase
1004.23	27.0582
1005.23	151.51
1009.49	28.1623
1015.24	151.423
1019.45	28.2947
1025.44	151.4
1030.34	151.514
1034.63	28.2033
1039.43	28.196
1045.16	151.566
1049.58	28.166
1054.5	28.1935
1059.63	28.1446
1064.47	28.1785
1069.59	28.1684
1074.65	28.1383
1079.6	28.1249
1085.52	151.48
1090.58	151.499
1095.65	151.506
1099.78	28.0354
1105.45	-208.419
1110.45	-208.47
1115.52	-208.404
1119.77	28.0023
1124.96	27.9642
1130.52	-208.476
1134.74	27.9234
1139.82	27.9016
1145.29	-208.27
1150.36	-208.196
1155.02	27.8225
1160	27.8475
1165	27.8591
1169.96	27.7825
1174.97	27.807
1180.31	-208.136
1184.94	27.6323
1190.19	-208.025
1195.17	-208.071
1199.94	27.6729
1204.97	27.6963
1210.14	27.6865
1215.06	27.6897
1220.11	27.6581
1225.18	27.5819
1230.05	27.6903
1234.89	27.6684
1239.85	27.6885
1245.01	27.4936
1250.11	-207.782
1255.19	-207.806
1260.22	-207.733
1265.11	-207.762
1270.15	-207.828
1274.98	27.6226
1280.07	27.5363
1285.07	27.5906
1290.3	-207.631
1295.07	-207.633
1299.95	27.6006
1304.88	27.5436
1310	27.6271
1315.05	27.5292
1320.1	27.5431
1325.2	-207.547
1329.96	27.5741
1335.05	151.612
1340.05	28.3992
1345.13	151.674
1350.1	28.4017
1355.17	151.633
1359.94	28.4638
1365.01	28.41
1369.94	28.4636
1375.01	28.3826
1380.06	28.4003
1385.13	151.618
1390.22	151.725
1394.96	28.3723
1400.07	28.1715
1405.03	28.3913
1410.09	28.4112
1415.04	28.4687
1420.07	151.651
1424.99	28.3919
1429.95	28.3465
1434.98	28.4435
1439.99	28.4089
1445.08	28.358
1450.01	28.4238
1454.92	28.2102
1459.97	151.626
1464.98	28.3464
1469.99	28.407
1475.01	28.2085
1480.01	28.3551
1485.14	151.503
1489.94	151.644
1494.95	151.563
1499.99	28.4179
1505.03	28.4011
1510.03	151.653
1515.05	151.584
1519.95	151.614
1524.95	151.644
1530.01	28.2863
1535.01	28.3099
1540.02	28.369
1545.03	151.612
1549.96	151.506
1554.92	151.609
1559.92	28.3943
1565.05	28.2458
1570.05	28.3135
1575.03	28.3055
1580.09	151.529
1584.93	28.285
1589.98	28.2628
1595	151.543
1600.03	28.2483
1605.06	151.675
1610.07	28.2977
1614.9	28.1633
1619.96	151.496
1625.01	28.2652
1630.06	151.522
1635.05	28.2241
1640.15	28.2874
1645.09	28.2846
1650.01	151.468
1654.97	28.2575
1659.95	28.19
1665	28.2177
1670.11	28.2052
1675.13	151.486
1679.94	151.529
1684.96	28.245
1690.04	28.1885
1695.03	151.465
1700.07	151.451
1705.11	151.367
1709.94	151.253
1714.96	28.2349
1720	28.2184
1725.04	28.2141
1730.03	28.1473
1735.06	28.1721
1740.15	28.1932
1744.95	28.1146
1750.05	151.306
1754.97	28.139
1760.01	28.1177
1765.04	28.077
1770.04	151.387
1774.94	28.0947
1779.98	28.0063
1785.05	28.0776
1790.06	-208.754
1795.1	-208.663
1800.11	28.0928
1805.12	-208.742
1809.96	28.1091
1814.93	28.0879
1820.07	28.0728
1825.06	28.008
1830.11	-208.67
1835.17	28.079
1839.96	27.9688
1844.95	28.0605
1850	27.9593
1855	27.9772
1860.08	28.0243
1865.17	27.8787
1869.91	-208.905
1879.96	27.9516
1885.04	27.9247
1890.04	27.982
1895.1	27.9647
1900.11	27.9332
1904.92	-208.819
1909.97	27.8818
1914.99	27.9513
1919.98	-208.971
1924.97	27.8534
1930.02	27.8693
1934.91	-208.93
1939.97	27.6593
1945	-208.959
1949.96	27.8274
1955.08	-208.966
1960.03	27.7732
1965.1	27.7872
1970.02	27.7098
1975	27.9203
1979.97	27.7575
1985.02	27.7221
1990.11	27.6682
1995.14	27.7737
1999.95	27.7527
2004.99	27.6344
2009.98	150.937
2015.01	27.6027
2020.13	150.917
2025.11	27.594
2029.86	27.652
2034.94	151.029
2040	150.854
2045.01	150.87
2050.05	150.838
2055.07	150.838
2060.09	27.5223
2064.94	27.5546
2069.99	150.748
2074.98	27.5224
2080.05	150.777
2085.04	27.4804
2090.12	27.4572
2094.82	27.4681
2099.99	27.4404
2104.99	150.586
2110.03	150.659
2115.11	150.529
2120.13	27.3631
2125.14	27.3879
2129.96	27.4391
2135	150.611
2139.99	27.3047
2145.04	150.695
2150.13	27.1263
2155.11	27.212
2159.92	27.2581
2164.95	27.2698
2169.92	27.2356
2174.96	27.2213
2180.08	27.1574
2185.03	150.416
2189.92	27.0829
2194.88	27.1067
2200	27.1408
2205	27.0667
2210.02	27.0419
2215.07	27.0696
2220.08	150.249
2224.96	150.126
2229.96	27.0063
2235	26.8005
2240.04	26.8903
2245.03	26.9328
2250.1	26.8943
2254.91	26.902
2259.96	26.8775
2264.93	26.6687
2270	26.7845
2275.02	26.6823
2280.07	26.5961
2285.04	26.6885
2289.88	149.904
2295.01	26.6119
2299.95	26.6628
2304.99	149.888
2310.02	26.6047
2315.05	26.5645
2319.89	26.5218
2324.93	149.77
2329.92	149.653
2334.97	26.4594
2340.03	149.603
2345.08	149.607
2349.95	26.2578
2354.89	149.546
2359.95	26.2193
2364.99	26.2106
2370.02	26.1586
2375.01	26.1386
2380.13	26.0405
2384.93	25.9666
2389.94	26.0243
2394.96	26.0242
2400.02	149.191
2405.07	25.902
2410.01	25.8634
2414.84	149.03
2419.99	25.7259
2425.01	25.7796
2430.02	25.6143
2435.01	25.659
2440	25.5751
2444.92	25.6101
2449.89	-211.301
2454.94	25.4117
2459.95	-211.337
2465.01	-211.526
2470	25.2407
2475.05	25.2571
2479.95	25.1213
2484.94	25.0676
2489.94	25.0342
2494.98	24.9326
2500.07	24.8024
2505.03	24.8945
2509.85	24.8173
2514.93	-211.96
2519.97	24.6177
2524.98	24.6202
2530.03	-212.335
2535.08	-212.295
2540.1	24.2352
2544.99	24.2481
2549.94	-212.618
2554.98	23.9738
2560.01	24.076
2565.02	23.9717
2570.06	-213.065
2574.92	23.7702
2580	-212.967
2584.95	23.5178
2590.06	23.4237
2595.06	23.4519
2600.1	-213.481
2604.95	23.1268
2609.99	23.0903
2615	22.9017
2619.97	22.7631
2625.11	22.6115
2630.06	22.494
2635.12	22.4496
2639.91	22.3279
2645.03	22.0912
2650.13	21.918
2655.1	-214.899
2660.1	21.6776
2665.13	21.3741
2669.95	21.1935
2674.98	21.0864
2680.08	20.9833
2685.12	20.7207
2690.22	20.5467
2695.25	20.3405
2700.33	20.0483
2705.08	19.8285
2710.1	142.697
2715.22	142.565
2720.28	19.0425
2725.31	18.7556
2730.36	18.3363
2735.18	18.0612
2740.2	17.7401
2745.37	17.3663
2750.32	17.1301
2755.35	16.6134
2760.42	139.505
2765.27	139.145
2770.35	138.721
2775.39	14.6446
2780.41	14.2875
2785.51	13.6521
2790.54	12.9683
2795.68	12.4754
2800.47	11.9063
2805.51	134.62
2810.58	10.7302
2815.66	10.0243
2820.76	9.6111
2825.72	132.665
2830.65	9.16892
2835.65	9.33298
2840.64	9.96246
2845.61	11.0175
2850.71	135.765
2855.72	14.1179
2860.63	16.3804
2865.24	18.9786
2870.15	21.8454
2874.91	24.9942
2879.72	28.1638
2884.63	31.1826
2889.43	157.803
2894.08	36.7113
2898.93	39.3314
2903.77	41.522
2908.95	43.5786
2913.74	45.345
2918.89	46.7015
2923.68	48.0287
2928.74	172.656
2933.68	49.9348
2938.76	50.7289
2943.82	51.244
2948.96	51.7124
2953.84	175.528
2958.86	52.2885
2963.92	52.4878
2968.94	52.6741
2973.97	52.7523
2979.02	52.6912
2984.12	52.7926
2989.05	52.6871
2994.01	52.466
2999.07	52.3908
3004.17	52.195
3009.25	51.9796
3014.26	51.9288
3019.34	51.6841
3024.18	51.337
3029.18	51.1581
3034.28	51.0451
3039.33	-185.807
3044.4	50.5629
3049.43	50.1312
3054.23	50.029
3059.36	49.7559
3064.42	49.6186
3069.47	49.2279
3074.47	49.0582
3079.46	48.8895
3084.44	48.5279
3089.4	48.1991
3094.5	48.0505
3099.55	47.7472
3104.6	47.5532
3109.6	47.405
3114.68	-189.65
3119.54	46.8787
3124.56	-190.069
3129.65	46.5099
3139.75	46.0564
3144.74	45.8012
3149.59	45.6313
3154.63	45.3204
3159.75	45.1933
3164.74	45.0825
3169.74	44.8443
3174.76	44.6253
3179.55	44.5595
3184.75	44.337
3189.69	44.121
3194.75	44.0361
3199.78	43.8416
3204.93	-193.249
3209.87	43.4672
3214.73	43.3515
3219.77	43.2301
3224.87	42.982
3229.89	42.8561
3234.93	42.7
3239.96	-194.083
3244.79	42.4996
3249.85	42.3838
3254.87	42.1934
3259.91	-194.69
3264.9	41.9267
3270.04	41.7814
3275.02	41.6997
3279.92	-195.222
3284.86	41.3971
3289.96	41.3609
3294.92	41.1401
3299.96	41.1129
3305.04	40.9704
3309.99	40.784
3314.97	40.906
3320.04	40.75
3325.04	40.5062
3330.02	40.4185
3335.06	163.643
3339.94	40.4537
3344.95	163.508
3349.94	40.1492
3355.09	40.0016
3360.08	40.1165
3365.07	39.9417
3370.12	39.8991
3375.01	39.8675
3380.03	39.837
3385.06	39.6877
3390.09	39.6533
3395.14	39.5402
3400.17	39.4325
3404.95	39.3791
3409.98	39.2376
3415.09	39.2776
3420.06	39.2302
3425.1	39.1115
3430.14	39.0525
3435.22	162.131
3439.96	38.9936
3445.15	38.7389
3450.02	38.619
3455.14	38.675
3460.19	161.916
3465.18	38.6674
3470.07	38.4091
3475.08	38.5425
3480.06	38.5032
3485.11	38.4185
3490.17	38.4146
3495.21	161.46
3500.04	38.1402
3505.12	38.1005
3510.08	38.015
3515.14	161.239
3520.18	38.0236
3525.19	161.149
3530.21	37.9309
3535.07	161.05
3540.08	37.8649
3545.13	37.8793
3550.11	37.8246
3555.23	37.7457
3560.23	160.809
3565	160.771
3570.1	37.599
3575.1	37.583
3580.18	37.6042
3585.19	37.5797
3590.17	160.619
3595.25	37.4135
3600.07	37.324
3605.12	37.344
3610.16	160.46
3615.21	37.3817
3620.23	37.1725
3625.24	37.2195
3630.06	37.1033
3635.16	37.2101
3640.17	37.081
3645.18	160.304
3650.19	37.1378
3655.16	37.1161
3660.07	37.0474
3665.17	37.0553
3670.13	36.9604
3675.2	36.9624
3680.28	36.9093
3685.23	36.8181
3690.22	36.8054
3695.09	36.7569
3700.16	36.7008
3705.15	36.7747
3710.18	36.7979
3715.23	159.938
3720.29	36.7747
3725.1	36.6019
3730.11	36.759
3735.17	159.81
3740.15	36.6473
3745.19	36.5822
3750.25	36.6383
3755.26	36.4711
3760.04	36.4222
3765.14	36.5533
3770.2	36.4365
3775.2	36.3814
3780.18	36.5147
3785.25	36.4394
3790.11	36.5667
3795.1	36.4269
3800.13	-200.442
3805.16	36.2927
3810.18	36.3354
3815.28	36.3065
3820.09	36.2869
3825.1	36.1914
3830.12	36.2784
3835.15	36.3266
3840.2	36.2703
3845.24	36.1808
3850.25	-200.674
3855.08	36.1125
3860.06	-200.624
3865.05	36.2388
3870.16	36.1267
3875.18	36.0633
3880.1	-200.664
3885.11	36.1312
3890.13	36.137
3895.07	36.155
3900.1	36.073
3905.17	36.1011
3910.14	36.1294
3915.08	36.0675
3920.08	35.9541
3925.03	35.9437
3930.12	35.9119
3935.17	35.9345
3940.21	36.0036
3945.26	35.8335
3950.04	-200.858
3954.99	-200.852
3960.07	36.0128
3965.09	35.9241
3970.19	35.8924
3975.15	-200.96
3980.05	35.8076
3985.05	35.7866
3990.09	35.782
3995.05	35.8136
4000.06	35.7199
4005.09	35.7774
4010.1	35.8659
4015.03	35.7294
4020.01	35.7969
4025.01	35.7628
4030	35.7002
4035.09	35.6934
4040.15	35.718
4045.05	35.6317
4049.96	35.7813
4054.97	158.818
4060.01	35.7132
4065.07	35.7135
4070.06	35.6765
4074.88	35.7794
4079.95	35.632
4084.98	35.5253
4090.09	35.742
4095.13	35.6827
4100.05	35.5763
4105.16	35.5982
4109.9	35.5767
4114.99	35.6909
4119.99	35.4186
4125.06	35.5957
4130.08	35.5281
4135.05	35.4191
4139.99	35.527
4144.95	158.77
4150.04	35.4763
4155.05	35.3942
4160.12	35.6065
4165.08	35.5297
4170.07	35.536
4175.05	35.4921
4179.98	35.5051
4185	35.3963
4190.05	35.4662
4195.06	35.5451
4200.11	35.4874
4204.96	35.4289
4210.01	35.4489
4215.01	35.5201
4220.08	35.4194
4225.11	35.4665
4230.11	35.4338
4234.96	35.3432
4239.99	35.413
4245	35.3853
4250.04	35.403
4255.04	35.2563
4260.11	158.535
4265.09	35.4071
4269.91	35.3171
4274.99	35.2929
4280.02	35.4497
4285.01	35.2797
4290.12	35.2249
4295.14	35.4312
4299.91	35.3847
4305.01	158.522
4309.97	35.3922
4315.04	35.2977
4320.06	35.4141
4325.12	35.299
4330.1	35.3851
4334.95	35.3363
4339.98	35.3404
4345.01	35.2694
4350.06	35.2699
4355.07	35.2388
4360.15	35.3711
4364.88	35.3284
4369.91	35.1687
4374.98	35.3054
4380.08	158.56
4385.04	158.502
4390.08	35.1608
4394.92	35.1601
4399.96	35.2403
4405	158.477
4410.05	35.2242
4415.05	35.2284
4420.08	35.2679
4425.05	35.1705
4429.92	35.2269
4434.95	35.2478
4439.95	35.188
4445.06	35.3548
4450.06	35.1507
4455.14	35.3036
4459.95	-201.547
4465	35.1865
4470	35.1226
4474.99	35.3004
4480.08	35.082
4485.05	35.2644
4490.13	35.0858
4495.07	35.2388
4499.98	35.2314
4505.01	35.1384
4510.02	35.2204
4515.01	35.255
4520.13	35.0823
4524.97	35.2431
4529.99	35.1891
4534.94	35.1605
4539.99	35.209
4545.03	35.0745
4550.12	35.1769
4554.94	35.2551
4559.94	35.2387
4565	35.1373
4569.97	35.0735
4575.07	-201.706
4580.09	-201.678
4585.15	35.0779
4589.93	35.1021
4594.96	35.2919
4600.04	35.1562
4604.98	35.1761
4610.05	35.0918
4615.11	35.0701
4619.92	35.1421
4624.94	34.9935
4630.06	35.206
4635.05	35.1607
4640.03	35.2063
4645.1	35.1507
4649.94	35.2132
4654.99	34.9417
4659.96	-201.661
4665.08	35.156
4670.12	35.1931
4675.13	35.1462
4680.08	35.159
4684.96	35.0632
4690.01	35.106
4695.04	158.284
4700.06	35.1413
4705.14	35.1137
4710.1	34.9854
4715.04	35.1407
