Frequency - Amplitude	Voltage amplitude - Amplitude
1811.62	1.90132
1801.96	1.88023
1804	1.87999
1806.09	1.87952
1808.08	1.8795
1809.91	1.87935
1812.03	1.87904
1814.03	1.87868
1816.16	1.87863
1817.91	1.87861
1820.04	1.87837
1822.1	1.87817
1824.17	1.87764
1825.99	1.87783
1828.03	1.87746
1830.06	1.87753
1831.91	1.87741
1834.02	1.87706
1836.02	1.87684
1838.04	1.87688
1839.97	1.87667
1842	1.87653
1844.06	1.87634
1846.16	1.87597
1847.98	1.87595
1850.05	1.87564
1852.08	1.8755
1854.13	1.8751
1855.96	1.87516
1858.08	1.87463
1860.05	1.87464
1862.15	1.87424
1863.97	1.87436
1866.09	1.87408
1868.05	1.87391
1869.98	1.87363
1872.01	1.87375
1874.02	1.87315
1876.06	1.87303
1878.01	1.87255
1880.02	1.87249
1882.02	1.87245
1884.08	1.87188
1885.84	1.87211
1888.02	1.87145
1890.07	1.87118
1892.14	1.87104
1893.92	1.87112
1895.99	1.8707
1898.07	1.87032
1900.1	1.87018
1901.99	1.8699
1903.96	1.87003
1906.07	1.86988
1907.94	1.8696
1909.92	1.86919
1912.05	1.8689
1914.06	1.86857
1915.95	1.86866
1917.95	1.86814
1919.98	1.86794
1922.06	1.86797
1923.89	1.86751
1925.97	1.86735
1928	1.86724
1930.04	1.86675
1931.89	1.86638
1934.01	1.86626
1936.07	1.86601
1938.08	1.86569
1939.93	1.86537
1942.03	1.8655
1944.04	1.86503
1946.16	1.86491
1947.92	1.86441
1950	1.86447
1952	1.86414
1953.94	1.86387
1955.97	1.86356
1957.92	1.86312
1960.05	1.86257
1961.92	1.8624
1963.96	1.86235
1965.93	1.86211
1968.12	1.86167
1969.91	1.86152
1971.96	1.8612
1974.01	1.86098
1976.14	1.86066
1977.98	1.86034
1979.99	1.85981
1982.02	1.85963
1984.04	1.85979
1986.03	1.85921
1988.02	1.85923
1990	1.85867
1991.86	1.85814
1994.03	1.85797
1996.08	1.85765
1998.09	1.85724
1999.92	1.85725
2001.93	1.85687
2003.9	1.85632
2006.11	1.85623
2007.98	1.8557
2009.88	1.85541
2012	1.85504
2013.99	1.85494
2015.84	1.85458
2017.92	1.85413
2019.88	1.8535
2022.07	1.85341
2023.91	1.85329
2025.9	1.8529
2027.96	1.85267
2029.85	1.85208
2031.79	1.85163
2034.05	1.85129
2036.04	1.85138
2037.88	1.85078
2039.93	1.8504
2041.91	1.85021
2043.95	1.84965
2045.8	1.84923
2047.83	1.84888
2049.9	1.84848
2052.01	1.84805
2053.87	1.8477
2055.88	1.84764
2057.96	1.84677
2060.04	1.84677
2061.91	1.84638
2063.94	1.84587
2065.97	1.84558
2067.79	1.84529
2069.91	1.84488
2071.95	1.84429
2073.92	1.84341
2075.93	1.8435
2077.82	1.843
2079.89	1.84253
2082.02	1.84218
2083.85	1.8415
2085.95	1.84182
2087.94	1.84111
2090.01	1.84037
2091.78	1.8401
2093.86	1.83941
2095.93	1.83933
2098.08	1.83876
2099.91	1.83829
2102.02	1.838
2104.04	1.8374
2106.05	1.83723
2107.92	1.83675
2109.88	1.83606
2111.95	1.83558
2113.82	1.83506
2115.87	1.83442
2117.92	1.83405
2119.95	1.83362
2121.84	1.83325
2123.96	1.8328
2125.94	1.83216
2127.96	1.83162
2129.8	1.83102
2131.94	1.83064
2133.99	1.83004
2135.96	1.82962
2137.91	1.82914
2139.89	1.82859
2141.97	1.8279
2144	1.82732
2145.85	1.8271
2147.93	1.82623
2149.99	1.82578
2151.77	1.82495
2153.92	1.82437
2155.91	1.82414
2157.95	1.82341
2159.8	1.82294
2161.81	1.82247
2163.88	1.82156
2165.95	1.82133
2167.84	1.82063
2169.82	1.81995
2171.97	1.81941
2173.97	1.81878
2175.81	1.81827
2177.93	1.81755
2179.92	1.8173
2182.05	1.81644
2183.82	1.81576
2185.88	1.81515
2187.93	1.81444
2189.84	1.81393
2191.87	1.81294
2193.94	1.81248
2195.91	1.8118
2197.77	1.81135
2199.85	1.81038
2201.83	1.80982
2203.89	1.80919
2205.85	1.80827
2207.89	1.80762
2209.93	1.80709
2211.95	1.80594
2213.81	1.80539
2215.86	1.8046
2217.94	1.80389
2219.98	1.8032
2221.88	1.80256
2223.84	1.8017
2225.98	1.80065
2227.78	1.80053
2229.84	1.7993
2231.87	1.79856
2233.95	1.79777
2235.79	1.7969
2237.75	1.79601
2239.91	1.79536
2241.95	1.79444
2243.78	1.79367
2245.84	1.7926
2247.95	1.79221
2249.97	1.79151
2251.88	1.79047
2253.86	1.78945
2255.92	1.78851
2257.93	1.78753
2259.82	1.78723
2261.87	1.78581
2263.93	1.78487
2265.85	1.78391
2267.83	1.78299
2269.87	1.78189
2271.92	1.78125
2273.83	1.78019
2275.83	1.77926
2277.85	1.77849
2279.99	1.77745
2281.84	1.77621
2283.87	1.77516
2285.93	1.77424
2288.02	1.77328
2289.88	1.77191
2291.86	1.77093
2295.97	1.76891
2297.88	1.7677
2299.92	1.76719
2303.97	1.76469
2305.84	1.76333
2307.88	1.76215
2309.97	1.76092
2311.82	1.76013
2313.84	1.75877
2315.97	1.75776
2318	1.75634
2319.83	1.75525
2321.91	1.75416
2323.92	1.7527
2325.92	1.75143
2327.81	1.75036
2329.97	1.74917
2331.93	1.74767
2333.96	1.7464
2335.88	1.74512
2337.95	1.74368
2339.94	1.74251
2341.97	1.74105
2343.9	1.73982
2345.94	1.73859
2347.99	1.73659
2349.82	1.73564
2351.83	1.73424
2353.89	1.73219
2355.99	1.73115
2357.85	1.72975
2359.88	1.72823
2361.92	1.72674
2364	1.72495
2365.86	1.72342
2367.92	1.72194
2369.91	1.72023
2371.97	1.71872
2373.88	1.71715
2375.9	1.71557
2377.94	1.71399
2380.05	1.71199
2381.95	1.71064
2383.94	1.70886
2386.01	1.70719
2387.86	1.70516
2389.89	1.70356
2392	1.70143
2393.97	1.69985
2395.83	1.69786
2397.94	1.69604
2399.97	1.69414
2402.03	1.69217
2403.97	1.69031
2405.94	1.68849
2408.01	1.68641
2409.99	1.68448
2411.84	1.68272
2413.94	1.68031
2416.06	1.67818
2418.05	1.67603
2420	1.67387
2421.99	1.67192
2424.04	1.66962
2425.89	1.6675
2427.94	1.66541
2430.03	1.66327
2432.05	1.66091
2433.91	1.6589
2435.89	1.65627
2438.04	1.65385
2440.04	1.65119
2441.89	1.64935
2443.91	1.64663
2446.05	1.64415
2448.11	1.64161
2452.07	1.63684
2454.06	1.63398
2456.05	1.63144
2458.02	1.62879
2460.07	1.62572
2462.09	1.62316
2463.91	1.6208
2466.01	1.61803
2468	1.61498
2470.12	1.61203
2471.99	1.60937
2474.03	1.60634
2476.1	1.60322
2478.14	1.59996
2479.9	1.59725
2482.03	1.59428
2484.13	1.5909
2486.08	1.58772
2486.15	1.58745
2490.05	1.58116
2492.08	1.57799
2494.18	1.5744
2496.02	1.57125
2498.13	1.56786
2500.07	1.56439
2502.17	1.56078
2504.11	1.55734
2506.17	1.55379
2508.13	1.55019
2510.12	1.54653
2512.11	1.54295
2514.08	1.53887
2516.07	1.5352
2518.08	1.53112
2520.04	1.52716
2522.26	1.52305
2524.25	1.51906
2526.05	1.51532
2528.1	1.51099
2530.19	1.5068
2532.22	1.50262
2534.14	1.49831
2536.22	1.49402
2538.16	1.48973
2540.3	1.48507
2542.19	1.48148
2544.09	1.47673
2546.24	1.47198
2548.19	1.46742
2550.15	1.46274
2552.3	1.45774
2554.3	1.45308
2556.16	1.4484
2558.2	1.44361
2560.19	1.43864
2562.33	1.4331
2564.2	1.42848
2566.17	1.42328
2568.36	1.41756
2570.31	1.41244
2572.23	1.4072
2574.16	1.4019
2576.36	1.39603
2578.39	1.39051
2580.26	1.38507
2582.32	1.37906
2584.34	1.37345
2586.2	1.3676
2588.25	1.36183
2590.29	1.35547
2592.35	1.34959
2594.24	1.34349
2596.2	1.3369
2598.39	1.33077
2600.34	1.32425
2602.3	1.3183
2604.31	1.31156
2606.5	1.30453
2608.5	1.29807
2610.31	1.29151
2612.46	1.28456
2614.4	1.27758
2616.51	1.27042
2618.35	1.26396
2620.48	1.25676
2622.56	1.24913
2624.4	1.24229
2626.38	1.2346
2628.44	1.2273
2630.49	1.21946
2632.42	1.21274
2634.36	1.20502
2636.56	1.19706
2638.53	1.18882
2640.52	1.18127
2642.53	1.17333
2644.46	1.16503
2646.68	1.15653
2648.45	1.14916
2650.59	1.14085
2652.55	1.132
2654.71	1.12383
2656.64	1.11556
2658.63	1.1071
2660.57	1.09829
2662.58	1.0896
2664.55	1.0814
2666.7	1.072
2668.8	1.06341
2670.83	1.05469
2672.35	1.04538
2674.75	1.03646
2676.76	1.02713
2678.5	1.0183
2680.88	1.00867
2682.75	0.999348
2684.86	0.989875
2686.62	0.981035
2688.73	0.97121
2690.78	0.96149
2692.82	0.951548
2694.96	0.942413
2696.86	0.932457
2698.78	0.922488
2700.82	0.912557
2702.87	0.903506
2704.95	0.89334
2706.79	0.883261
2708.85	0.873868
2710.95	0.863837
2712.95	0.853386
2715.19	0.842977
2716.85	0.833942
2719.08	0.823281
2720.99	0.813205
2723.16	0.803282
2724.68	0.793712
2727.17	0.788637
2729.01	0.773244
2730.88	0.763042
2732.86	0.753713
2735.13	0.742857
2737.35	0.733099
2739.3	0.722516
2740.99	0.713451
2743.16	0.703698
2745.21	0.692951
2747.14	0.683995
2749.07	0.673533
2751.18	0.664106
2753.26	0.654199
2755.2	0.645128
2757.19	0.635075
2759.4	0.625637
2761.34	0.615701
2763.23	0.607153
2765.39	0.597421
2767.25	0.588242
2769.37	0.578674
2771.5	0.570082
2773.38	0.561409
2775.31	0.552171
2777.51	0.543602
2779.21	0.535302
2780.92	0.52725
2783.42	0.519276
2785.27	0.511338
2787.23	0.503663
2789.24	0.495626
2791.37	0.488151
2793.17	0.481753
2795.12	0.47471
2797.15	0.467404
2799.16	0.460869
2800.98	0.455009
2802.76	0.449319
2804.61	0.443162
2807.21	0.437553
2808.8	0.433131
2810.83	0.428119
2812.29	0.423611
2814.81	0.418968
2816.47	0.415868
2818.41	0.412133
2820.35	0.409054
2822.14	0.405893
2824.28	0.403842
2825.96	0.401547
2828.1	0.399591
2830.12	0.398442
2831.85	0.397201
2833.61	0.396504
2835.9	0.396024
2837.44	0.396389
2839.27	0.396712
2841.24	0.397154
2843.08	0.39858
2844.93	0.39992
2847.23	0.401623
2848.94	0.403966
2851.06	0.406384
2852.61	0.408806
2854.64	0.411705
2857.01	0.415286
2858.87	0.418996
2860.77	0.422479
2862.61	0.426631
2864.32	0.431064
2866.24	0.43508
2868.4	0.44018
2870.43	0.445332
2872.32	0.450527
2874.32	0.455546
2876.35	0.461167
2878.15	0.467338
2880.35	0.472851
2882.44	0.478599
2884.33	0.484998
2886.2	0.491705
2888.47	0.498276
2890.29	0.504245
2892.16	0.510886
2894.38	0.517936
2896.39	0.524748
2898.14	0.531372
2900.15	0.538662
2902.32	0.545706
2904.33	0.552176
2906.45	0.55957
2908.45	0.567075
2910.22	0.574441
2912.32	0.581031
2914.47	0.588946
2916.56	0.596814
2918.53	0.604282
2920.35	0.611
2922.6	0.618756
2924.35	0.626104
2926.61	0.633913
2928.44	0.64106
2930.29	0.648535
2932.67	0.656264
2934.56	0.663504
2936.45	0.670619
2938.61	0.678573
2940.59	0.68584
2942.57	0.692928
2944.41	0.700514
2946.65	0.70803
2948.81	0.715849
2950.51	0.722709
2952.73	0.730348
2954.66	0.737971
2956.81	0.745616
2958.72	0.752542
2960.85	0.759982
2962.74	0.767085
2964.7	0.774715
2966.63	0.781435
2968.81	0.788938
2970.88	0.796679
2973.09	0.803824
2974.8	0.810374
2976.88	0.817785
2979.13	0.824917
2980.97	0.831491
2983.01	0.838891
2984.95	0.845876
2987.08	0.852866
2988.94	0.859258
2990.88	0.866583
2993.01	0.873617
2995.02	0.880643
2996.87	0.886885
2999.06	0.89392
3001.1	0.90049
3003.2	0.907621
3004.97	0.913667
3007.16	0.920386
3009.16	0.927234
3011.26	0.934159
3013.06	0.939816
3015.19	0.946563
3017.23	0.953249
3019.4	0.959681
3021.19	0.965566
3023.18	0.971836
3025.36	0.978496
3027.08	0.984203
3029.29	0.990857
3033.29	1.00349
3035.31	1.00871
3037.31	1.01482
3039.28	1.02126
3041.38	1.02722
3043.17	1.0329
3045.32	1.03886
3047.38	1.04485
3049.47	1.051
3051.34	1.05627
3053.36	1.0621
3055.44	1.06805
3057.52	1.07352
3059.35	1.07899
3061.52	1.08473
3063.47	1.09039
3065.38	1.09538
3067.4	1.10125
3069.57	1.10677
3071.48	1.11218
3073.39	1.11717
3075.54	1.12258
3077.5	1.12786
3079.59	1.13316
3081.55	1.13803
3083.57	1.14326
3085.58	1.14842
3087.54	1.15408
3089.54	1.15845
3091.57	1.16377
3093.6	1.16858
3095.76	1.17346
3097.53	1.17852
3099.68	1.1835
3101.64	1.188
3103.56	1.19263
3105.7	1.19753
3107.68	1.20237
3109.59	1.20713
3111.51	1.2115
3113.56	1.21619
3115.77	1.22088
3117.8	1.22549
3119.58	1.22977
3123.78	1.23873
3125.79	1.24341
3127.67	1.24736
3129.81	1.25167
3131.79	1.25642
3133.75	1.26076
3135.54	1.26459
3137.73	1.26925
3139.75	1.27328
3141.75	1.27728
3143.64	1.28134
3145.75	1.28547
3147.88	1.28964
3149.78	1.29321
3151.74	1.29737
3153.81	1.30151
3155.9	1.30508
3157.71	1.30905
3159.77	1.31291
3161.8	1.317
3163.89	1.32098
3165.82	1.32451
3167.73	1.32828
3169.8	1.33194
3171.9	1.33569
3173.84	1.33901
3175.82	1.34292
3177.91	1.34637
3179.77	1.3498
3181.83	1.35337
3183.86	1.35717
3187.82	1.36398
3189.84	1.36754
3191.87	1.37118
3193.9	1.37481
3197.9	1.38102
3199.94	1.38465
3201.99	1.38798
3203.82	1.39095
3205.87	1.39399
3207.93	1.39731
3210.01	1.40067
3211.88	1.40351
3214.01	1.40648
3216.02	1.4101
3218.08	1.41314
3219.87	1.41586
3221.9	1.41882
3224.07	1.42193
3225.92	1.42498
3228.02	1.42749
3229.99	1.43089
3232.03	1.43363
3233.86	1.4364
3235.92	1.43925
3238.05	1.44199
3240.06	1.44474
3242	1.44768
3243.98	1.45021
3246.08	1.45327
3248.18	1.45586
3250.06	1.45841
3252.03	1.46088
3254.09	1.46388
3256.04	1.46659
3258.02	1.46904
3260.05	1.47148
3262.13	1.47419
3264.11	1.47689
3266.07	1.47953
3268.05	1.48213
3270.19	1.48457
3272.11	1.48699
3276.07	1.49204
3278.19	1.49458
3280.08	1.49669
3282.02	1.49921
3284.08	1.5018
3286.22	1.50427
3288.03	1.50635
3290.11	1.50892
3292.19	1.51116
3294.21	1.51332
3296.16	1.51575
3298.11	1.51807
3300.23	1.52024
3302.05	1.52252
3304.15	1.52463
3306.06	1.52677
3308.13	1.52942
3310.23	1.53117
3312.19	1.53335
3314.22	1.53539
3316.23	1.53762
3318.12	1.53968
3320.3	1.54185
3322.22	1.54367
3324.17	1.54594
3326.12	1.54748
3328.22	1.54969
3330.22	1.55147
3332.39	1.55336
3333.96	1.55583
3336.06	1.55763
3338.01	1.5597
3339.87	1.56136
3341.91	1.56336
3344.04	1.56515
3345.99	1.56718
3347.99	1.56885
3350.01	1.57093
3351.94	1.57285
3354.16	1.57481
3355.97	1.57632
3358	1.57823
3360.12	1.58024
3362.17	1.582
3364.03	1.58362
3366.04	1.58523
3368.06	1.5869
3370.09	1.58875
3371.93	1.59033
3374.12	1.59213
3376.08	1.5939
3378.01	1.59551
3379.99	1.59724
3382.08	1.59899
3384.06	1.60054
3385.99	1.60208
3388.07	1.60394
3390.03	1.60555
3392.11	1.60714
3393.95	1.60855
3396	1.61023
3398.08	1.61202
3400.05	1.61346
3402.06	1.61476
3404.11	1.61626
3406.08	1.61809
3408.21	1.61927
3410.1	1.62102
3412.02	1.62265
3414.07	1.6241
3416.1	1.62533
3417.99	1.62685
3420.05	1.6281
3422.11	1.6293
3423.97	1.63087
3426.06	1.63233
3428.11	1.63381
3430.05	1.63509
3431.99	1.63638
3434.02	1.63791
3436.13	1.63924
3438.2	1.64084
3440.1	1.64186
3442.17	1.64324
3444.08	1.64454
3446.15	1.64611
3448.07	1.64684
3450.01	1.6482
3452.13	1.64972
3454.19	1.651
3456.08	1.65222
3458.11	1.65366
3460.11	1.65497
3461.99	1.65605
3464.04	1.65735
3466.07	1.65846
3468.19	1.65991
3470.07	1.66106
3472.12	1.66226
3474.2	1.66366
3476.18	1.6644
3478.1	1.66574
3480.08	1.66679
3482.19	1.66806
3484.06	1.66916
3486.02	1.67018
3488.13	1.67151
3490.17	1.67247
3492.22	1.67352
3494.19	1.67478
3496.04	1.67572
3498.22	1.67731
3500.12	1.67815
3502.11	1.67939
3504.14	1.6803
3506.26	1.6814
3508.1	1.68233
3510.15	1.68365
3512.19	1.68472
3514.2	1.68541
3516.05	1.68669
3518.1	1.68737
3520.14	1.68858
3522.27	1.68959
3524.08	1.69048
3526.15	1.69175
3528.23	1.69243
3530.14	1.69362
3532.09	1.6944
3534.2	1.69548
3536.19	1.69664
3538.17	1.69753
3540.17	1.69843
3542.14	1.69952
3544.19	1.70024
3546.12	1.70158
3548.14	1.70211
3550.18	1.70346
3552.18	1.70417
3554.09	1.70523
3556.1	1.70623
3558.14	1.70688
3560.21	1.70791
3562.12	1.70845
3564.21	1.70976
3566.22	1.71065
3568.28	1.71154
3570.07	1.7125
3572.18	1.71306
3574.16	1.71427
3576.25	1.71506
3578.03	1.7155
3580.21	1.71656
3582.29	1.71775
3584.08	1.71823
3586.09	1.71893
3588.2	1.71988
3590.19	1.72077
3592.09	1.72146
3594.16	1.72232
3596.17	1.72315
3598.26	1.72394
3600.13	1.7246
3602.19	1.72553
3604.24	1.72645
3606.22	1.72687
3608.08	1.72777
3610.17	1.7284
3612.23	1.72956
3614.22	1.73013
3616.12	1.7308
3618.16	1.73162
3620.22	1.73243
3622.08	1.73317
3624.09	1.73389
3626.16	1.73438
3628.16	1.7353
3630.09	1.73625
3632.12	1.73682
3634.17	1.73764
3636.24	1.73818
3638.13	1.73888
3640.13	1.73981
3642.25	1.74058
3644.22	1.74124
3646.13	1.7419
3648.17	1.74253
3650.19	1.74309
3652.28	1.74388
3654.11	1.74462
3656.16	1.74573
3658.22	1.74575
3660.06	1.74652
3662.15	1.74735
3664.25	1.74779
3666.22	1.74875
3668.14	1.7491
3670.19	1.74951
3672.19	1.75074
3674.26	1.75129
3676.15	1.75168
3678.18	1.75246
3680.2	1.75327
3682.3	1.75362
3684.21	1.75424
3686.2	1.75498
3688.18	1.75559
3690.3	1.75655
3692.1	1.75669
3694.2	1.75772
3696.26	1.75767
3698.15	1.75857
3700.11	1.75929
3702.23	1.75969
3704.21	1.76051
3706.12	1.76098
3708.16	1.76147
3710.24	1.76188
3712.29	1.76265
3714.13	1.7632
3716.16	1.76386
3718.17	1.76428
3720.24	1.76516
3722.1	1.76555
3724.2	1.76579
3726.24	1.76646
3728.26	1.76658
3730.09	1.7676
3732.18	1.76813
3734.2	1.76887
3736.14	1.76943
3738.15	1.76982
3740.23	1.7702
3742.22	1.77081
3744.07	1.77117
3746.17	1.77195
3748.22	1.77231
3750.24	1.7727
3752.12	1.77324
3756.19	1.77456
3758.22	1.77498
3760.12	1.77536
3762.22	1.77603
3764.19	1.7764
3766.32	1.77672
3768.11	1.77755
3770.2	1.77797
3772.27	1.77842
3774.3	1.77898
3776.13	1.77944
3778.24	1.7799
3780.28	1.78023
3782.1	1.78057
3784.15	1.78094
3786.17	1.78172
3790.13	1.78235
3792.11	1.78292
3794.21	1.78346
3796.25	1.78397
3798.14	1.78441
3800.18	1.78491
3802.2	1.78512
3804.26	1.78586
3806.14	1.7862
3808.11	1.78649
3810.28	1.78712
3812.28	1.78729
3814.1	1.78815
3816.17	1.78848
3818.3	1.78879
3818.21	1.78883
3822.16	1.79004
3824.23	1.78993
3826.26	1.79056
3828.09	1.79051
3830.2	1.79087
3832.19	1.79136
3834.27	1.79187
3836.13	1.79234
3838.14	1.7928
3840.21	1.79334
3842.19	1.79359
3844.17	1.7941
3846.15	1.79479
3848.15	1.79487
3850.21	1.79524
3852.18	1.79546
3854.2	1.79604
3856.23	1.79642
3858.09	1.79701
3860.09	1.79691
3862.21	1.79767
3864.16	1.79811
3866.02	1.7982
3868.15	1.79879
3870.15	1.79892
3872.2	1.79953
3874.09	1.79998
3876.14	1.80036
3878.2	1.80084
3880.26	1.80101
3882.04	1.80142
3884.11	1.80166
3886.21	1.802
3888.15	1.8026
3890.13	1.80278
3892.14	1.80284
3894.17	1.80332
3895.99	1.80393
3898.06	1.80416
3900.07	1.80466
3902.21	1.80473
3904.06	1.80542
3906.1	1.80554
3908.14	1.80589
3910.22	1.80617
3911.99	1.80664
3914.04	1.80684
3916.17	1.80756
3918.18	1.80778
3920.11	1.80781
3922.14	1.80821
3924.15	1.80853
3926.17	1.80888
3928.08	1.80918
3930.17	1.80956
3932.18	1.80988
3934.24	1.81026
3936.03	1.81071
3938.11	1.81085
3940.21	1.81099
3942.06	1.81136
3944.14	1.81149
3946.17	1.81214
3948.11	1.81228
3950.07	1.81269
3952.11	1.81296
3954.16	1.81321
3956.19	1.81382
3958.06	1.81413
3959.98	1.81438
3962.13	1.81466
3964.2	1.81455
3966.02	1.81515
3968.05	1.81543
3970.09	1.81568
3972.26	1.81583
3974.14	1.81625
3976.05	1.81648
3978.14	1.81666
3979.99	1.81699
3982.13	1.81739
3984.08	1.81754
3986.16	1.81795
3988.08	1.81802
3990.01	1.81865
3992.16	1.81885
3994.16	1.81895
3995.96	1.81939
3998.03	1.81982
4000.14	1.82024
4002.18	1.82041
4003.96	1.82043
4006.06	1.82088
4008.07	1.82096
4010.14	1.82141
4011.92	1.8216
4014.11	1.82172
4016.17	1.82208
4017.99	1.82239
4020.06	1.82261
4022.12	1.823
4024.16	1.8233
4025.96	1.82308
4028.02	1.82353
4030.03	1.82407
4032.16	1.82419
4033.99	1.82437
4036.07	1.82473
4038.14	1.82486
4040.18	1.82511
4041.98	1.82527
4044.09	1.82557
4046.08	1.82566
4048.15	1.82604
4050.06	1.82617
4052.04	1.82658
4054.19	1.82696
4055.92	1.82689
4058.05	1.82716
4060.02	1.82759
4062.14	1.8278
4063.96	1.8278
4066.05	1.82819
4068.07	1.82868
4070.15	1.8288
4071.98	1.82918
4074.08	1.8294
4076.07	1.82956
4078.12	1.82997
4080.01	1.82976
4082.07	1.83001
4084.13	1.83017
4086.14	1.83075
4087.99	1.83085
4089.98	1.83106
4092.11	1.83116
4094.05	1.83154
4095.96	1.83177
4098.03	1.83203
4100.07	1.83203
4101.96	1.83214
4104.04	1.83253
4106.12	1.83282
4108.08	1.83281
4109.97	1.833
4112.03	1.83318
4114.07	1.83369
4116.12	1.83385
4118.01	1.83388
4120	1.83409
4122.18	1.83444
4124.15	1.8348
4125.95	1.83475
4128.07	1.83504
4130.03	1.835
4132.18	1.83533
4133.99	1.83549
4136.1	1.83571
4138.12	1.83611
4139.9	1.83613
4142.01	1.83635
4144.03	1.83647
4146.12	1.83689
4147.93	1.83682
4150.02	1.83697
4152.14	1.83717
4154.13	1.83752
4156.02	1.83767
4158.07	1.83805
4160.11	1.83801
4162.15	1.83824
4164.03	1.8383
4166.06	1.8384
4168.09	1.83854
4170.14	1.83877
4172.02	1.83927
4174.05	1.83933
4176.13	1.83975
4177.97	1.83976
4180.02	1.84
4182	1.84
4184.15	1.84011
4185.99	1.8406
4188	1.8405
4190.09	1.84057
4192.08	1.8409
4193.95	1.84146
4196.02	1.84148
4198.08	1.84171
4200.13	1.84135
4201.97	1.84192
4204.07	1.8423
4206.03	1.84204
4208.11	1.84212
4210.02	1.84225
4212.09	1.84272
4214.05	1.84266
4215.9	1.84296
4217.98	1.8433
4220.04	1.84338
4222.11	1.84343
4224	1.84372
4226	1.84376
4228.07	1.84407
4230.14	1.8443
4231.98	1.84442
4234.04	1.8443
4236.09	1.84473
4238.16	1.84466
4240	1.84487
4242.04	1.84484
4244.08	1.84527
4246.06	1.84541
4248	1.84534
4250.04	1.84583
4252.02	1.84604
4253.99	1.84635
4256	1.84628
4258.07	1.84649
4260.12	1.84652
4262.01	1.84646
4263.99	1.84685
4266.05	1.84701
4268.12	1.84728
4270.01	1.84731
4272.06	1.84757
4274.02	1.84761
4276.06	1.84779
4277.91	1.84772
4280	1.84799
4282.05	1.84833
4284.13	1.84834
4286.01	1.84885
4288.03	1.84868
4290.08	1.84905
4291.91	1.8489
4294.05	1.84923
4296.06	1.8493
4298.12	1.84978
4299.9	1.84959
4301.97	1.84986
4304.02	1.84992
4306.09	1.8502
4307.92	1.85014
4309.99	1.85041
4312.09	1.85023
4314.12	1.85115
4315.96	1.85082
4318.05	1.85112
4320.07	1.85094
4322.12	1.85098
4324.01	1.8513
4326.02	1.85148
4328.06	1.85139
4330.13	1.85182
4332.02	1.85178
4334.04	1.85175
4336.09	1.85193
4337.94	1.8522
4340.01	1.85263
4342.06	1.8527
4344.06	1.85264
4345.95	1.85283
4348.01	1.8527
4350.14	1.85307
4352.12	1.85315
4353.94	1.85344
4355.97	1.85341
4358.01	1.85358
4360.09	1.85413
4361.95	1.85387
4364	1.85416
4366.01	1.85401
4368.11	1.85413
4369.95	1.85434
4372	1.85455
4374.08	1.85489
4375.94	1.85522
4377.98	1.85474
4380.05	1.85495
4382.08	1.85519
4383.93	1.85536
4385.98	1.85567
4388.04	1.8557
4390.09	1.85569
4391.88	1.85599
4394.01	1.85604
4396.01	1.856
4398.15	1.85616
4400.01	1.85619
4402.02	1.85634
4404.05	1.85645
4406.12	1.85651
4408.01	1.85657
4410	1.85685
4412.04	1.85718
4413.95	1.85682
4415.98	1.85711
4418.04	1.85689
4420.11	1.85741
4421.95	1.85745
4424.03	1.85737
4425.99	1.85736
4428.03	1.85818
4429.96	1.85802
4431.96	1.85823
4434.06	1.85795
4436.09	1.8583
4437.96	1.85848
4440.02	1.85844
4442.07	1.85903
4444.13	1.85852
4446.01	1.85879
4447.99	1.85883
4450.09	1.85888
4451.91	1.85907
4453.96	1.85906
4456	1.85941
4458.09	1.85919
4459.96	1.85972
4462	1.85976
4464.03	1.85955
4466.14	1.85997
4467.95	1.8598
4470.05	1.86
4472.04	1.86018
4474.07	1.86026
4475.97	1.86038
4477.98	1.8606
4479.98	1.86071
4482.04	1.86076
4483.95	1.86092
4486.03	1.86106
4488.05	1.86098
4490.09	1.86108
4491.99	1.86106
4494.08	1.86132
4496.05	1.86124
4497.92	1.86166
4500.03	1.86145
4502.06	1.86173
4504.08	1.86179
