Frequency - Phase	Phase - Phase
1811.62	110.87
1801.96	21.711
1804	21.7054
1806.09	21.7217
1808.08	21.69
1809.91	-217.494
1812.03	-217.497
1814.03	21.5346
1816.16	21.5537
1817.91	21.5162
1820.04	21.5025
1822.1	21.4579
1824.17	21.4819
1825.99	21.4239
1828.03	21.2649
1830.06	21.4026
1831.91	21.3463
1834.02	21.3166
1836.02	21.2738
1838.04	21.3278
1839.97	21.2174
1842	21.1623
1844.06	21.2055
1846.16	-217.945
1847.98	-217.909
1850.05	-217.983
1852.08	21.1392
1854.13	21.1026
1855.96	21.1393
1858.08	-218.047
1860.05	21.0412
1862.15	21.056
1863.97	20.8519
1866.09	20.9601
1868.05	-218.156
1869.98	-218.269
1872.01	20.7456
1874.02	20.8597
1876.06	20.8619
1878.01	20.807
1880.02	-218.393
1882.02	-218.317
1884.08	20.7054
1885.84	20.6626
1888.02	20.7147
1890.07	20.7168
1892.14	-218.493
1893.92	20.6573
1895.99	20.4988
1898.07	-218.608
1900.1	20.4949
1901.99	-218.688
1903.96	20.4015
1906.07	20.5122
1907.94	-218.648
1909.92	-218.749
1912.05	20.2973
1914.06	-218.723
1915.95	20.1791
1917.95	20.1925
1919.98	-218.834
1922.06	20.2819
1923.89	20.1687
1925.97	20.1016
1928	20.1902
1930.04	20.2084
1931.89	20.1743
1934.01	20.0875
1936.07	19.9626
1938.08	19.9254
1939.93	20.0191
1942.03	19.8397
1944.04	19.8717
1946.16	19.7915
1947.92	-219.198
1950	19.7398
1952	19.7459
1953.94	19.7745
1955.97	19.7045
1957.92	-219.372
1960.05	19.7877
1961.92	19.6075
1963.96	19.5729
1965.93	-219.506
1968.12	-219.486
1969.91	-219.583
1971.96	19.4523
1974.01	19.402
1976.14	19.4035
1977.98	-219.575
1979.99	19.3065
1982.02	19.3542
1984.04	19.2916
1986.03	-219.882
1988.02	-219.87
1990	19.246
1991.86	-219.772
1994.03	19.1407
1996.08	-219.975
1998.09	19.0387
1999.92	19.0392
2001.93	18.9888
2003.9	19.0074
2006.11	18.8223
2007.98	18.9067
2009.88	139.747
2012	139.816
2013.99	139.747
2015.84	18.7961
2017.92	18.775
2019.88	18.7466
2022.07	18.7275
2023.91	18.6433
2025.9	18.6336
2027.96	18.5525
2029.85	139.621
2031.79	18.5843
2034.05	18.4412
2036.04	18.4272
2037.88	18.495
2039.93	18.3962
2041.91	18.2656
2043.95	18.3279
2045.8	18.2933
2047.83	18.2449
2049.9	18.2185
2052.01	18.2287
2053.87	18.1486
2055.88	18.0782
2057.96	18.0398
2060.04	139.046
2061.91	18.0146
2063.94	17.9658
2065.97	17.97
2067.79	17.8662
2069.91	17.8223
2071.95	17.6971
2073.92	138.765
2075.93	138.794
2077.82	17.7846
2079.89	17.6537
2082.02	17.5967
2083.85	17.5372
2085.95	17.5368
2087.94	138.482
2090.01	17.4875
2091.78	17.4899
2093.86	17.4398
2095.93	138.328
2098.08	138.404
2099.91	17.1358
2102.02	17.204
2104.04	17.159
2106.05	17.0149
2107.92	17.1354
2109.88	17.0926
2111.95	17.1511
2113.82	16.9835
2115.87	16.9563
2117.92	16.9038
2119.95	16.7525
2121.84	16.8356
2123.96	16.6271
2125.94	16.6108
2127.96	16.6436
2129.8	16.6791
2131.94	16.5359
2133.99	16.5567
2135.96	16.5841
2137.91	16.4566
2139.89	16.3557
2141.97	16.3642
2144	16.3859
2145.85	16.1973
2147.93	16.2503
2149.99	137.154
2151.77	16.0779
2153.92	137.103
2155.91	136.956
2157.95	16.0859
2159.8	15.8547
2161.81	136.996
2163.88	15.7977
2165.95	15.7793
2167.84	136.87
2169.82	15.7677
2171.97	136.734
2173.97	15.5511
2175.81	136.542
2177.93	15.5966
2179.92	136.63
2182.05	15.3887
2183.82	15.3648
2185.88	15.2495
2187.93	15.2044
2189.84	136.263
2191.87	136.173
2193.94	136.061
2195.91	136.011
2197.77	15.0361
2199.85	14.883
2201.83	14.8944
2203.89	14.8935
2205.85	135.904
2207.89	14.7622
2209.93	14.64
2211.95	14.572
2213.81	135.644
2215.86	14.5154
2217.94	14.5001
2219.98	135.506
2221.88	135.395
2223.84	14.293
2225.98	135.33
2227.78	135.306
2229.84	135.186
2231.87	14.076
2233.95	13.8681
2235.79	13.8662
2237.75	13.9407
2239.91	13.788
2241.95	13.7627
2243.78	13.7637
2245.84	13.6212
2247.95	134.676
2249.97	134.71
2251.88	134.56
2253.86	13.4009
2255.92	134.457
2257.93	13.2768
2259.82	13.1429
2261.87	13.1753
2263.93	134.134
2265.85	13.0996
2267.83	134.158
2269.87	134.101
2271.92	12.8693
2273.83	12.8062
2275.83	12.7248
2277.85	12.5051
2279.99	12.6658
2281.84	12.5801
2283.87	12.4658
2285.93	12.4439
2288.02	12.301
2289.88	12.2829
2291.86	12.2292
2295.97	12.0515
2297.88	11.8844
2299.92	133.04
2303.97	11.7549
2305.84	11.6706
2307.88	132.739
2309.97	11.4856
2311.82	11.3687
2313.84	11.4306
2315.97	11.2992
2318	11.1495
2319.83	132.544
2321.91	11.2113
2323.92	132.276
2325.92	11.0209
2327.81	10.8753
2329.97	132.068
2331.93	10.7217
2333.96	131.939
2335.88	10.6308
2337.95	10.5512
2339.94	10.3836
2341.97	10.3254
2343.9	10.179
2345.94	10.1108
2347.99	10.0458
2349.82	10.0355
2351.83	9.97686
2353.89	9.91532
2355.99	131.055
2357.85	131.003
2359.88	9.50167
2361.92	9.51576
2364	130.707
2365.86	9.41531
2367.92	9.29275
2369.91	9.16526
2371.97	9.07833
2373.88	8.94385
2375.9	8.92982
2377.94	8.73354
2380.05	8.68093
2381.95	8.63511
2383.94	8.49225
2386.01	8.43002
2387.86	8.34297
2389.89	8.33236
2392	129.556
2393.97	8.0555
2395.83	129.341
2397.94	7.94713
2399.97	7.70961
2402.03	7.55026
2403.97	128.989
2405.94	128.873
2408.01	7.33351
2409.99	7.16453
2411.84	7.1939
2413.94	7.00936
2416.06	6.91757
2418.05	6.9045
2420	6.73056
2421.99	128.104
2424.04	128.008
2425.89	6.55785
2427.94	6.32165
2430.03	127.748
2432.05	6.11534
2433.91	5.99616
2435.89	5.8945
2438.04	5.84635
2440.04	127.221
2441.89	5.51312
2443.91	127.032
2446.05	126.946
2448.11	5.22129
2452.07	5.07039
2454.06	4.92506
2456.05	4.75619
2458.02	4.64711
2460.07	4.60252
2462.09	126.035
2463.91	4.33574
2466.01	4.21361
2468	125.725
2470.12	125.511
2471.99	3.84538
2474.03	3.71931
2476.1	125.228
2478.14	3.4968
2479.9	3.35206
2482.03	124.963
2484.13	3.11628
2486.08	3.08361
2486.15	2.97038
2490.05	2.76385
2492.08	2.60108
2494.18	2.53069
2496.02	124.106
2498.13	2.23543
2500.07	2.07554
2502.17	1.9367
2504.11	1.7624
2506.17	1.63962
2508.13	1.56917
2510.12	1.46018
2512.11	1.17537
2514.08	1.10868
2516.07	0.964943
2518.08	122.61
2520.04	122.483
2522.26	0.568182
2524.25	0.442015
2526.05	0.301602
2528.1	0.181007
2530.19	121.813
2532.22	-0.103506
2534.14	-0.261481
2536.22	-0.416987
2538.16	-0.633405
2540.3	-0.676904
2542.19	-0.966797
2544.09	-0.953589
2546.24	-1.29308
2548.19	-1.38321
2550.15	-1.43446
2552.3	-1.61868
2554.3	-1.8648
2556.16	-1.99331
2558.2	-2.06944
2560.19	-2.24998
2562.33	-2.43934
2564.2	-2.53552
2566.17	-2.74057
2568.36	-2.90307
2570.31	-3.01916
2572.23	-3.27884
2574.16	-3.3445
2576.36	-3.58479
2578.39	-3.68553
2580.26	-3.80766
2582.32	-3.96844
2584.34	-4.13578
2586.2	-242.112
2588.25	-4.41641
2590.29	-4.55598
2592.35	-4.68252
2594.24	-242.692
2596.2	-242.805
2598.39	-243.004
2600.34	-243.088
2602.3	-5.5219
2604.31	-5.70338
2606.5	-243.639
2608.5	-5.97059
2610.31	-243.918
2612.46	-244.022
2614.4	-244.27
2616.51	-6.60144
2618.35	-6.78193
2620.48	-6.85576
2622.56	-7.1235
2624.4	-7.28824
2626.38	-7.39749
2628.44	-7.45419
2630.49	-7.70319
2632.42	-7.78847
2634.36	-7.96235
2636.56	-8.05552
2638.53	-8.29749
2640.52	-245.985
2642.53	-8.70764
2644.46	-8.6394
2646.68	-246.46
2648.45	-8.98777
2650.59	-9.11261
2652.55	-246.667
2654.71	-9.3726
2656.64	-9.48884
2658.63	-9.63176
2660.57	-9.82093
2662.58	-9.73821
2664.55	-10.0306
2666.7	-10.0869
2668.8	-10.2024
2670.83	-10.37
2672.35	-10.4121
2674.75	-10.5832
2676.76	-10.5818
2678.5	-10.6332
2680.88	111.874
2682.75	-10.8682
2684.86	-11.0132
2686.62	-11.0696
2688.73	-11.0419
2690.78	-11.083
2692.82	-11.1202
2694.96	111.545
2696.86	-11.2643
2698.78	-11.2565
2700.82	-11.3789
2702.87	-11.2903
2704.95	-11.2293
2706.79	-11.2669
2708.85	-11.408
2710.95	-11.5292
2712.95	-11.347
2715.19	111.556
2716.85	-11.2796
2719.08	111.782
2720.99	111.782
2723.16	-11.0729
2724.68	-10.9596
2727.17	-11.1855
2729.01	-10.7867
2730.88	-10.5764
2732.86	-10.541
2735.13	112.605
2737.35	-10.3314
2739.3	112.943
2740.99	-9.81914
2743.16	-9.62672
2745.21	113.628
2747.14	-9.18662
2749.07	114.215
2751.18	-8.62877
2753.26	-8.34361
2755.2	-8.02793
2757.19	-7.60981
2759.4	-7.33848
2761.34	-6.76423
2763.23	-6.42761
2765.39	-6.06973
2767.25	-5.43836
2769.37	-4.92886
2771.5	118.641
2773.38	-3.93315
2775.31	-3.3471
2777.51	-2.70598
2779.21	121.196
2780.92	-1.27799
2783.42	-0.690489
2785.27	0.012466
2787.23	0.782937
2789.24	1.72971
2791.37	125.749
2793.17	3.28356
2795.12	4.28389
2797.15	128.52
2799.16	129.538
2800.98	130.621
2802.76	8.43615
2804.61	132.854
2807.21	133.821
2808.8	11.7203
2810.83	12.9538
2812.29	14.4421
2814.81	15.4587
2816.47	16.7121
2818.41	18.0944
2820.35	19.573
2822.14	144.166
2824.28	22.1133
2825.96	23.7475
2828.1	25.0415
2830.12	26.3128
2831.85	151.227
2833.61	29.3826
2835.9	154.099
2837.44	32.2022
2839.27	33.6726
2841.24	158.505
2843.08	36.5684
2844.93	37.9449
2847.23	39.402
2848.94	40.7377
2851.06	42.1905
2852.61	43.4942
2854.64	44.613
2857.01	45.8889
2858.87	47.1533
2860.77	48.2278
2862.61	49.553
2864.32	50.5448
2866.24	51.7172
2868.4	52.7264
2870.43	53.7447
2872.32	54.7022
2874.32	55.6291
2876.35	56.5639
2878.15	57.4773
2880.35	58.2971
2882.44	59.1011
2884.33	59.9653
2886.2	60.772
2888.47	61.4559
2890.29	62.0365
2892.16	62.7673
2894.38	63.3991
2896.39	187.256
2898.14	187.736
2900.15	65.1902
2902.32	65.6382
2904.33	189.278
2906.45	189.791
2908.45	190.234
2910.22	67.5385
2912.32	68.0209
2914.47	68.3647
2916.56	68.6694
2918.53	69.0703
2920.35	69.4956
2922.6	69.8404
2924.35	193.414
2926.61	70.2762
2928.44	70.7043
2930.29	70.9515
2932.67	71.2092
2934.56	194.615
2936.45	71.6716
2938.61	71.7768
2940.59	195.161
2942.57	72.1968
2944.41	72.4729
2946.65	72.5884
2948.81	72.7432
2950.51	72.9766
2952.73	-164.014
2954.66	73.1528
2956.81	73.2872
2958.72	73.3425
2960.85	73.461
2962.74	-163.37
2964.7	-163.209
2966.63	-163.179
2968.81	73.8009
2970.88	73.8825
2973.09	-163.029
2974.8	74.054
2976.88	74.035
2979.13	74.0959
2980.97	74.2194
2983.01	74.3006
2984.95	74.2811
2987.08	74.3319
2988.94	74.3664
2990.88	74.4198
2993.01	74.372
2995.02	74.4062
2996.87	74.3754
2999.06	74.4487
3001.1	74.4522
3003.2	74.3573
3004.97	74.3802
3007.16	74.3301
3009.16	74.3773
3011.26	74.2899
3013.06	74.2905
3015.19	74.2417
3017.23	74.1564
3019.4	74.2661
3021.19	74.1503
3023.18	-163.059
3025.36	74.0507
3027.08	-163.074
3029.29	-163.174
3033.29	73.9318
3035.31	73.8821
3037.31	-163.504
3039.28	-163.322
3041.38	73.7612
3043.17	73.7449
3045.32	73.7232
3047.38	-163.654
3049.47	73.4456
3051.34	73.456
3053.36	73.4392
3055.44	73.3749
3057.52	73.3594
3059.35	73.3239
3061.52	73.1274
3063.47	73.1377
3065.38	72.9392
3067.4	72.9472
3069.57	72.8576
3071.48	72.8225
3073.39	72.731
3075.54	72.6603
3077.5	72.6192
3079.59	72.4955
3081.55	72.4482
3083.57	72.3915
3085.58	72.3587
3087.54	72.2369
3089.54	72.1336
3091.57	72.0312
3093.6	71.9603
3095.76	71.834
3097.53	71.8965
3099.68	71.6149
3101.64	71.7036
3103.56	71.5445
3105.7	71.4357
3107.68	71.4151
3109.59	-166.095
3111.51	71.1784
3113.56	71.2382
3115.77	71.061
3117.8	70.9865
3119.58	70.7836
3123.78	70.6851
3125.79	70.6694
3127.67	70.5665
3129.81	70.4375
3131.79	70.4246
3133.75	70.3766
3135.54	-167.406
3137.73	70.0975
3139.75	70.0479
3141.75	69.9546
3143.64	69.9366
3145.75	69.8234
3147.88	69.7966
3149.78	69.6091
3151.74	69.5828
3153.81	69.3961
3155.9	-168.442
3157.71	69.218
3159.77	69.1747
3161.8	69.027
3163.89	69.0215
3165.82	68.9497
3167.73	68.801
3169.8	68.7167
3171.9	68.6584
3173.84	68.4754
3175.82	68.4888
3177.91	68.2744
3179.77	68.2685
3181.83	68.164
3183.86	68.1667
3187.82	67.8688
3189.84	67.8084
3191.87	-170.081
3193.9	67.676
3197.9	67.6066
3199.94	67.5388
3201.99	67.3161
3203.82	-170.618
3205.87	-170.649
3207.93	67.1392
3210.01	-171.009
3211.88	67.01
3214.01	66.9226
3216.02	66.8019
3218.08	66.6927
3219.87	66.5046
3221.9	66.5422
3224.07	66.3385
3225.92	66.2921
3228.02	66.2698
3229.99	66.2422
3232.03	-171.782
3233.86	66.0597
3235.92	65.9622
3238.05	65.9389
3240.06	-172.216
3242	65.6287
3243.98	-172.396
3246.08	65.5953
3248.18	65.5276
3250.06	65.3999
3252.03	65.245
3254.09	65.1973
3256.04	65.1682
3258.02	65.1042
3260.05	-172.948
3262.13	64.9459
3264.11	64.8573
3266.07	64.7371
3268.05	64.6791
3270.19	64.6574
3272.11	64.5376
3276.07	-173.83
3278.19	64.3516
3280.08	64.2207
3282.02	-174.16
3284.08	64.0702
3286.22	63.9738
3288.03	63.9244
3290.11	63.8469
3292.19	63.7097
3294.21	-174.569
3296.16	-174.669
3298.11	-174.606
3300.23	63.4734
3302.05	63.2972
3304.15	-174.979
3306.06	63.2482
3308.13	63.1749
3310.23	63.025
3312.19	63.068
3314.22	62.9029
3316.23	-175.406
3318.12	62.7529
3320.3	62.62
3322.22	62.6521
3324.17	62.7428
3326.12	-175.705
3328.22	62.3372
3330.22	62.3885
3332.39	62.2837
3333.96	184.112
3336.06	62.1986
3338.01	62.2288
3339.87	62.1577
3341.91	62.0078
3344.04	183.668
3345.99	183.689
3347.99	61.8462
3350.01	183.561
3351.94	61.7108
3354.16	61.7089
3355.97	61.5388
3358	61.5843
3360.12	61.4518
3362.17	61.3498
3364.03	61.3596
3366.04	61.2588
3368.06	61.2469
3370.09	61.1796
3371.93	61.0981
3374.12	60.9947
3376.08	182.622
3378.01	60.8705
3379.99	60.8236
3382.08	60.7113
3384.06	60.6936
3385.99	182.244
3388.07	60.4809
3390.03	60.5034
3392.11	60.3666
3393.95	60.4268
3396	60.2826
3398.08	60.129
3400.05	60.1045
3402.06	60.0078
3404.11	60.0134
3406.08	60.0054
3408.21	59.9755
3410.1	59.8045
3412.02	59.8153
3414.07	59.7567
3416.1	59.7295
3417.99	59.793
3420.05	59.5002
3422.11	59.481
3423.97	59.4263
3426.06	59.3693
3428.11	59.4139
3430.05	59.3839
3431.99	59.1553
3434.02	59.1278
3436.13	59.154
3438.2	59.0483
3440.1	180.62
3442.17	58.9155
3444.08	58.8787
3446.15	58.7746
3448.07	58.8201
3450.01	58.738
3452.13	58.6477
3454.19	58.603
3456.08	58.6743
3458.11	58.5936
3460.11	58.421
3461.99	58.3529
3464.04	58.2504
3466.07	58.2085
3468.19	58.1869
3470.07	58.197
3472.12	58.0869
3474.2	58.0779
3476.18	58.0705
3478.1	57.9008
3480.08	57.8725
3482.19	57.9971
3484.06	57.9
3486.02	57.8059
3488.13	57.7321
3490.17	57.699
3492.22	57.4491
3494.19	57.5134
3496.04	57.3985
3498.22	57.3785
3500.12	57.3416
3502.11	57.3234
3504.14	57.4611
3506.26	57.2511
3508.1	57.0929
3510.15	57.0749
3512.19	57.0432
3514.2	57.0895
3516.05	57.0062
3518.1	56.9637
3520.14	56.8449
3522.27	56.8077
3524.08	56.7494
3526.15	56.6674
3528.23	56.6479
3530.14	178.092
3532.09	56.5491
3534.2	56.553
3536.19	56.511
3538.17	56.4779
3540.17	56.3945
3542.14	56.3311
3544.19	56.2875
3546.12	56.2205
3548.14	56.2368
3550.18	56.2103
3552.18	56.0531
3554.09	56.0568
3556.1	55.9538
3558.14	56.0025
3560.21	55.8941
3562.12	55.8842
3564.21	55.8311
3566.22	55.7352
3568.28	55.7967
3570.07	55.7873
3572.18	55.6923
3574.16	176.962
3576.25	55.677
3578.03	55.5667
3580.21	55.4985
3582.29	55.3699
3584.08	55.4754
3586.09	55.3104
3588.2	55.2835
3590.19	55.3019
3592.09	55.2441
3594.16	55.277
3596.17	55.2335
3598.26	55.1765
3600.13	55.1855
3602.19	54.9465
3604.24	55.0504
3606.22	54.9977
3608.08	54.8633
3610.17	54.956
3612.23	54.8434
3614.22	54.8097
3616.12	176.069
3618.16	54.7499
3620.22	54.6158
3622.08	54.6127
3624.09	175.869
3626.16	54.5879
3628.16	54.5417
3630.09	54.4306
3632.12	54.4231
3634.17	175.764
3636.24	54.358
3638.13	54.3005
3640.13	54.3132
3642.25	54.1924
3644.22	175.465
3646.13	54.1607
3648.17	54.128
3650.19	54.0847
3652.28	175.356
3654.11	53.9927
3656.16	53.9947
3658.22	54.029
3660.06	53.8865
3662.15	53.8816
3664.25	53.8246
3666.22	53.7916
3668.14	53.7305
3670.19	53.8223
3672.19	53.7202
3674.26	174.912
3676.15	53.6015
3678.18	174.853
3680.2	53.4853
3682.3	53.4654
3684.21	53.4722
3686.2	53.404
3688.18	-185.328
3690.3	53.3081
3692.1	53.2888
3694.2	53.2507
3696.26	53.2351
3698.15	53.2121
3700.11	-185.47
3702.23	53.1133
3704.21	53.0861
3706.12	53.1836
3708.16	53.0683
3710.24	53.016
3712.29	53.0212
3714.13	52.8905
3716.16	-185.904
3718.17	-186.031
3720.24	-185.987
3722.1	52.7243
3724.2	52.8629
3726.24	52.7296
3728.26	52.7388
3730.09	52.7795
3732.18	-186.217
3734.2	-186.181
3736.14	52.4939
3738.15	52.5009
3740.23	52.4782
3742.22	52.425
3744.07	52.4951
3746.17	52.2967
3748.22	-186.366
3750.24	52.3674
3752.12	52.3066
3756.19	52.2799
3758.22	52.2298
3760.12	52.2525
3762.22	52.1717
3764.19	52.0868
3766.32	52.0159
3768.11	-186.828
3770.2	51.9309
3772.27	51.9532
3774.3	51.9414
3776.13	-186.95
3778.24	51.9222
3780.28	51.912
3782.1	51.8929
3784.15	-187.085
3786.17	51.8156
3790.13	51.7445
3792.11	51.8647
3794.21	51.6617
3796.25	51.646
3798.14	51.5073
3800.18	51.6055
3802.2	51.6088
3804.26	51.4981
3806.14	51.3156
3808.11	-187.374
3810.28	51.5087
3812.28	51.395
3814.1	51.3849
3816.17	51.2868
3818.3	51.2947
3818.21	51.2715
3822.16	51.2118
3824.23	51.2677
3826.26	51.3532
3828.09	51.208
3830.2	51.1927
3832.19	51.1035
3834.27	50.9953
3836.13	51.1126
3838.14	51.0464
3840.21	51.085
3842.19	50.973
3844.17	50.9953
3846.15	50.9632
3848.15	50.9626
3850.21	50.901
3852.18	50.9625
3854.2	50.8506
3856.23	50.8114
3858.09	50.7398
3860.09	50.7922
3862.21	50.7988
3864.16	-188.098
3866.02	50.6596
3868.15	50.685
3870.15	50.6844
3872.2	50.5628
3874.09	50.564
3876.14	50.5919
3878.2	50.5411
3880.26	50.469
3882.04	50.6667
3884.11	-188.44
3886.21	50.4192
3888.15	50.4288
3890.13	50.4173
3892.14	50.3217
3894.17	50.3452
3895.99	50.3334
3898.06	50.3175
3900.07	50.3208
3902.21	50.1407
3904.06	50.1755
3906.1	-188.81
3908.14	50.2423
3910.22	50.16
3911.99	50.1524
3914.04	50.0891
3916.17	50.0957
3918.18	50.1148
3920.11	49.9778
3922.14	-188.718
3924.15	49.9408
3926.17	49.768
3928.08	49.83
3930.17	49.8998
3932.18	49.8336
3934.24	49.8504
3936.03	49.9287
3938.11	49.8409
3940.21	49.7472
3942.06	49.7756
3944.14	49.8019
3946.17	49.6968
3948.11	49.7795
3950.07	-189.27
3952.11	49.7536
3954.16	49.6137
3956.19	49.635
3958.06	49.6072
3959.98	49.6067
3962.13	49.5588
3964.2	49.516
3966.02	49.4479
3968.05	49.3563
3970.09	-189.378
3972.26	49.3937
3974.14	49.2944
3976.05	49.5242
3978.14	49.4079
3979.99	49.3991
3982.13	49.3099
3984.08	49.3851
3986.16	49.1425
3988.08	49.2245
3990.01	49.2902
3992.16	49.2783
3994.16	49.167
3995.96	49.1167
3998.03	49.1159
4000.14	49.0982
4002.18	170.255
4003.96	49.1584
4006.06	48.9302
4008.07	49.0987
4010.14	169.931
4011.92	49.1336
4014.11	48.8889
4016.17	48.9632
4017.99	48.9334
4020.06	169.981
4022.12	48.8598
4024.16	48.8764
4025.96	48.8687
4028.02	48.9823
4030.03	48.8548
4032.16	48.9001
4033.99	48.8111
4036.07	48.7251
4038.14	48.7723
4040.18	48.7955
4041.98	48.8462
4044.09	48.6806
4046.08	48.7318
4048.15	48.7262
4050.06	48.6559
4052.04	48.6553
4054.19	48.5613
4055.92	48.5965
4058.05	48.6399
4060.02	48.5479
4062.14	48.4976
4063.96	48.4872
4066.05	48.5276
4068.07	48.4039
4070.15	48.5356
4071.98	48.3717
4074.08	48.3487
4076.07	48.4563
4078.12	48.3285
4080.01	48.366
4082.07	48.2322
4084.13	48.3392
4086.14	48.2894
4087.99	48.3928
4089.98	48.3453
4092.11	48.2979
4094.05	48.2483
4095.96	48.3456
4098.03	169.255
4100.07	48.224
4101.96	48.2298
4104.04	48.0094
4106.12	48.1427
4108.08	48.0429
4109.97	48.1694
4112.03	48.0403
4114.07	48.1053
4116.12	47.9929
4118.01	48.0049
4120	47.9317
4122.18	47.9943
4124.15	48.0027
4125.95	48.009
4128.07	47.9628
4130.03	47.9707
4132.18	47.8275
4133.99	47.9041
4136.1	47.8223
4138.12	47.7486
4139.9	47.7971
4142.01	47.8392
4144.03	47.9763
4146.12	47.8428
4147.93	47.8088
4150.02	47.796
4152.14	47.7469
4154.13	47.6797
4156.02	47.6848
4158.07	47.6633
4160.11	168.847
4162.15	47.7321
4164.03	47.6833
4166.06	47.7315
4168.09	47.65
4170.14	47.5308
4172.02	47.571
4174.05	47.5684
4176.13	47.5279
4177.97	47.5105
4180.02	47.6175
4182	168.444
4184.15	47.505
4185.99	47.5101
4188	47.5888
4190.09	47.456
4192.08	47.4027
4193.95	47.4888
4196.02	47.4053
4198.08	47.4341
4200.13	47.3579
4201.97	47.3926
4204.07	47.2468
4206.03	47.3924
4208.11	47.4118
4210.02	47.3142
4212.09	47.3161
4214.05	47.3624
4215.9	168.155
4217.98	47.3215
4220.04	47.3167
4222.11	47.0434
4224	47.1945
4226	47.1813
4228.07	47.185
4230.14	47.0504
4231.98	47.1647
4234.04	47.1716
4236.09	47.1261
4238.16	46.9799
4240	47.0714
4242.04	167.971
4244.08	46.9972
4246.06	47.1185
4248	46.989
4250.04	47.0654
4252.02	47.0841
4253.99	47.1014
4256	46.9992
4258.07	46.8897
4260.12	46.9626
4262.01	46.8859
4263.99	47.0132
4266.05	46.9123
4268.12	46.8408
4270.01	46.8622
4272.06	46.7831
4274.02	46.8886
4276.06	46.8503
4277.91	46.8094
4280	46.8548
4282.05	46.743
4284.13	46.794
4286.01	167.754
4288.03	46.8258
4290.08	46.6054
4291.91	46.7956
4294.05	46.618
4296.06	46.7441
4298.12	46.7146
4299.9	46.7041
4301.97	46.7412
4304.02	46.6949
4306.09	46.6217
4307.92	46.604
4309.99	46.5592
4312.09	46.6086
4314.12	46.6511
4315.96	46.4563
4318.05	46.576
4320.07	46.4641
4322.12	46.4954
4324.01	167.441
4326.02	46.4927
4328.06	46.3718
4330.13	167.421
4332.02	46.5519
4334.04	167.351
4336.09	46.3312
4337.94	46.4502
4340.01	46.4756
4342.06	46.4507
4344.06	46.4759
4345.95	46.4132
4348.01	46.3648
4350.14	46.2506
4352.12	46.2904
4353.94	46.2888
4355.97	46.2827
4358.01	46.4165
4360.09	46.2732
4361.95	46.2065
4364	46.2733
4366.01	46.3851
4368.11	46.2376
4369.95	46.2337
4372	46.2704
4374.08	46.1309
4375.94	46.1547
4377.98	167.076
4380.05	46.0821
4382.08	46.2457
4383.93	46.1734
4385.98	46.1311
4388.04	46.122
4390.09	46.1551
4391.88	45.9717
4394.01	46.2349
4396.01	46.1803
4398.15	45.9578
4400.01	45.9605
4402.02	46.0562
4404.05	46.0164
4406.12	46.0765
4408.01	45.9923
4410	-193.021
4412.04	46.041
4413.95	45.9256
4415.98	45.8477
4418.04	45.9363
4420.11	45.9812
4421.95	45.9488
4424.03	45.9342
4425.99	46.0078
4428.03	45.8329
4429.96	45.9917
4431.96	45.8796
4434.06	-193.26
4436.09	45.8177
4437.96	-193.228
4440.02	45.8714
4442.07	45.852
4444.13	45.7925
4446.01	45.6507
4447.99	-193.276
4450.09	45.856
4451.91	45.7959
4453.96	45.6826
4456	45.7766
4458.09	45.7118
4459.96	45.776
4462	45.7514
4464.03	45.7924
4466.14	45.6968
4467.95	45.6919
4470.05	45.7343
4472.04	45.7733
4474.07	45.7015
4475.97	45.6535
4477.98	45.6384
4479.98	-193.448
4482.04	45.6555
4483.95	45.6709
4486.03	45.6238
4488.05	45.6184
4490.09	45.4866
4491.99	45.5371
4494.08	45.4774
4496.05	45.5479
4497.92	45.5439
4500.03	45.6384
4502.06	45.4736
4504.08	45.432
