Frequency - Phase	Phase - Phase
1800.03	131.198
1801.01	30.1265
1801.98	30.0663
1803.08	-209.886
1803.98	30.1207
1805.16	-209.752
1806.09	-209.884
1807.01	29.9795
1808.12	-209.918
1809.04	30.0334
1809.96	30.0956
1811.09	-209.916
1812	29.9601
1812.93	30.1209
1814.14	30.105
1814.98	30.1342
1816.09	30.09
1817.05	-209.891
1817.96	-209.946
1819.08	30.0424
1820.07	30.0222
1820.96	30.118
1822.08	30.1135
1823.05	29.972
1824.1	29.9366
1825.04	30.0027
1825.97	29.9225
1827.14	-209.958
1828.03	29.9487
1828.96	30.0067
1830.11	29.9815
1831.05	30.0158
1831.98	-209.921
1833.08	30.0022
1834.04	30.1022
1835.11	29.9851
1836.01	30.015
1836.94	-209.923
1838.16	-209.836
1838.96	30.1074
1840	30.1554
1841.16	29.9638
1841.97	30.105
1843.13	30.117
1844.11	30.0038
1844.99	30.0683
1846.15	-209.893
1847.12	29.9608
1847.96	30.0063
1849.07	30.0856
1850.06	30.0233
1850.89	29.963
1852.07	30.0466
1853.04	-209.768
1854.06	29.9656
1855.07	29.944
1855.99	30.0904
1857.15	-209.819
1858.05	29.977
1858.96	30.031
1860.04	-209.85
1860.98	-209.808
1862.13	29.9648
1863.11	29.9623
1864.09	-209.886
1865.13	29.8711
1866.01	-209.829
1866.95	29.9719
1868.08	29.9608
1869.05	30.0561
1869.92	30.113
1871.04	29.9875
1871.93	29.9707
1873.1	29.9687
1874	29.9795
1875.02	-209.932
1876.04	30.0113
1877.12	-209.923
1878	30.0728
1879	29.9894
1879.99	30.1697
1881.16	30.1205
1882.06	30.0622
1883.02	30.066
1884.16	-209.724
1885.05	29.9558
1885.97	-209.886
1887.14	30.0968
1888.02	29.9905
1888.92	30.0075
1890.07	30.0846
1890.98	29.8835
1892.08	29.9475
1893	30.0516
1893.91	-209.856
1895.11	30.0698
1896.01	-209.872
1896.91	29.9729
1898.02	29.9572
1898.95	30.0465
1900.16	-209.888
1901.2	30.0405
1902.02	-209.853
1903.13	29.9508
1904.1	30.1317
1905	29.9984
1906.09	29.9802
1907.05	30.0922
1908.02	29.9458
1909.02	30.0076
1910.06	29.9749
1911.02	30.0313
1912.02	-209.858
1913.01	30.1224
1914.11	30.0588
1914.96	29.9737
1915.97	-209.782
1917	-209.951
1917.98	29.9451
1919.1	30.0931
1920.08	30.068
1921.03	29.9649
1921.99	29.9932
1923.02	30.065
1923.94	30.1071
1925.09	29.9915
1925.98	30.1368
1927.18	30.088
1928.08	-209.863
1929.04	-209.858
1930.09	29.9912
1931.08	-209.828
1931.94	-209.89
1933.05	30.1172
1934.05	-209.897
1934.96	30.0587
1936.06	-209.9
1936.98	30.1247
1938.15	30.0339
1939.08	30.05
1939.96	30.1521
1941.13	30.1237
1942.07	-209.844
1942.99	30.1246
1944.12	30.1175
1945.03	30.1458
1946.12	30.0341
1947.07	29.9407
1947.99	-209.833
1949.11	-209.881
1949.97	29.9784
1951.03	30.0881
1952.05	-209.871
1953.05	-209.911
1953.95	30.1361
1955.11	29.9866
1955.91	30.1042
1957.13	-209.866
1958.04	30.028
1959.03	29.9235
1960.07	29.9984
1961.05	-209.849
1961.91	-209.907
1963.12	-209.832
1963.95	30.1265
1965.18	30.0945
1966.01	30.1053
1966.97	-209.935
1968.21	30.0165
1969.05	30.0663
1969.9	29.9375
1971	30.0155
1971.99	30.1169
1972.98	30.1177
1974.09	29.9891
1974.97	29.9577
1976.08	29.977
1976.99	-209.921
1977.99	-209.767
1979.07	30.0504
1979.97	30.0831
1980.98	30.1352
1982.1	30.0234
1982.99	-209.873
1983.99	-209.869
1985.01	30.0183
1986.03	30.1175
1987.09	-209.897
1987.95	30.12
1988.9	30.1346
1990.05	-209.877
1990.9	30.1138
1991.91	30.0867
1993.07	30.0052
1993.93	30.045
1995.02	30.0079
1995.95	30.0987
1996.91	30.0772
1998.04	29.9526
1998.97	-209.74
1999.93	-209.84
2001.03	29.9573
2001.96	29.9875
2003.09	30.1326
2004.01	30.1417
2005.03	30.1446
2006.07	150.145
2007.02	29.9462
2008	30.0199
2009.09	150.147
2010.02	150.185
2010.9	30.146
2012.02	30.1118
2012.9	30.0072
2014.16	30.1002
2015.04	29.9951
2015.9	150.16
2017.05	29.9817
2017.98	30.147
2018.98	30.0715
2020.03	150.165
2020.99	150.222
2022.11	150.161
2023	30.0983
2024.03	29.9312
2025	30.0761
2026.06	30.0316
2026.95	30.0128
2027.96	30.1177
2028.99	150.086
2030.01	30.0618
2031.02	150.119
2032.11	30.1519
2033.11	150.216
2033.97	150.268
2034.93	30.023
2035.98	30.0078
2037	150.234
2037.91	29.9677
2039.12	150.156
2039.05	30.1655
2041.12	30.0723
2042.08	150.164
2042.95	30.0103
2044.03	29.9667
2044.93	30.1228
2045.91	30.0448
2047.09	150.187
2048	30.1577
2048.97	30.1001
2050.09	29.9851
2050.91	150.149
2052.13	150.235
2053	30.0245
2054.03	30.076
2055.03	150.093
2055.99	150.16
2057	30.0351
2058.05	30.064
2059	30.09
2060.09	30.1232
2061.09	29.9898
2061.99	30.1389
2063.02	150.199
2064.02	30.1329
2064.93	30.0218
2066.08	30.1627
2067.05	30.0633
2067.88	150.108
2069.03	30.1089
2070.06	30.0135
2071.09	30.1102
2072.05	30.0434
2072.94	30.0964
2074.11	30.0072
2074.98	150.118
2075.98	150.144
2077.12	30.118
2077.99	30.1433
2079.04	150.227
2079.98	150.169
2080.92	29.948
2082.1	29.9819
2083.01	29.9615
2083.93	29.984
2085.05	30.007
2085.99	30.0575
2086.9	30.0181
2088.1	29.979
2088.89	30.0309
2090.11	29.9928
2091.04	29.9788
2092	29.952
2093.18	30.047
2094.02	29.996
2094.94	30.1763
2096.08	30.1534
2096.97	30.0939
2098.12	30.0287
2099.03	150.161
2100.03	30.0219
2101.05	30.0295
2102.06	150.246
2102.92	150.102
2104.11	150.177
2105.01	30.0818
2106.14	30.0233
2107.06	150.124
2107.97	30.0589
2109.05	150.262
2110.06	29.9955
2111	29.9401
2112.07	29.9614
2113.06	30.0572
2113.94	29.9908
2115.05	30.0637
2115.94	30.1379
2117.05	30.1316
2118.1	30.0444
2118.98	30.0489
2120.16	30.0592
2121.07	30.1661
2121.98	30.1422
2123.04	30.1296
2123.95	30.0435
2125.13	150.141
2126.07	30.069
2126.9	30.1186
2128.11	30.0164
2129.02	30.1002
2129.94	150.199
2131.06	150.134
2132	29.9577
2132.99	30.1568
2134.05	30.0849
2135.02	30.152
2136.12	150.193
2137.01	30.1097
2137.96	150.152
2139.11	30.0567
2139.96	30.1187
2140.95	29.9487
2142.06	29.9757
2143.03	29.9455
2144.07	150.124
2145.06	150.221
2145.94	29.9912
2147.05	150.168
2148.05	30.1013
2148.96	30.1521
2150.07	30.1266
2151.02	30.1615
2151.93	150.134
2153.08	29.9585
2153.99	30.0554
2155.11	30.1191
2156.12	30.0698
2156.92	150.174
2158.07	30.0582
2159.08	29.9972
2160.01	29.9818
2161.05	30.119
2161.99	30.0548
2163.11	150.224
2164.02	29.9798
2165.02	30.0103
2166.12	30.1923
2166.95	30.1329
2167.95	29.9753
2169.07	29.9947
2169.97	150.096
2171.01	30.1288
2172.09	30.1705
2172.92	29.9858
2174.11	30.1126
2175.04	30.0269
2175.98	30.1332
2177.04	30.0572
2178.04	30.0107
2178.95	30.0079
2180.09	150.175
2181.09	29.9138
2182.11	150.138
2183.03	30.0046
2183.89	30.0378
2185.16	150.188
2186.05	30.0599
2187	30.0136
2188.08	30.099
2188.95	29.9987
2189.95	150.077
2191.05	150.157
2192	30.1174
2193.1	150.258
2194.03	30.1589
2194.94	30.1621
2196.14	30.1395
2196.98	150.106
2197.91	30.1566
2198.98	30.0709
2199.96	30.0797
2201.08	150.182
2201.99	29.9997
2203.01	30.0575
2204.11	150.137
2205.02	150.226
2205.93	30.0309
2207.05	150.107
2208	29.9784
2208.93	30.0386
2210.04	150.133
2210.95	30.0715
2212.13	29.9227
2213.05	30.0765
2213.96	30.101
2215.06	30.0005
2215.96	150.22
2216.92	30.1384
2218.09	30.0994
2218.99	30.0381
2220.07	150.136
2221.05	150.136
2221.99	30.1658
2223.1	30.0426
2224.02	150.274
2224.93	30.1349
2226.06	150.14
2226.95	30.0412
2227.88	29.9796
2229.04	30.0851
2229.94	30.1437
2231.17	30.1422
2232.02	30.0747
2232.92	150.115
2234.04	150.181
2234.96	150.133
2235.93	30.1196
2237.06	30.1538
2237.98	29.9839
2239.1	150.164
2240.04	30.0752
2240.96	150.183
2242.09	150.122
2243.01	30.019
2243.97	30.0991
2245.08	30.0006
2246.07	150.121
2246.94	30.1293
2248.08	30.0954
2248.97	30.1856
2250.11	30.1399
2251.04	30.0892
2251.89	30.1285
2253.06	30.0002
2254.04	150.094
2254.95	30.1694
2256.03	30.1689
2257.04	29.9596
2258.15	150.119
2258.98	150.135
2260.02	29.9915
2261.09	30.0521
2262.02	30.0243
2262.98	29.961
2264.03	30.0497
2264.99	30.0344
2265.95	30.0707
2267.02	29.9225
2267.99	30.1171
2269.17	150.172
2270.06	30.075
2270.94	30.1238
2272.06	150.134
2272.96	150.121
2274	150.182
2275.07	150.194
2275.99	30.1149
2277.12	30.1352
2278.05	30.0768
2279.03	30.1032
2280.08	150.127
2281.03	30.0231
2281.94	30.0276
2283.04	30.0259
2283.94	30.1013
2285.12	30.0012
2286.06	30.0604
2286.99	30.0296
2288.07	150.117
2288.99	150.141
2289.96	30.1561
2291.06	30.1847
2291.99	150.171
2292.88	30.0053
2294.06	29.9739
2294.99	150.271
2296.04	150.281
2297.06	30.0977
2297.98	30.1513
2299.06	30.0081
2300.05	150.27
2300.94	30.0607
2302.06	30.0226
2302.99	30.0038
2304.14	30.081
2305.06	150.247
2305.99	30.1388
2307.12	30.1175
2308.04	150.177
2309	29.9941
2310.07	30.1021
2311.02	30.1426
2311.99	30.0785
2313.05	30.1149
2313.98	30.0566
2315.09	30.0807
2316.12	30.1746
2316.97	30.0251
2318.12	30.1598
2318.98	30.1062
2319.91	150.149
2321.09	30.1169
2322.05	30.155
2323.12	150.133
2324.02	150.197
2325.02	150.134
2326.12	30.026
2327.02	29.991
2328	29.9649
2329.08	30.097
2330.01	150.161
2330.92	30.1021
2332.09	30.2229
2333.02	150.24
2334.14	30.0338
2335.06	30.1019
2335.93	150.147
2337.08	30.0847
2338.03	150.187
2338.97	150.185
2340.05	30.1559
2340.99	30.0978
2342.14	30.181
2343.01	29.9565
2343.98	150.181
2345.08	30.1208
2346.06	30.0526
2347	150.139
2348.12	150.067
2348.98	150.18
2349.95	30.1122
2350.99	150.118
2352.05	30.1219
2353.11	30.1748
2354	150.175
2354.95	30.1664
2356.14	150.136
2356.96	30.0313
2357.94	30.1797
2359	30.0668
2359.98	30.0082
2361.08	30.0841
2362.02	30.0082
2363	30.0764
2364.08	30.1464
2364.98	30.0211
2365.95	150.239
2367.06	30.2149
2368	30.0894
2368.93	30.0086
2370.13	150.169
2370.97	30.1479
2372.1	30.0422
2373.05	150.248
2374.01	150.195
2375.08	30.086
2376.03	150.2
2376.92	30.0473
2378.06	150.106
2379	30.1573
2380.11	30.0009
2381.09	30.1679
2381.98	30.0193
2383.01	30.0771
2384.01	30.0432
2384.91	30.0295
2386.08	30.0736
2386.99	30.0046
2387.94	30.1839
2389.07	29.9964
2389.92	150.088
2391.07	30.1145
2391.97	30.0851
2392.98	30.1824
2394.09	150.212
2395.07	150.232
2395.98	30.1185
2397.03	30.0943
2398.01	30.0232
2399.15	30.082
2400.05	30.0193
2400.92	30.0246
2402.07	30.1058
2402.97	30.0642
2403.93	150.243
2405.1	150.117
2405.99	30.0503
2406.94	30.0875
2408.04	30.1369
2408.97	150.152
2410.07	150.161
2411.02	30.0546
2411.96	30.0371
2413.09	150.187
2414.05	150.239
2415.07	150.221
2416.03	30.1627
2417.03	30.2121
2418.06	150.19
2419.02	30.0177
2419.98	30.0597
2421.06	30.0466
2421.99	30.1721
2422.95	30.1089
2424.06	30.0457
2424.98	30.1597
2425.93	150.187
2427	30.0391
2427.99	30.0865
2429.12	29.9702
2430.05	150.177
2430.94	150.224
2432.07	30.1293
2433.06	30.1088
2433.93	30.0109
2435.07	30.0186
2435.94	150.191
2437.14	30.0455
2438.08	150.212
2438.99	30.0539
2440.18	30.1474
2441.01	30.1541
2441.99	30.1611
2443.09	150.191
2444.03	-209.872
2444.91	30.127
2446.06	30.0919
2446.99	-209.762
2448.07	30.0516
2449.01	-209.842
2449.97	30.0261
2451.04	30.1811
2451.95	30.097
2452.97	30.0292
2454.11	30.1488
2455.02	30.0248
2456.09	-209.821
2457.07	-209.842
2458.01	30.2311
2459.11	30.0733
2459.95	-209.773
2460.98	29.9776
2462.09	29.9919
2462.97	-209.821
2463.95	29.9934
2465.03	30.0418
2465.94	30.0979
2467.09	30.0765
2468.05	30.0403
2468.91	30.0417
2470.08	-209.821
2470.98	30.0539
2471.88	30.0615
2473.1	30.198
2473.98	30.2084
2475.15	30.0757
2476.12	30.15
2476.93	-209.801
2478.06	30.062
2478.99	29.9666
2479.95	-209.85
2481.04	30.0653
2481.92	30.0783
2483.13	30.1864
2484.06	-209.803
2484.96	-209.818
2486.09	29.9985
2487.03	30.0895
2487.91	30.0912
2489.07	30.173
2490.02	-209.817
2490.95	-209.835
2492.01	30.0688
2493.02	-209.827
2494.1	30.237
2495.05	30.1634
2495.98	30.1719
2497.11	30.0786
2498.04	30.1097
2498.99	30.0405
2500.03	-209.788
2501	30.1313
2502.08	30.1804
2503.11	-209.848
2503.98	-209.851
2505.09	30.0307
2506.07	-209.745
2507	30.1801
2508.1	-209.721
2509.02	30.0533
2509.91	30.0517
2511.07	-209.678
2512	-209.819
2513.02	30.1252
2514.05	-209.859
2515.01	30.1837
2516.07	-209.797
2517	-209.86
2517.9	29.9623
2519.04	30.0397
2520.02	-209.715
2521.08	30.1886
2522.03	30.0178
2522.98	-209.791
2524.11	30.1364
2525.05	30.1441
2525.91	30.0225
2527.11	30.1161
2527.99	-209.779
2528.92	-209.777
2530.04	30.0976
2531.04	30.0629
2532.09	30.0417
2533	30.0699
2533.94	-209.805
2535.08	30.0794
2535.98	29.9745
2536.93	-209.841
2538.03	30.1399
2538.98	30.1349
2540.14	-209.85
2541.08	30.0334
2541.97	30.2341
2543.12	30.0718
2544	29.9988
2544.98	30.2169
2546.09	30.1036
2547.07	30.0403
2547.88	30.2075
2549.02	30.0502
2550.01	30.1378
2551.1	-209.884
2551.98	30.0553
2553.01	30.0629
2554.01	29.9947
2554.97	29.997
2555.93	-209.783
2557.09	30.0068
2557.93	-209.776
2559.1	30.0928
2560.06	30.0578
2560.99	30.0887
2562.11	30.173
2562.94	-209.765
2563.99	29.9953
2565.05	30.0786
2566.02	30.0217
2566.95	30.0486
2568.1	30.0166
2568.99	30.2198
2570.02	-209.807
2571	30.0818
2571.96	-209.794
2573.06	-209.692
2574.02	30.1541
2574.92	30.1203
2576.05	-209.837
2577.03	30.2134
2578.09	-209.821
2579.06	-209.761
2579.96	30.0416
2581.02	-209.69
2582.01	30.0681
2582.97	30.1864
2584.03	30.17
2584.95	30.1749
2585.96	-209.788
2587	30.2241
2587.99	-209.853
2589.15	30.0199
2590.04	30.1303
2590.96	30.0342
2592.05	-209.724
2593.06	30.0778
2593.89	30.2051
2595.04	30.1677
2595.97	30.0025
2597.09	30.0616
2598.02	-209.808
2598.93	30.1352
2600.09	30.1146
2601.09	30.1976
2602.01	30.001
2603.13	30.0644
2604	-209.794
2604.88	-209.783
2606.08	30.1171
2606.99	-209.769
2608.08	-209.775
2609.04	30.0577
2609.91	-209.733
2611.02	30.1523
2611.96	30.063
2612.95	30.0537
2614.17	-209.728
2614.98	30.02
2616.09	29.9984
2617.06	30.0739
2617.95	30.0065
2619.11	30.0979
2620.12	30.045
2620.97	30.129
2622.04	30.0352
2622.97	30.0194
2623.95	30.0574
2625.01	30.1045
2625.94	30.0728
2627.08	30.055
2628.04	30.1224
2628.95	30.1247
2630.1	30.0785
2631.05	30.1112
2631.91	-209.809
2632.99	30.0169
2634	30.0414
2635.08	30.1444
2636.01	30.0651
2636.95	30.0825
2638.15	-209.746
2638.99	30.1817
2639.91	29.9804
2641.07	30.1731
2642.03	30.0285
2642.87	-209.762
2643.94	-209.841
2644.93	30.0409
2646.11	30.138
2647.09	30.0874
2647.98	30.0836
2649.05	-209.761
2650.02	30.1232
2650.97	30.0587
2652.09	-209.773
2652.97	30.1049
2654.06	-209.752
2655.05	30.1
2656.02	-209.82
2657.13	30.0706
2657.99	30.2165
2658.99	30.0205
2660.03	30.0423
2660.91	30.1236
2662.12	30.0171
2663.06	30.0867
2663.95	-209.76
2665.07	30.0908
2665.94	-209.798
2666.9	150.319
2668.1	30.1081
2669.03	30.1906
2670.04	150.206
2671.03	30.2552
2671.97	30.2293
2673.14	150.195
2674.04	30.0614
2674.97	30.0723
2676.05	30.0366
2676.97	30.1117
2677.98	30.0856
2679.01	30.0755
2680.04	150.305
2681.08	150.218
2682.04	30.0686
2682.96	30.0469
2684.13	30.0844
2685.09	30.0946
2685.86	150.25
2687.07	150.26
2688.03	30.0515
2688.92	30.095
2690.07	30.1323
2691.01	30.0278
2692.08	30.1536
2692.95	30.1389
2693.94	150.18
2695.16	150.2
2696.03	30.0552
2696.97	30.1042
2698.08	30.0025
2699	29.9862
2700.12	30.0564
2701.04	30.2474
2702.01	30.0894
2703.1	150.262
2704.02	30.0749
2704.89	150.207
2706.07	150.267
2707	30.0458
2707.92	30.039
2709.12	30.0991
2709.93	150.211
2711.16	30.074
2712.06	30.0727
2712.96	30.0221
2714.01	150.165
2714.95	30.0365
2715.96	30.0671
2717.06	30.1041
2718.03	30.1468
2719.16	30.1096
2720.04	30.119
2721.05	30.0779
2722.07	150.279
2723.04	30.0715
2723.99	30.0327
2725.05	150.279
2725.96	150.216
2726.94	30.1208
2728.05	150.228
2728.91	30.1327
2730.06	30.0908
2731.03	30.0745
2731.99	150.235
2733.16	29.9671
2733.98	30.0708
2734.98	150.228
2736.02	30.0642
2737.05	30.0987
2738.02	150.252
2739	30.0871
2739.98	30.1118
2741.15	30.0536
2742	30.0681
2742.94	30.2153
2744.09	150.237
2744.98	30.1266
2745.89	30.0326
2747.08	30.1131
2748	150.322
2749.15	30.2053
2750.07	30.1197
2750.99	150.334
2752.05	30.1646
2753.02	30.0958
2753.98	30.1667
2755.07	150.242
2755.99	150.275
2757.12	30.0782
2757.97	30.1054
2758.96	30.1169
2760.06	30.1895
2760.99	150.352
2761.92	30.0824
2763.02	30.0814
2764	150.304
2764.9	30.0713
2766.04	29.9154
2767.01	30.061
2768.16	30.1227
2768.98	30.1332
2769.94	30.1206
2771.07	30.1101
2772.02	30.0521
2772.97	30.0849
2774.04	30.007
2774.93	150.304
2776.1	30.1226
2776.98	30.1231
2777.98	30.1251
2779.12	150.274
2780.03	30.0944
2780.97	150.256
2782.04	30.0163
2782.94	30.1204
2783.91	30.1504
2785.02	30.1225
2785.94	30.0588
2787.1	150.302
2788.05	30.0476
2788.96	30.0852
2790.05	30.098
2790.93	30.1041
2791.97	30.0707
2793.06	30.0125
2793.98	29.9998
2795.11	30.1624
2796	150.247
2796.9	30.0567
2798.07	30.0139
2799.04	30.1136
2800.01	30.1155
2800.98	30.1194
2802.03	30.0688
2802.98	30.0564
2804.05	150.29
2804.93	150.344
2806.06	30.0824
2807.01	30.0795
2807.98	30.0134
2809.07	150.221
2810	30.1284
2810.94	30.0697
2812.04	150.308
2813.01	30.1366
2814.14	150.316
2815.01	30.1033
2815.96	150.29
2817.14	150.473
2818	150.313
2818.93	30.0343
2820.07	30.1071
2821.05	30.0874
2821.87	30.0584
2823.05	30.1178
2823.9	29.9268
2825.07	30.087
2826.04	150.366
2826.94	30.0718
2828.06	150.335
2829	30.0121
2829.93	30.0063
2831.06	30.1223
2831.95	30.0116
2833.18	29.9366
2834.05	30.0659
2834.91	30.0042
2836.12	30
2837.05	150.352
2837.95	29.9953
2839.05	30.032
2839.99	29.9791
2841.08	29.9615
2842.07	150.233
2842.91	30.1005
2844.04	30.0614
2844.98	30.0231
2846.03	30.0393
2847.08	30.0158
2847.96	30.0453
2848.98	30.0764
2850.09	29.9988
2851	30.0673
2852.13	29.9878
2853.05	30.0661
2854.02	29.9811
2855.08	29.8727
2856.03	29.8855
2856.98	30.0133
2858.08	150.358
2858.99	29.8962
2860.15	30.0312
2861.02	150.473
2861.97	29.9889
2863.1	30.0094
2864.05	30.1082
2864.94	30.0251
2866.08	29.9328
2867.06	150.495
2867.96	30.0369
2869.07	29.9522
2869.95	29.9942
2871.11	150.497
2871.96	30.0212
2872.94	29.9748
2874.09	30.0196
2875.06	29.9908
2875.97	29.869
2877.04	150.343
2878	150.405
2879.12	150.395
2880.04	29.9301
2880.96	29.9926
2882.08	29.9633
2882.95	29.9664
2883.98	29.9584
2885.04	29.9815
2886.02	29.9579
2886.89	150.452
2888.08	29.8354
2889.03	29.9542
2890.1	150.456
2891.06	29.9417
2891.95	150.38
2893.08	29.9194
2894	29.9574
2894.97	29.9297
2896.13	29.949
2897.03	30.0156
2898.19	29.9706
2899.03	29.9133
2899.96	29.9826
2901.04	29.9577
2902.03	29.9233
2903.01	29.9138
2904.08	29.9531
2905.04	30.0145
2905.96	29.91
2907.06	29.8651
2907.98	150.347
2909.13	29.9576
2910.04	29.9479
2910.93	29.992
2912.09	29.8589
2912.97	29.8385
2913.97	30.0547
2915.05	29.9356
2915.98	150.363
2917.11	29.9057
2918	29.9685
2918.97	30.0118
2920.05	29.9236
2921.01	150.435
2921.97	150.329
2923.1	150.361
2923.96	29.9374
2924.95	30.0677
2926	29.877
2927	30.0428
2928.08	150.408
2929.02	29.9521
2930.02	29.9193
2931.07	29.8556
2932.06	29.9444
2932.92	29.9218
2934.11	29.9574
2934.97	30.0484
2936.14	150.326
2937.04	150.397
2937.97	29.9455
2939.09	29.8941
2939.99	30.0065
2940.96	29.9692
2942.13	29.9606
2942.96	30.0457
2943.92	30.0818
2945.05	30.017
2945.96	150.299
2947.11	30.0537
2948.07	29.906
2948.97	29.844
2950.08	30.0819
2951.01	30.0445
2951.91	30.0067
2953.03	30.0041
2953.99	150.429
2955.14	30.0553
2956.08	30.0378
2956.89	30.0082
2958.03	29.9337
2959.05	30.0368
2959.97	30.064
2961.12	29.9862
2961.98	150.316
2962.89	30.0168
2964.03	29.9326
2965.05	29.9162
2966.1	30.0745
2967.08	30.0324
2968	29.8957
2969.08	150.339
2970.02	30.0056
2971.02	150.466
2972.07	30.0505
2973.01	150.323
2974.15	30.0387
2975.02	30.0269
2975.99	30.0329
2977.12	30.0468
2978.04	30.052
2978.86	30.0405
2980.02	30.0445
2980.97	29.9241
2981.92	30.0021
2983.04	30.0607
2983.96	29.9925
2985.11	30.0038
2986.02	29.9527
2986.96	30.0505
2988.09	30.0131
2989.02	29.8872
2989.95	30.0984
2991.08	30.0304
2991.96	30.1206
2993.08	150.328
2994.05	30.0008
2994.96	29.9648
2996.12	30.096
2997.07	29.8677
2997.93	29.8811
2999.08	30.0017
3000	30.0174
3000.93	150.398
3002	30.0379
3002.96	30.034
3004.08	30.0225
3004.97	29.9745
3005.98	30.0271
3007.06	30.0405
3007.97	150.282
3008.94	30.0109
3010.08	30.0137
3011	30.0972
3012.06	29.9808
3013.02	30.0182
3013.97	30.0506
3015.09	30.071
3016.05	30.0201
3016.92	30.0802
3018.05	30.0613
3018.99	30.0756
3020.13	150.326
3021.05	30.138
3021.99	30.0329
3023.11	30.1516
3023.99	30.0767
3024.96	30.0049
3026.07	30.1023
3027.04	150.246
3027.97	29.9984
3029.09	30.0037
3030	29.9958
3031.13	30.0105
3032.06	30.0491
3032.96	150.346
3034.04	30.0798
3035.02	30.0214
3035.97	30.12
3037.09	30.033
3038.08	30.116
3039.14	29.9889
3040.01	30.1175
3041.02	30.0201
3042.13	30.0228
3043.06	30.0532
3043.97	29.9889
3045.06	30.0691
3045.95	30.102
3046.87	30.114
3048.02	150.352
3048.97	30.0597
3050.11	29.9463
3051.01	30.0845
3051.95	150.391
3053.08	30.0175
3053.95	150.268
3054.96	30.0822
3056.04	29.9766
3056.02	150.293
3058.14	30.1577
3059.01	150.202
3059.09	29.8953
3059.96	150.255
3062.04	30.1097
3062.94	29.9866
3064.08	30.0658
3064.98	30.0779
3065.93	30.1077
3067.04	30.0331
3067.94	30.0197
3069.09	30.0575
3070.05	150.343
3070.98	30.08
3072.1	150.308
3073.04	150.212
3073.97	30.0205
3075.06	29.9821
3076	150.19
3077.13	30.038
3078.04	30.0781
3079.02	30.0736
3080.08	30.081
3080.97	150.314
3081.99	30.1935
3083.13	150.28
3084.02	30.0797
3084.98	30.1027
3086.05	30.0685
3086.99	30.0583
3088.07	30.1111
3089.1	30.1782
3090.02	30.0404
3091.05	30.0186
3092.07	150.264
3092.97	30.0429
3094.02	30.0971
3095.01	30.0688
3096.12	30.0309
3097.05	150.231
3097.01	30.0908
3099.14	30.0895
3100.05	30.068
3100.93	30.1084
3102.07	150.259
3102.99	30.0793
3103.96	30.0623
3105.08	30.1351
3106	30.0543
3107.1	30.2432
3108.05	30.0587
3108.98	30.1279
3110.06	150.205
3111.02	30.1013
3111.97	30.1597
3113.04	-209.64
3113.96	30.1213
3115.13	-209.754
3116.09	-209.704
3116.92	30.0784
3118.09	30.0892
3119.03	30.1307
3120.01	-209.828
3121.03	30.106
3122.05	30.1498
3122.91	-209.712
3124	30.0851
3125.05	-209.778
3124.95	-209.711
3126.99	30.0357
3127.91	-209.753
3129.09	30.1188
3130.1	-209.678
3130.98	30.1716
3132.05	30.0869
3133.01	30.1151
3134.14	-209.731
3135.02	30.0668
3135.99	30.1375
3137.04	-209.644
3138.07	-209.7
3138.89	30.1287
3140.19	30.068
3140.99	30.1459
3141.95	-209.802
3141.96	-209.604
3144	30.0499
3145.16	30.0749
3145.99	30.098
3146.96	-209.738
3148.09	30.1029
3149.11	30.0853
3149.94	-209.686
3151.06	30.1186
3151.11	-209.71
3153.15	30.0991
3154.06	30.0742
3155.02	30.0775
3155.01	30.1398
3156.97	30.1067
3157.93	30.104
3159.04	30.1037
3160.03	-209.699
3160.97	-209.737
3162.03	-209.712
3163.02	30.0416
3164.17	30.219
3164.99	30.0945
3165.96	30.1121
3167.14	30.1261
3168.03	-209.656
3168.92	30.1615
3170.09	30.0754
3170.97	30.1558
3172.1	-209.684
3173.1	30.1229
3174.06	30.0182
3175.1	-209.657
3176	30.0934
3176.96	-209.669
3178.04	-209.699
3179	30.1494
3179.88	30.1358
3181.07	-209.773
3181.96	30.1008
3183.23	30.1026
3184.01	-209.847
3184.93	30.0532
3186.14	30.1782
3186.96	30.1488
3187.97	30.1399
3189.08	-209.563
3189.97	30.0827
3191.16	30.084
3192.05	30.0939
3192.98	-209.632
3194.12	-209.657
3195.05	30.0942
3195.97	-209.688
3197.13	30.0844
3197.92	30.1383
3199.08	30.0931
3200.03	30.0857
3201	30.1155
3202.08	30.1114
3203.06	30.2219
3204.04	30.0948
3205.05	30.095
3206.1	30.1297
3206	30.1571
3208	-209.719
3208.99	-209.643
3210.16	30.1126
3211.09	30.1045
3212.01	30.1349
3213.16	-209.674
3214.08	30.1949
3214.97	-209.696
3216.11	-209.738
3217.02	-209.783
3218.15	30.1141
3219.06	30.0977
3219.96	30.118
3221.03	-209.639
3222.03	30.1762
3222.99	30.0491
3224.14	30.1925
3225.03	30.0646
3225.93	30.128
3227.07	30.0435
3228	30.1017
3229.1	30.1156
3230.03	30.0952
3230.97	30.1451
3232.13	30.1892
3233.01	30.1528
3233.94	-209.708
3235.02	30.2174
3235.94	-209.793
3237.16	-209.738
3238.06	30.148
3238.99	-209.652
3240.1	30.3366
3241.06	30.1607
3241.96	-209.65
3243.08	-209.702
3244.03	30.0938
3244.95	30.2164
3246.11	30.1626
3246.97	-209.761
3248.12	30.1321
3249.01	-209.674
3249.94	30.1529
3251.15	30.1281
3252.05	-209.64
3252.92	30.1081
3254.03	-209.646
3254.94	30.1485
3256.16	30.1195
3257.08	30.1235
3258.04	-209.718
3259.1	30.169
3259.98	30.1652
3260.94	30.1548
3262.08	30.1564
3262.96	30.158
3264.02	30.1301
3265.02	30.2263
3265.97	30.2179
3267.09	30.1033
3268.07	-209.735
3269.02	30.1538
3270.1	30.1986
3271.05	30.2655
3271.98	30.0708
3273.03	30.1992
3274	-209.675
3275.11	30.2167
3276.08	-209.765
3277.03	30.0055
3278.1	30.1301
3279	30.1162
3279.97	30.1489
3281.07	30.1773
3282	30.1728
3282.99	30.1836
3284.02	30.0984
3284.86	30.127
3286.13	-209.705
3286.99	-209.665
3287.91	30.2027
3289.13	30.143
3290.1	30.0575
3290.88	-209.833
3292.06	30.1594
3293.01	30.0994
3294.12	30.1757
3295	-209.728
3296.05	30.128
3297.09	30.1218
3297.97	30.1522
3298.94	-209.629
3300.11	-209.604
3300.99	30.163
3301.98	30.2121
3303.08	-209.77
3304.08	-209.661
3305.09	-209.702
3306.06	30.111
3306.96	30.14
3308.18	30.1352
3309	30.1714
3309.95	30.0846
3311.04	-209.776
3311.95	30.0765
3313.14	-209.671
3314.15	-209.69
3315	30.1303
3315.99	30.2681
3317.03	30.136
3318	30.1756
3319.07	30.136
3319.96	30.1719
3320.97	30.0834
3322.01	30.0587
3323.07	30.1426
3324.15	30.167
3324.98	30.1785
3325.91	30.2129
3327.05	30.1739
3327.93	30.1046
3328.82	30.1546
3330.05	30.2221
3330.96	-209.669
3332.1	30.2067
3333.07	30.101
3334	30.1989
3335.1	30.1514
3336.09	150.277
3336.98	30.2467
3338.02	30.1866
3338.98	30.128
3339.9	30.0724
3341.11	30.1334
3341.96	30.0795
3343.1	30.1609
3344	30.2084
3344.96	30.0778
3346.05	30.0689
3347.05	30.1448
3348	150.255
3349.09	30.1539
3350.04	30.1093
3351.15	30.1552
3352.08	30.1479
3352.98	150.365
3354.11	150.128
3355.03	30.1215
3356.01	30.1374
3357.09	30.1615
3358.02	30.0597
3358.9	30.2725
3360.08	30.1545
3360.97	30.1762
3362.11	150.373
3363.07	30.1989
3363.97	30.1531
3364.99	30.2108
3366.07	30.201
3366.96	30.1441
3368.06	150.207
3369.03	150.334
3370.03	30.1393
3371.07	150.375
3371.9	150.216
3373.12	30.0907
3374.02	30.1125
3374.95	30.1949
3376.15	30.1734
3376.99	30.2046
3378	30.2315
3379.11	30.1555
3379.99	30.1748
3381.16	30.1644
3382.06	30.1491
3382.99	30.2028
3384.08	150.204
3385.05	30.1928
3385.9	30.0775
3387.12	30.1716
3388.01	30.1455
3389.13	150.369
3390.02	30.2058
3390.93	30.1719
3392.1	30.173
3393.08	30.1326
3393.9	30.1642
3395.05	30.1659
3396.11	30.1127
3397.09	30.1834
3398.06	30.1788
3398.99	30.1604
3400.07	30.1258
3400.98	30.205
3401.95	30.1829
3403.04	30.0897
3404.03	30.1684
3404.97	30.1636
3406.04	30.196
3406.99	30.2077
3408.12	30.108
3409.04	30.178
3409.99	30.2362
3411.08	30.1249
3412	30.1592
3412.91	30.2106
3414.1	30.1609
3415.13	30.1646
3416.13	150.271
3417.03	30.1284
3417.96	30.2686
3419.08	150.285
3420.01	30.0874
3420.93	30.2062
3422.04	30.1265
3423.03	30.1298
3423.93	30.1674
3425.03	30.2481
3426.06	150.326
3427.13	30.1961
3428.02	30.1461
3428.96	30.19
3430.14	30.1572
3431	30.0856
3431.98	30.0984
3433.06	30.1303
3434.03	30.187
3435.14	30.214
3436.06	30.2099
3436.96	30.1772
3438.15	30.1666
3439.04	30.2426
3439.96	30.1551
3441.06	30.262
3442.09	30.1464
3442.94	30.0554
3444.09	30.1538
3444.96	150.309
3446.09	30.2013
3447.08	150.18
3447.98	30.1604
3449.05	30.174
3450.07	30.1742
3450.93	30.1764
3452.09	150.278
3452.94	30.1855
3454.1	30.1692
3455.07	30.1409
3456.03	30.1797
3457.15	30.2314
3458.04	30.2113
3458.99	30.1571
3460	30.2095
3461.01	30.1231
3461.92	30.2158
3463.01	30.163
3463.98	30.1533
3465.09	30.2081
3466.02	30.1896
3466.95	30.1448
3468.04	30.1698
3468.99	150.171
3469.97	30.116
3471.03	30.2363
3471.98	30.1364
3473.15	30.1421
3474.09	30.1665
3474.96	30.2069
3476.12	150.316
3477.04	30.2207
3477.98	30.2088
3479.12	150.325
3480	30.2195
3480.96	30.1196
3482.03	30.2264
3482.98	30.1808
3484.15	30.2057
3485.02	150.393
3485.95	150.325
3487.12	30.1318
3488	30.173
3488.97	30.1644
3490.07	30.2425
3491.04	30.1978
3492.07	150.183
3493.03	30.2448
3493.88	30.1467
3495.15	30.1151
3496.09	30.1262
3496.92	30.1999
3498.06	30.1589
3499.04	30.204
3499.96	150.31
3501.1	30.1555
3501.98	30.2415
3503.09	30.1915
3504.07	30.1805
3504.94	30.2644
3506.12	30.2167
3507	30.1763
3507.94	30.1391
3509.09	30.18
3509.98	30.1773
3511.16	150.306
3512.02	30.1891
3512.91	30.1552
3514.04	150.23
3515.06	30.1367
3515.96	30.1932
3517.02	30.076
3518.03	30.23
3518.91	30.0934
3520.07	30.1372
3521	30.1777
3522.14	30.176
3523	30.1669
3523.95	30.1957
3525.07	30.1639
3526.03	30.1388
3526.94	30.1778
3528.06	30.1806
3528.98	30.1748
3530.1	30.2289
3531.06	30.1443
3531.98	150.285
3533.12	30.1389
3534.08	30.1416
3534.98	30.1028
3536.03	30.1884
3536.95	30.1713
3537.92	30.1894
3539.03	30.1343
3540.05	30.171
3541.11	30.1719
3542.01	30.2284
3542.94	30.1269
3544.11	30.188
3544.97	150.398
3545.95	30.227
3547.09	30.2052
3548.05	30.283
3549.07	150.335
3550.03	30.1684
3550.98	30.1521
3552.08	30.2044
3553.05	30.2029
3553.91	30.1873
3555.1	30.1702
3556.03	150.345
3556.92	30.2429
3558.07	150.272
3559	30.2005
3560.11	30.2041
3561	30.2714
3561.92	30.2034
3563.08	30.2027
3563.99	30.2951
3565.01	30.1806
3566.11	30.1765
3567.01	30.154
3568.18	30.1784
3569.07	30.2261
3569.97	30.1804
3571.09	30.2219
3572.06	30.1728
3572.92	30.1654
3574.04	150.223
3575.09	30.1925
3576.11	30.2084
3577.06	30.2064
3578.01	30.2012
3579.14	30.1977
3580.01	30.2144
3580.96	30.2561
3582.15	30.2136
3583.09	30.1742
3583.93	30.1622
3585.09	30.2651
3585.96	30.1302
3587.07	30.2552
3588	30.2301
3588.99	30.2915
3590.08	150.27
3591.01	30.1933
3591.99	30.1601
3593.12	30.2064
3593.97	30.192
3595.08	30.1848
3596.06	30.2315
3596.99	30.2691
3598.08	30.1518
3599	30.2071
3599.95	150.332
3601.12	30.2199
3601.99	30.2279
3602.95	30.2236
3604.11	30.162
3605.01	30.2498
3606.07	30.2613
3607.03	30.1062
3608.01	30.1499
3609.11	30.1796
3609.99	30.2184
3610.99	30.2195
3612.04	30.2371
3613	30.2201
3614.09	30.1184
3615.03	150.336
3615.96	30.2099
3617.11	30.2032
3618.05	30.1821
3618.96	30.1474
3620.11	30.1853
3621	150.264
3621.95	30.2541
3623.06	30.1755
3623.98	30.2375
3625.08	30.2586
3626.09	30.1695
3626.95	150.163
3628.08	30.1966
3629.03	150.23
3629.99	30.1979
3631.08	150.281
3631.99	30.2007
3633.19	30.2243
3634.07	30.1992
3634.97	30.2153
3636.1	30.2043
3637.05	30.203
3637.94	30.0521
3639.12	30.1921
3640.04	150.345
3640.95	30.2479
3642.03	30.1653
3642.99	30.165
3644.15	30.1644
3644.99	150.368
3645.96	30.2106
3647.11	30.2164
3648.04	30.1086
3648.95	30.1873
3650.03	30.2099
3651.01	30.2264
3652.07	30.1796
3653.06	30.1575
3654.06	30.1689
3655.05	30.2272
3656.03	150.362
3656.96	30.202
3658.1	30.2037
3658.99	30.0994
3659.91	30.1299
3661.06	30.1543
3661.95	150.245
3663.09	30.1508
3664.09	150.256
3665.03	30.2218
3666.09	30.1972
3666.98	150.386
3668.02	30.231
3669.05	30.1962
3670	30.1995
3671.11	30.1072
3672.06	30.1851
3672.96	30.122
3674.1	30.1925
3675.05	30.2517
3675.96	30.1814
3677.07	30.2071
3678	30.2
3678.93	30.1792
3680.05	30.234
3680.99	30.0686
3682.14	30.2514
3683.01	30.1608
3683.95	150.283
3685.08	30.1375
3686.04	30.2695
3686.89	30.1195
3688.03	30.1993
3688.97	30.2678
3690.17	150.341
3691.04	150.323
3691.98	30.1282
3693.12	30.2144
3694.03	30.1773
3694.97	30.1468
3696.12	30.2088
3697.01	30.2521
3697.98	30.2947
3699.02	150.279
3700.01	30.2489
3701.12	150.449
3702.02	150.237
3702.97	30.1866
3704.09	30.2438
3704.99	30.2944
3705.93	30.294
3707.05	150.298
3708.01	30.2027
3709.12	30.1663
3710.01	30.1855
3710.97	30.1903
3712.08	30.1761
3713.05	30.2542
3713.95	30.1442
3715.1	150.382
3716.01	30.2137
3716.99	30.232
3717.98	30.2074
3719.01	30.1833
3720.11	30.1684
3721.04	30.1895
3722	30.1623
3723.11	30.2416
3724.07	30.2125
3724.98	30.2015
3726.06	30.1297
3726.95	30.2145
3728.09	30.2366
3729.01	30.2396
3729.98	30.2234
3731.09	30.1809
3732	30.2413
3732.92	30.1578
3734.1	30.1065
3735.05	30.2431
3735.97	30.2197
3736.99	30.2729
3737.98	30.2051
3739.14	30.141
3740	30.1561
3740.94	30.1405
3742.1	30.1389
3743.02	150.284
3743.94	30.2509
3745.04	30.2137
3746.03	30.2357
3747.11	30.1576
3748.08	30.2048
3748.94	30.2656
3750.1	30.2304
3751.03	30.1964
3751.95	30.1465
3753.08	30.1937
3754	30.1869
3755.17	30.2561
3756.04	150.384
3756.99	30.1372
3758.07	30.2245
3759.06	30.2432
3759.96	30.1377
3761.09	30.22
3762.07	30.2431
3762.94	30.272
3764.15	30.1996
3765.03	150.358
3766.06	30.1278
3767.06	30.2393
3767.89	30.2075
3769.1	30.1959
3770	30.1083
3770.93	30.1764
3772.02	30.155
3773.02	150.435
3774.1	30.1856
3775.07	30.3024
3775.98	30.1615
3777.06	30.2001
3778.04	30.2115
3778.97	30.0977
3780.11	30.1704
3781.01	30.1715
3781.96	30.253
3783.11	30.1911
3784.04	-209.773
3785.1	-209.746
3786.03	30.2056
3786.97	30.3321
3788.09	30.1772
3789.07	-209.626
3789.92	30.1012
3791.08	30.1594
3792.01	30.1308
3793.13	30.257
3794.05	30.1391
3795.01	30.2434
3796.12	30.1817
3796.98	-209.79
3797.96	30.2361
3799.1	30.2271
3800.05	-209.642
3800.98	30.173
3802.1	30.2417
3803	30.2139
3804.11	30.2881
3805.04	30.2875
3806.03	30.187
3807.09	30.2348
3808.07	-209.726
3808.97	30.1757
3810.06	30.3069
3811.02	30.2015
3812.14	30.159
3813.08	30.2124
3813.96	30.2066
3815.16	30.2394
3816.02	30.18
3816.99	30.1624
3818.09	30.2011
3819.02	30.1504
3819.95	30.2002
3821.05	30.1594
3822.01	30.1563
3823.16	30.1944
3824.1	30.1922
3824.96	30.2719
3826.1	30.2709
3827.02	30.1444
3827.96	30.1883
3829.09	30.2677
3829.98	-209.593
3831.07	30.2036
3832.09	30.2323
3832.96	30.2168
3834.1	30.2699
3834.98	30.198
3835.99	30.2129
3837.07	30.1928
3837.98	30.222
3838.95	30.1647
3840.09	30.2734
3840.97	30.283
3842.12	30.1906
3843.03	30.2579
3843.9	30.2202
3845.06	30.1503
3845.99	30.2967
3846.97	30.3043
3848.1	-209.848
3849.03	-209.777
3850.08	30.2008
3851.04	30.1976
3851.94	30.33
3853.08	30.1837
3854.07	30.1836
3854.92	30.073
3856.13	30.1922
3857.05	30.1914
3857.91	30.2143
3859.06	30.158
3859.99	30.2683
3861.12	30.2086
3862.05	30.2722
3863	30.1844
3864.13	30.1878
3865.06	30.2596
3865.94	30.2544
3867.09	30.2356
3868.04	30.1361
3869.13	30.136
3870.02	30.227
3870.98	30.3398
3872.15	30.2321
3873.02	30.2329
3873.97	30.2145
3875.09	30.1958
3876.05	30.2003
3876.94	30.254
3878.03	30.256
3879.03	-209.79
3880.11	30.2335
3881.08	30.1916
3881.98	30.1968
3883.07	30.1416
3884.07	30.2893
3884.97	30.2065
3886.08	30.2059
3887.04	-209.78
3888.19	30.235
3889.02	30.1831
3890.01	30.1709
3891.09	30.1878
3892.01	30.1661
3892.93	30.1774
3894.05	30.2704
3895.03	30.2017
3895.98	30.2141
3896.96	30.2243
3897.99	30.1384
3899.11	30.2162
3900.04	30.0643
3900.95	30.3578
3902.04	30.1615
3903.05	30.1969
3903.93	30.1921
3905.12	30.1913
3906	30.2318
3907.06	30.1771
3908.05	30.2032
3908.97	30.1503
3910.12	30.2225
3911.1	30.2353
3911.97	30.1884
3913.08	30.278
3914.04	30.2352
3914.99	30.1753
3916.06	30.2004
3916.99	30.2347
3918.09	30.3695
3919.01	30.1853
3920.05	30.1803
3921.16	30.2188
3921.98	-209.699
3922.93	30.2498
3924.13	30.1625
3924.99	30.2639
3926.09	30.2436
3927	-209.571
3927.93	30.1718
3929.13	30.2355
3930.01	30.1221
3930.95	30.1762
3932.15	30.2035
3933.01	30.2069
3934.12	30.1533
3935.06	30.3381
3935.97	30.1891
3937.1	30.2565
3938.01	-209.71
3938.99	30.297
3940.05	30.2589
3941.01	30.2372
3941.93	30.1622
3943.02	30.232
3943.99	30.1936
3945.09	30.2372
3945.99	30.2842
3946.93	30.1818
3948.05	30.3096
3949.01	30.2078
3949.99	30.2857
3951.07	30.184
3952.04	30.2445
3953.2	30.2572
3954.14	30.2734
3954.92	30.2153
3956.03	30.2714
3957.01	30.2652
3957.94	30.2171
3959.11	30.2921
3959.99	30.2863
3960.92	30.261
3962.07	30.2172
3962.99	30.2463
3964.08	30.2438
3965.06	30.144
3966.02	30.2868
3967.1	-209.695
3968.05	30.1696
3968.97	30.2473
3970.13	-209.677
3970.99	30.2043
3972.12	30.2312
3972.99	30.2677
3973.92	30.2474
3975.15	30.181
3975.96	30.2031
3977.07	30.199
3978.09	-209.684
3978.99	30.3223
3979.93	30.2138
3981.04	30.1923
3982	30.1663
3983.21	30.2838
3984.03	30.236
3985.01	30.2437
3986.07	30.2832
3987.01	30.1966
3987.95	30.1964
3989.11	30.2229
3990	-209.726
3991.17	30.2402
3992.03	30.2653
3993.01	30.2211
3994.1	30.191
3995.08	30.1416
3995.97	30.1973
3997.02	30.2399
3997.97	30.3498
3998.93	30.2618
4000.1	150.402
4000.98	30.3068
4002.04	30.2459
4003.02	30.2624
4003.94	30.2663
4005.02	30.186
4006.08	30.2768
4006.99	30.2003
4008.09	30.2031
4009.02	30.2209
4010.15	30.2296
4011.06	30.22
4012.03	30.1751
4013.14	30.2565
4014.05	30.2341
4014.98	30.2015
4016	30.0969
4017.04	30.2622
4017.93	30.2064
4019	30.1958
4020.02	30.2986
4021.08	30.2178
4022.05	30.2848
4022.97	30.2666
4024.09	30.28
4025.01	30.1423
4025.93	150.333
4027.06	30.1505
4027.94	30.2582
4029.07	30.2437
4030.04	30.2033
4030.99	30.2235
4032.12	30.22
4033.06	30.244
4034.02	30.1288
4035.13	30.2775
4035.95	30.3164
4036.93	30.2354
4038.06	30.258
4038.99	30.1671
4040.15	30.3529
4041.07	30.1806
4041.92	150.402
4043.1	30.228
4044.02	30.2926
4044.94	30.1938
4046.09	30.1954
4047.01	30.2138
4048.1	30.321
4049.04	30.1651
4049.9	30.2098
4051.12	30.2195
4052.1	30.2608
4052.98	30.1675
4054.08	150.286
4055.01	30.2851
4055.96	30.2461
4057.05	30.2318
4057.98	30.2107
4059.12	30.2542
4059.99	30.2475
4060.92	30.2419
4062.08	30.2247
4063.06	30.2882
4063.96	30.2049
4065.08	30.1968
4065.99	30.1603
4067.08	30.2149
4068.18	150.205
4068.92	30.2005
4070.06	30.2534
4071.01	150.358
4071.97	30.2351
4073.09	30.276
4074.02	30.1845
4075.01	30.2043
4076.02	30.2014
4077.01	30.2792
4078.12	150.304
4079	30.2671
4079.97	30.2928
4081.06	30.3342
4082	30.2535
4082.94	30.2346
4084.08	30.2513
4085.08	30.1986
4086.13	30.1728
4087.02	30.2684
4088.03	30.2344
4089.04	30.1839
4089.94	30.2777
4090.97	30.2204
4091.98	30.2197
4093.05	30.2159
4093.97	30.2931
4095.15	30.2129
4096.01	30.2493
4097.1	30.2413
4098.08	30.1991
4099	30.3225
4100.08	30.1798
4101.02	30.199
4101.98	30.2518
4102.99	30.2371
4103.97	30.2565
4105.11	30.267
4106.05	30.2748
4106.95	30.2569
4108.12	30.2553
4109.02	150.257
4109.96	30.3046
4111.08	30.255
4111.94	30.2938
4113.1	30.2346
4114.08	30.1288
4114.96	30.234
4116.12	30.1882
4117.04	30.1845
4117.97	30.2317
4119.12	30.2435
4120.02	30.2378
4120.96	30.255
4122.01	30.2175
4122.98	30.1797
4124.11	30.2282
4125.03	30.2796
4125.97	150.38
4127.05	30.197
4128	30.2568
4129.03	30.1959
4130.08	30.2156
4131	30.2346
4132.11	30.2052
4133.08	30.2268
4133.92	30.2848
4135.1	30.2599
4136.11	30.3182
4136.93	30.3085
4138.1	30.3101
4139	30.269
4139.95	30.1914
4141.11	30.2505
4141.98	30.1859
4143.12	150.208
4144	30.257
4144.98	30.3046
4146.13	150.319
4147.08	30.234
4148	150.405
4149.06	30.2321
4149.95	30.2822
4151.12	30.3024
4152.07	150.351
4153.03	30.1665
4154.1	30.1644
4155.12	30.1596
4156	30.297
4157.08	30.2084
4158	30.22
4158.94	30.2914
4160.03	30.2236
4160.98	30.2031
4162.09	30.2474
4163.07	150.28
4164	30.23
4165.13	30.3151
4166.05	30.2307
4166.92	30.1653
4168.03	30.2738
4169.05	30.3138
4170.13	30.2297
4171.14	30.2546
4172.03	30.276
4173.1	30.207
4174.05	30.242
4174.94	30.2628
4176.11	30.2582
4176.98	30.2101
4177.92	30.3052
4179.08	30.2417
4179.94	30.2815
4181.14	30.2015
4182.03	30.3064
4182.99	30.3035
4184.07	30.2205
4185.02	30.2012
4185.98	150.407
4187.1	30.2425
4188.01	30.2409
4189.12	30.3211
4190.06	30.311
4190.96	30.2578
4192.05	30.2898
4193.09	30.3007
4193.95	30.2912
4195.06	30.3245
4195.99	30.2826
4196.9	30.1741
4198.03	30.2551
4199	150.24
4200.17	30.2949
4201.08	150.333
4202.02	30.2487
4203.11	30.2637
4204.02	30.2689
4204.99	30.2447
4206.1	30.1886
4206.98	30.3123
4208.14	30.3199
4209.08	30.206
4209.97	30.2601
4211.07	30.4028
4212.03	30.2701
4212.98	30.2685
4214.14	30.207
4215.01	30.2241
4215.93	30.2106
4217.07	30.24
4218	30.1814
4219.16	30.1144
4220.05	30.2317
4220.97	30.261
4222.1	30.2039
4223.05	30.2511
4223.91	30.2697
4225.07	150.426
4225.98	30.3016
4227.14	30.1694
4228.08	30.2841
4228.92	30.2667
4230.05	150.363
4231.06	30.1373
4231.95	30.237
4233.1	30.2793
4234	30.2453
4234.9	30.1747
4236.1	150.27
4237.01	30.2975
4238.09	30.2133
4239	30.2663
4239.98	30.1414
4241.09	30.2685
4242.02	30.2417
4243.01	30.3975
4244.11	30.3052
4244.99	30.1754
4246.12	30.3924
4247.01	30.303
4247.98	30.1807
4249.1	30.1746
4250.02	30.2319
4250.98	30.334
4252.07	30.2978
4253.01	30.1422
4253.94	30.4113
4255.06	30.2068
4255.99	30.2738
4257.13	30.2307
4258.01	30.3329
4258.98	30.1667
4260.07	30.2358
4260.99	30.2773
4261.96	30.3365
4263.12	30.2561
4263.97	30.291
4265.11	30.2607
4266.13	30.2377
4266.98	30.3406
4268.14	30.215
4269.04	30.3465
4269.95	30.2768
4271.08	30.3552
4272	30.3015
4272.95	30.2411
4274.05	30.1615
4275.06	30.2344
4276.09	30.2317
4277.04	30.2325
4277.95	30.2501
4279.08	30.2542
4280.07	30.2304
4280.95	30.3144
4282.06	30.3396
4282.96	30.2788
4284.15	30.3179
4285.04	30.3091
4285.95	30.2101
4287.1	30.3261
4288.03	30.2694
4288.97	30.2462
4290.1	30.289
4290.98	30.282
4291.93	30.2335
4293.05	30.2485
4294	30.3041
4295.14	30.2187
4296.04	30.2653
4297.01	30.276
4298.04	30.2261
4298.99	30.2616
4299.93	30.2828
4301.04	30.3148
4301.99	150.356
4303.13	30.2606
4304.04	30.3293
4304.99	30.3001
4306.08	30.176
4307.03	30.1453
4307.98	30.1977
4309.02	30.2598
4309.97	30.2451
4311.12	30.2532
4312.07	30.2364
4313.06	30.3036
4314.08	150.3
4315.06	30.2986
4315.94	30.2309
4317.04	30.2299
4318.03	30.2462
4318.94	30.2242
4320.06	30.3012
4321.01	30.2114
4322.11	150.382
4323.09	30.4189
4323.98	30.224
4325.07	30.3125
4326.01	30.308
4326.97	30.2179
4328.06	30.2975
4328.99	30.2646
4330.14	30.2828
4331.05	30.3678
4332.02	30.2058
4333.16	30.2521
4334.02	30.3166
4334.98	30.2922
4336.13	30.2239
4337.02	30.1982
4337.97	30.2418
4339.1	30.3175
4339.97	150.358
4341.14	30.2914
4342.02	30.2324
4342.92	30.2721
4344.13	30.2399
4345.02	30.2623
4345.96	30.2981
4347.02	30.2593
4348.03	30.3106
4349.13	30.2557
4350.07	30.2386
4350.96	30.2572
4352.08	30.132
4352.99	30.2078
4354	30.2166
4355.18	30.2749
4356.01	30.2852
4356.96	30.2976
4358.06	30.2056
4359.03	30.2095
4360.15	30.2544
4361.04	30.2575
4361.92	30.3184
4363.07	30.2952
4363.97	30.2889
4364.98	30.2158
4366.12	30.2547
4367.03	30.3126
4368.12	30.1582
4369.1	30.2657
4369.98	30.2447
4371.1	30.2756
4372.07	30.2737
4372.96	30.1571
4374.15	30.2716
4374.96	30.1664
4375.97	30.2395
4377.06	30.278
4378	30.278
4379.08	30.2659
4380.05	150.292
4380.99	30.3732
4382.09	30.2284
4383	30.2788
4383.98	30.2984
4385.1	30.2088
4386.02	30.2541
4387.14	30.2164
4388.1	30.2444
4389.01	30.2762
4390.08	150.424
4391.04	30.2663
4391.94	30.2256
4393.14	30.2404
4394.01	30.3235
4395	30.2623
4396.07	30.3117
4396.97	30.2467
4398.08	30.3061
4399.05	30.2488
4399.97	150.233
4401.07	30.2523
4402.03	30.2598
4402.97	30.2558
4404.08	30.1933
4405.04	30.2434
4406.17	30.2879
4407.07	30.2632
4407.98	30.273
4409.12	30.2733
4410.04	30.2079
4411	150.451
4412.09	30.3225
4412.97	30.2647
4413.98	150.325
4415.07	30.2111
4416.01	30.1911
4417.12	30.383
4418	30.2886
4418.93	30.3337
4420.12	30.3007
4421.05	30.209
4421.97	30.2932
4423.03	30.3658
4424.01	30.233
4425.13	30.3639
4426.01	30.0939
4426.92	30.1946
4428.08	30.266
4429.03	30.431
4429.91	30.3177
4431.07	30.3307
4432	30.3474
4432.92	30.243
4434.07	30.2836
4435.03	30.3727
4436.1	30.2286
4436.96	30.2818
4437.98	30.2829
4439.08	30.2116
4440.03	30.2331
4440.99	30.2092
4442.06	30.2771
4442.98	30.2633
4444.13	30.2366
4445.03	30.249
4446.03	30.2272
4447.13	30.2868
4448.06	30.2866
4448.96	30.2971
4450.09	30.2686
4451	30.301
4451.89	30.311
4453.06	30.2427
4453.98	30.3431
4455.11	30.3114
4456.02	30.2648
4456.95	30.2793
4458.08	30.2669
4459.02	30.217
4459.95	30.2764
4461.04	30.3088
4462.06	30.3422
4463.17	-209.614
4464.07	30.3192
4464.92	30.2369
4466.11	30.2247
4467.04	30.2454
4467.91	30.2582
4469.02	30.1477
4469.98	30.284
4470.96	30.1995
4472.12	30.174
4472.99	30.2794
4474.08	30.3109
4475.08	-209.662
4475.96	30.3007
4477.08	30.2493
4478.01	30.3126
4478.97	30.2971
4480.06	30.1692
4480.97	-209.728
4482.19	30.273
4483.05	30.2911
4483.95	30.2854
4485.04	30.311
4486.09	30.2158
4486.94	30.3445
4488.12	30.2617
4489.03	30.292
4490.09	30.2831
4491.05	30.2495
4491.99	30.2587
4493.13	30.1744
4494.06	30.3836
4494.97	30.1737
4496.13	30.3766
4497.01	30.2477
4497.97	30.2204
4499.01	30.2464
4500.01	30.3731
4501.1	-209.697
4502.03	30.2437
4503	30.3136
4504.1	30.2267
4505.03	30.288
4505.9	30.2731
4507.07	30.2229
4508.03	30.2399
4509.09	30.2079
4510.05	30.293
4511	30.3129
4512.14	30.2534
4513.02	30.2394
4513.95	30.3834
4515.11	30.2606
4516.06	30.2908
4516.95	30.2937
4518.07	30.2111
4518.98	30.241
4520.07	30.3567
4521.06	30.2164
4521.98	30.3663
4523.1	30.3379
4524.02	30.3377
4524.98	30.2076
4526.09	30.3415
4527.01	30.2944
4528.07	30.3607
4529.02	30.3482
4530.03	30.197
4531.1	30.3075
4532.03	30.2978
4533.02	30.3058
4534.07	30.2669
4535.01	30.2808
4535.97	30.3178
4537.03	30.3002
4538.07	30.2538
4539.18	30.2849
4540.08	30.2653
4541.04	-209.559
4542.06	30.2667
4543.03	30.3087
4543.91	30.3035
4545.09	30.2653
4545.96	30.2912
4547.16	30.2308
4548.08	30.3815
4548.99	-209.675
4550.15	30.2615
4551.07	30.2965
4551.95	30.2282
4553.07	30.2916
4554.04	30.2411
4554.96	-209.6
4556.06	30.2621
4557.05	30.359
4558.11	-209.663
4559.07	30.3782
4559.98	30.2955
4561.08	30.2689
4562.03	30.2593
4562.88	30.2571
4564.16	30.354
4564.96	30.3113
4566.1	30.14
4567.04	30.268
4568.01	30.3122
4569.08	30.3763
4570.02	30.3347
4570.95	30.2681
4572.08	30.3281
4572.96	30.2776
4573.88	30.2468
4575.06	30.3264
4575.98	30.2416
4577.07	30.2869
4578.03	30.2863
4579	30.2124
4580.06	30.271
4581.06	30.2203
4581.98	30.2991
4583.1	30.2816
4583.98	30.2368
4585.14	30.2355
4586.08	30.3073
4586.99	30.2456
4588.15	30.2272
4589.1	30.3115
4589.95	30.2966
4591.06	30.3074
4592.04	30.2954
4592.98	30.2875
4594.03	30.4224
4595	30.2899
4596.16	30.4378
4596.98	30.2113
4598.01	30.2771
4599.09	30.323
4600.09	30.2325
4601.01	30.3026
4602.1	30.271
4603.06	30.2804
4604.13	30.3297
4605.02	30.2927
4605.98	30.3357
4607.14	-209.657
4608.05	30.2861
4608.93	30.2763
4610.16	30.1949
4611.04	30.3171
4611.99	30.308
4613.11	30.2477
4613.99	30.3311
4615.1	30.2594
4616.04	30.283
4616.99	30.2764
4618.04	30.3282
4619.01	30.3202
4619.99	30.2974
4621.1	30.2302
4622.06	30.3393
4623.16	30.2921
4624.04	30.2063
4625.06	30.2952
4626.11	30.3834
4627.07	30.2581
4628.03	30.3404
4629.06	30.2734
4630.01	30.2824
4630.88	30.2916
4632.02	30.2953
4633.03	30.3172
4634.14	30.274
4634.99	30.3523
4635.99	30.2604
4637.09	30.1704
4637.97	30.2576
4639.03	30.2913
4640.06	30.2452
4640.95	30.2979
4642.06	30.2361
4643.04	30.3354
4643.96	30.3476
4645.04	30.2508
4646.08	30.1688
4646.97	30.2792
4648.01	30.2796
4649.05	30.3008
4649.91	30.2722
4651.1	30.2832
4652	30.1202
4653.12	30.2576
4654.03	30.2874
4654.91	30.2425
4656.14	30.2234
4657.04	30.2743
4658.01	30.2474
4659.09	30.175
4660.02	30.3106
4661.12	30.2928
4662.08	30.2473
4662.98	30.2523
4664.01	30.3432
4665.05	30.3066
4666	30.2624
4667.13	30.2868
4667.98	30.3087
4669.11	30.3367
4670.12	30.2061
4671.02	30.2543
4672.09	30.3231
4673	30.2527
4674.04	30.1947
4675.05	30.3418
4676.06	30.317
4676.95	30.2931
4678.02	30.2778
4679.02	30.2229
4680.14	30.3008
4681	30.3221
4681.84	30.2715
4683.1	30.2331
4684.01	30.3512
4685.03	30.2666
4686.08	30.3045
4687.06	150.457
4688.09	150.459
4689.05	30.2277
4690.07	30.3454
4691.14	30.3091
4692.09	30.2379
4692.92	30.2982
4694.09	30.2492
4695.04	30.2582
4695.95	30.2551
4697.12	30.3594
4697.94	30.3009
4699.13	30.3502
4700.08	30.327
4700.99	30.2688
4702.16	30.29
4703.11	30.3097
4703.94	30.2928
4705.07	30.2615
4705.98	30.1752
4707.1	30.2464
4708.05	30.3573
4708.95	30.3268
4710.06	30.2355
4711.02	30.4324
4712.01	30.2526
4713.07	30.2237
4714	30.2021
4714.92	30.2429
4716.08	30.2503
4716.96	30.3131
4718.1	30.4135
4719.13	30.3182
4719.89	30.3521
4721.09	30.3327
4722.08	30.3025
4723.02	30.3389
4724.1	30.2325
4725.01	30.2609
4726.14	30.3164
4727.05	30.2834
4728.02	30.2345
4729.21	30.3777
4730.01	30.2715
4731.01	30.2844
4732.1	30.2863
4733	30.252
4734	30.2803
4735.05	30.3568
4736	30.3273
4737.13	30.2166
4738.04	30.3287
4738.99	150.42
4740.12	150.362
4741.05	30.312
4741.94	30.3178
4743.17	30.2571
4743.97	30.3835
4745.14	30.2596
4746.12	30.3111
4746.98	30.2383
4748.13	150.249
4749.09	30.3083
4750.02	30.2291
4751.08	30.3319
4752.05	30.3923
4752.92	30.3616
4754.08	30.2882
4754.98	30.2584
4756.15	30.2778
4757.1	150.285
4758.02	30.3178
4759.08	30.3108
4759.99	30.3464
4760.97	30.2818
4762.15	30.3132
4763.05	30.2823
4764.15	30.3066
4765.05	30.3503
4765.98	30.2888
4767.16	30.2795
4768.08	30.2662
4769.03	30.1979
4770.12	30.2938
4771	30.3544
4772	30.2823
4773.03	30.2602
4773.97	30.3466
4775.13	30.3162
4776.07	30.332
4776.98	30.2806
4778.11	30.3135
4779.06	30.2815
4779.98	30.3268
4781.07	30.2119
4781.97	30.3206
4783.15	30.349
4784.02	30.421
4784.95	30.3567
4786.13	30.1931
4787.04	30.321
4787.93	30.2717
4789.06	30.2896
4790.03	30.2755
4790.98	30.3459
4792.06	30.3275
4792.98	30.2435
4794.09	30.2143
4795.03	30.3309
4795.98	30.338
4797.1	150.458
4797.98	30.4457
4799	30.2712
4800.1	30.3367
4800.96	30.3037
4802.09	30.2392
4802.97	30.2097
4803.96	30.3515
4805.09	30.2829
4806	30.2744
4806.99	30.2958
4808.02	30.2223
4808.96	30.2601
4809.94	30.3175
4811.01	30.3725
4811.95	30.2902
4813.13	30.2688
4814.02	30.2434
