Frequency - Phase	Phase - Phase
1800.03	132.827
1801.01	31.7383
1801.98	31.6877
1803.08	-208.268
1803.98	31.7198
1805.16	-208.138
1806.09	-208.276
1807.01	31.571
1808.12	-208.285
1809.04	31.6749
1809.96	31.7111
1811.09	-208.284
1812	31.5973
1812.93	31.7507
1814.14	31.7159
1814.98	31.7502
1816.09	31.7301
1817.05	-208.274
1817.96	-208.3
1819.08	31.6807
1820.07	31.6396
1820.96	31.779
1822.08	31.754
1823.05	31.5886
1824.1	31.59
1825.04	31.6641
1825.97	31.5702
1827.14	-208.293
1828.03	31.601
1828.96	31.6747
1830.11	31.6229
1831.05	31.6623
1831.98	-208.277
1833.08	31.6748
1834.04	31.7617
1835.11	31.6336
1836.01	31.6615
1836.94	-208.266
1838.16	-208.212
1838.96	31.7965
1840	31.782
1841.16	31.6039
1841.97	31.7555
1843.13	31.7807
1844.11	31.6606
1844.99	31.7253
1846.15	-208.247
1847.12	31.6091
1847.96	31.6771
1849.07	31.7404
1850.06	31.6826
1850.89	31.6415
1852.07	31.698
1853.04	-208.135
1854.06	31.6332
1855.07	31.6299
1855.99	31.7643
1857.15	-208.158
1858.05	31.6174
1858.96	31.7073
1860.04	-208.157
1860.98	-208.138
1862.13	31.6359
1863.11	31.6288
1864.09	-208.231
1865.13	31.5545
1866.01	-208.138
1866.95	31.6475
1868.08	31.6563
1869.05	31.7236
1869.92	31.7916
1871.04	31.6832
1871.93	31.6937
1873.1	31.6627
1874	31.6952
1875.02	-208.259
1876.04	31.7018
1877.12	-208.26
1878	31.7441
1879	31.7056
1879.99	31.8579
1881.16	31.7832
1882.06	31.7535
1883.02	31.7587
1884.16	-208.056
1885.05	31.6542
1885.97	-208.18
1887.14	31.7888
1888.02	31.6881
1888.92	31.6955
1890.07	31.8019
1890.98	31.607
1892.08	31.6768
1893	31.7417
1893.91	-208.143
1895.11	31.7752
1896.01	-208.185
1896.91	31.6869
1898.02	31.6603
1898.95	31.7518
1900.16	-208.2
1901.2	31.7226
1902.02	-208.162
1903.13	31.672
1904.1	31.819
1905	31.6964
1906.09	31.7174
1907.05	31.7992
1908.02	31.641
1909.02	31.7377
1910.06	31.6667
1911.02	31.7739
1912.02	-208.143
1913.01	31.8236
1914.11	31.7774
1914.96	31.7078
1915.97	-208.067
1917	-208.197
1917.98	31.6986
1919.1	31.8502
1920.08	31.7683
1921.03	31.6593
1921.99	31.7455
1923.02	31.7792
1923.94	31.8519
1925.09	31.7288
1925.98	31.8759
1927.18	31.7849
1928.08	-208.143
1929.04	-208.14
1930.09	31.7213
1931.08	-208.105
1931.94	-208.132
1933.05	31.8677
1934.05	-208.187
1934.96	31.784
1936.06	-208.14
1936.98	31.8752
1938.15	31.7569
1939.08	31.7672
1939.96	31.9062
1941.13	31.8415
1942.07	-208.11
1942.99	31.8891
1944.12	31.8313
1945.03	31.8741
1946.12	31.7742
1947.07	31.7059
1947.99	-208.071
1949.11	-208.121
1949.97	31.7345
1951.03	31.8299
1952.05	-208.117
1953.05	-208.167
1953.95	31.8841
1955.11	31.7354
1955.91	31.8653
1957.13	-208.121
1958.04	31.747
1959.03	31.6903
1960.07	31.7647
1961.05	-208.086
1961.91	-208.127
1963.12	-208.075
1963.95	31.8955
1965.18	31.8693
1966.01	31.8849
1966.97	-208.139
1968.21	31.7449
1969.05	31.8531
1969.9	31.7131
1971	31.7845
1971.99	31.907
1972.98	31.8677
1974.09	31.7704
1974.97	31.7545
1976.08	31.7873
1976.99	-208.134
1977.99	-207.986
1979.07	31.8439
1979.97	31.8663
1980.98	31.9234
1982.1	31.7674
1982.99	-208.114
1983.99	-208.01
1985.01	31.7893
1986.03	31.8865
1987.09	-208.104
1987.95	31.903
1988.9	31.9237
1990.05	-208.094
1990.9	31.9389
1991.91	31.8899
1993.07	31.8054
1993.93	31.8687
1995.02	31.8391
1995.95	31.9268
1996.91	31.8492
1998.04	31.7519
1998.97	-207.954
1999.93	-208.049
2001.03	31.778
2001.96	31.8107
2003.09	31.9322
2004.01	31.9337
2005.03	31.9335
2006.07	151.967
2007.02	31.7554
2008	31.8288
2009.09	151.929
2010.02	151.972
2010.9	31.9726
2012.02	31.915
2012.9	31.8188
2014.16	31.9011
2015.04	31.7966
2015.9	151.977
2017.05	31.7916
2017.98	31.9714
2018.98	31.8805
2020.03	151.973
2020.99	152.045
2022.11	151.97
2023	31.9482
2024.03	31.7265
2025	31.9031
2026.06	31.8652
2026.95	31.8365
2027.96	31.9789
2028.99	151.923
2030.01	31.8649
2031.02	151.973
2032.11	31.9536
2033.11	152.056
2033.97	152.116
2034.93	31.8735
2035.98	31.8526
2037	152.053
2037.91	31.8015
2039.12	151.971
2039.05	32.001
2041.12	31.9145
2042.08	151.983
2042.95	31.8567
2044.03	31.828
2044.93	31.9972
2045.91	31.8984
2047.09	152.039
2048	31.9958
2048.97	31.9523
2050.09	31.7918
2050.91	152.006
2052.13	152.086
2053	31.8626
2054.03	31.8962
2055.03	151.942
2055.99	152.002
2057	31.8755
2058.05	31.9224
2059	31.9583
2060.09	31.9565
2061.09	31.8159
2061.99	31.9484
2063.02	152.046
2064.02	31.9818
2064.93	31.8769
2066.08	32.0095
2067.05	31.9209
2067.88	151.98
2069.03	31.9828
2070.06	31.8537
2071.09	31.9666
2072.05	31.8928
2072.94	31.9771
2074.11	31.8596
2074.98	152.018
2075.98	152.014
2077.12	31.9502
2077.99	32.0045
2079.04	152.094
2079.98	152.049
2080.92	31.8209
2082.1	31.8436
2083.01	31.8481
2083.93	31.8582
2085.05	31.8913
2085.99	31.9438
2086.9	31.8816
2088.1	31.8574
2088.89	31.9286
2090.11	31.8823
2091.04	31.8719
2092	31.8339
2093.18	31.8955
2094.02	31.8869
2094.94	32.0556
2096.08	32.0409
2096.97	31.9823
2098.12	31.9249
2099.03	152.05
2100.03	31.9045
2101.05	31.9112
2102.06	152.121
2102.92	152.008
2104.11	152.062
2105.01	31.9712
2106.14	31.9181
2107.06	152.024
2107.97	31.9478
2109.05	152.165
2110.06	31.8931
2111	31.853
2112.07	31.8703
2113.06	31.9362
2113.94	31.9034
2115.05	31.9765
2115.94	32.0791
2117.05	32.0498
2118.1	31.9247
2118.98	31.9401
2120.16	31.9485
2121.07	32.0653
2121.98	32.0153
2123.04	32.048
2123.95	31.9696
2125.13	152.059
2126.07	31.9539
2126.9	32.0427
2128.11	31.9211
2129.02	32.022
2129.94	152.112
2131.06	152.071
2132	31.8869
2132.99	32.0645
2134.05	32.0022
2135.02	32.0749
2136.12	152.081
2137.01	32.0312
2137.96	152.053
2139.11	31.9806
2139.96	32.0486
2140.95	31.8893
2142.06	31.8874
2143.03	31.8756
2144.07	152.054
2145.06	152.14
2145.94	31.9437
2147.05	152.093
2148.05	32.0386
2148.96	32.0783
2150.07	32.0489
2151.02	32.0875
2151.93	152.041
2153.08	31.8883
2153.99	31.9806
2155.11	32.0612
2156.12	31.9952
2156.92	152.126
2158.07	32.0183
2159.08	31.9297
2160.01	31.9093
2161.05	32.0621
2161.99	32.0119
2163.11	152.175
2164.02	31.9168
2165.02	31.9419
2166.12	32.114
2166.95	32.1092
2167.95	31.916
2169.07	31.9397
2169.97	152.067
2171.01	32.0542
2172.09	32.1139
2172.92	31.9493
2174.11	32.076
2175.04	31.9772
2175.98	32.0921
2177.04	32.0091
2178.04	31.9553
2178.95	31.9607
2180.09	152.112
2181.09	31.8575
2182.11	152.093
2183.03	31.9812
2183.89	32.0228
2185.16	152.134
2186.05	32.0087
2187	31.9669
2188.08	32.0638
2188.95	31.9668
2189.95	152.025
2191.05	152.142
2192	32.0912
2193.1	152.214
2194.03	32.1087
2194.94	32.1447
2196.14	32.1029
2196.98	152.1
2197.91	32.1307
2198.98	32.085
2199.96	32.0511
2201.08	152.184
2201.99	32.0047
2203.01	32.0327
2204.11	152.114
2205.02	152.208
2205.93	32.0156
2207.05	152.092
2208	31.9637
2208.93	32.0145
2210.04	152.117
2210.95	32.0784
2212.13	31.9138
2213.05	32.0458
2213.96	32.0898
2215.06	31.9952
2215.96	152.223
2216.92	32.1396
2218.09	32.0964
2218.99	32.0416
2220.07	152.139
2221.05	152.136
2221.99	32.1839
2223.1	32.0306
2224.02	152.284
2224.93	32.1215
2226.06	152.141
2226.95	32.0575
2227.88	31.9976
2229.04	32.0783
2229.94	32.155
2231.17	32.1316
2232.02	32.0866
2232.92	152.138
2234.04	152.196
2234.96	152.159
2235.93	32.133
2237.06	32.1726
2237.98	32.0016
2239.1	152.192
2240.04	32.0841
2240.96	152.205
2242.09	152.142
2243.01	32.0492
2243.97	32.1038
2245.08	32.0067
2246.07	152.114
2246.94	32.1511
2248.08	32.1175
2248.97	32.1982
2250.11	32.171
2251.04	32.1226
2251.89	32.1655
2253.06	32.0367
2254.04	152.126
2254.95	32.1922
2256.03	32.2032
2257.04	31.972
2258.15	152.138
2258.98	152.195
2260.02	32.009
2261.09	32.0967
2262.02	32.0543
2262.98	31.9912
2264.03	32.1107
2264.99	32.0887
2265.95	32.0854
2267.02	31.9897
2267.99	32.1607
2269.17	152.191
2270.06	32.0981
2270.94	32.1686
2272.06	152.179
2272.96	152.186
2274	152.208
2275.07	152.233
2275.99	32.1495
2277.12	32.174
2278.05	32.1265
2279.03	32.123
2280.08	152.177
2281.03	32.0584
2281.94	32.0845
2283.04	32.0866
2283.94	32.1712
2285.12	32.0638
2286.06	32.1093
2286.99	32.0754
2288.07	152.189
2288.99	152.208
2289.96	32.2126
2291.06	32.2448
2291.99	152.225
2292.88	32.0829
2294.06	32.0509
2294.99	152.329
2296.04	152.381
2297.06	32.16
2297.98	32.2297
2299.06	32.0808
2300.05	152.339
2300.94	32.1433
2302.06	32.1015
2302.99	32.0961
2304.14	32.1505
2305.06	152.307
2305.99	32.2261
2307.12	32.1868
2308.04	152.249
2309	32.059
2310.07	32.182
2311.02	32.2033
2311.99	32.1502
2313.05	32.1903
2313.98	32.125
2315.09	32.1686
2316.12	32.22
2316.97	32.1175
2318.12	32.2225
2318.98	32.2015
2319.91	152.246
2321.09	32.1948
2322.05	32.2519
2323.12	152.225
2324.02	152.297
2325.02	152.209
2326.12	32.1231
2327.02	32.0918
2328	32.0634
2329.08	32.1816
2330.01	152.261
2330.92	32.1984
2332.09	32.3029
2333.02	152.339
2334.14	32.1235
2335.06	32.1965
2335.93	152.25
2337.08	32.178
2338.03	152.273
2338.97	152.283
2340.05	32.2621
2340.99	32.1999
2342.14	32.289
2343.01	32.0944
2343.98	152.293
2345.08	32.2275
2346.06	32.1422
2347	152.263
2348.12	152.17
2348.98	152.308
2349.95	32.2261
2350.99	152.27
2352.05	32.2169
2353.11	32.2762
2354	152.307
2354.95	32.2876
2356.14	152.236
2356.96	32.1627
2357.94	32.2973
2359	32.2094
2359.98	32.131
2361.08	32.2088
2362.02	32.1277
2363	32.1807
2364.08	32.2824
2364.98	32.1662
2365.95	152.379
2367.06	32.3485
2368	32.2101
2368.93	32.1391
2370.13	152.28
2370.97	32.2772
2372.1	32.1728
2373.05	152.371
2374.01	152.308
2375.08	32.2314
2376.03	152.316
2376.92	32.1842
2378.06	152.253
2379	32.2899
2380.11	32.1219
2381.09	32.3007
2381.98	32.16
2383.01	32.2485
2384.01	32.201
2384.91	32.1746
2386.08	32.2249
2386.99	32.1783
2387.94	32.3058
2389.07	32.1462
2389.92	152.242
2391.07	32.2859
2391.97	32.2545
2392.98	32.3277
2394.09	152.352
2395.07	152.367
2395.98	32.2466
2397.03	32.2549
2398.01	32.1788
2399.15	32.2321
2400.05	32.1653
2400.92	32.1999
2402.07	32.2634
2402.97	32.2195
2403.93	152.407
2405.1	152.28
2405.99	32.2161
2406.94	32.2652
2408.04	32.3169
2408.97	152.305
2410.07	152.34
2411.02	32.2317
2411.96	32.2086
2413.09	152.364
2414.05	152.406
2415.07	152.374
2416.03	32.342
2417.03	32.3666
2418.06	152.374
2419.02	32.2054
2419.98	32.2341
2421.06	32.2218
2421.99	32.3807
2422.95	32.2865
2424.06	32.2411
2424.98	32.358
2425.93	152.35
2427	32.2356
2427.99	32.2792
2429.12	32.1749
2430.05	152.351
2430.94	152.426
2432.07	32.2985
2433.06	32.2819
2433.93	32.1928
2435.07	32.21
2435.94	-207.6
2437.14	32.2342
2438.08	-207.594
2438.99	32.2437
2440.18	32.312
2441.01	32.3554
2441.99	32.3426
2443.09	-207.618
2444.03	-207.672
2444.91	32.3418
2446.06	32.2792
2446.99	-207.566
2448.07	32.2564
2449.01	-207.639
2449.97	32.2224
2451.04	32.3887
2451.95	32.3153
2452.97	32.2329
2454.11	32.3393
2455.02	32.2462
2456.09	-207.612
2457.07	-207.628
2458.01	32.4234
2459.11	32.2766
2459.95	-207.54
2460.98	32.184
2462.09	32.2112
2462.97	-207.593
2463.95	32.2192
2465.03	32.2715
2465.94	32.338
2467.09	32.2907
2468.05	32.2519
2468.91	32.284
2470.08	-207.584
2470.98	32.2893
2471.88	32.2906
2473.1	32.4137
2473.98	32.431
2475.15	32.2979
2476.12	32.3701
2476.93	-207.563
2478.06	32.3345
2478.99	32.2182
2479.95	-207.614
2481.04	32.2961
2481.92	32.3299
2483.13	32.4036
2484.06	-207.574
2484.96	-207.602
2486.09	32.2273
2487.03	32.3322
2487.91	32.3445
2489.07	32.4274
2490.02	-207.574
2490.95	-207.6
2492.01	32.3369
2493.02	-207.6
2494.1	32.4769
2495.05	32.4162
2495.98	32.4214
2497.11	32.3189
2498.04	32.3429
2498.99	32.2707
2500.03	-207.518
2501	32.3664
2502.08	32.4313
2503.11	-207.612
2503.98	-207.592
2505.09	32.2995
2506.07	-207.514
2507	32.4191
2508.1	-207.476
2509.02	32.2814
2509.91	32.3128
2511.07	-207.446
2512	-207.563
2513.02	32.4119
2514.05	-207.615
2515.01	32.4508
2516.07	-207.52
2517	-207.576
2517.9	32.2273
2519.04	32.3202
2520.02	-207.469
2521.08	32.4654
2522.03	32.2845
2522.98	-207.518
2524.11	32.42
2525.05	32.4121
2525.91	32.3103
2527.11	32.4003
2527.99	-207.493
2528.92	-207.496
2530.04	32.3661
2531.04	32.3274
2532.09	32.3206
2533	32.3556
2533.94	-207.515
2535.08	32.3693
2535.98	32.2617
2536.93	-207.546
2538.03	32.4457
2538.98	32.4143
2540.14	-207.57
2541.08	32.2808
2541.97	32.5005
2543.12	32.3534
2544	32.2966
2544.98	32.504
2546.09	32.3927
2547.07	32.3026
2547.88	32.5212
2549.02	32.3522
2550.01	32.4232
2551.1	-207.572
2551.98	32.3685
2553.01	32.3345
2554.01	32.3146
2554.97	32.3391
2555.93	-207.48
2557.09	32.3179
2557.93	-207.464
2559.1	32.3773
2560.06	32.3495
2560.99	32.3898
2562.11	32.4758
2562.94	-207.445
2563.99	32.2842
2565.05	32.3643
2566.02	32.3167
2566.95	32.3319
2568.1	32.3238
2568.99	32.5578
2570.02	-207.482
2571	32.4055
2571.96	-207.5
2573.06	-207.375
2574.02	32.463
2574.92	32.4407
2576.05	-207.511
2577.03	32.5229
2578.09	-207.46
2579.06	-207.458
2579.96	32.3601
2581.02	-207.321
2582.01	32.3919
2582.97	32.4918
2584.03	32.4982
2584.95	32.5123
2585.96	-207.465
2587	32.545
2587.99	-207.52
2589.15	32.3595
2590.04	32.4776
2590.96	32.3764
2592.05	-207.38
2593.06	32.3934
2593.89	32.5663
2595.04	32.5003
2595.97	32.3563
2597.09	32.4316
2598.02	-207.468
2598.93	32.4992
2600.09	32.4454
2601.09	32.5202
2602.01	32.3299
2603.13	32.3693
2604	-207.436
2604.88	-207.446
2606.08	32.4758
2606.99	-207.428
2608.08	-207.406
2609.04	32.4219
2609.91	-207.36
2611.02	32.5082
2611.96	32.4175
2612.95	32.404
2614.17	-207.41
2614.98	32.3851
2616.09	32.3711
2617.06	32.4217
2617.95	32.3587
2619.11	32.4493
2620.12	32.3871
2620.97	32.473
2622.04	32.3974
2622.97	32.3882
2623.95	32.4174
2625.01	32.4461
2625.94	32.4686
2627.08	32.4432
2628.04	32.4628
2628.95	32.4964
2630.1	32.4302
2631.05	32.4811
2631.91	-207.413
2632.99	32.4276
2634	32.389
2635.08	32.5247
2636.01	32.4543
2636.95	32.4424
2638.15	-207.386
2638.99	32.5615
2639.91	32.3843
2641.07	32.5499
2642.03	32.4025
2642.87	-207.363
2643.94	-207.408
2644.93	32.4316
2646.11	32.4987
2647.09	32.4495
2647.98	32.4693
2649.05	-207.373
2650.02	32.4822
2650.97	32.4244
2652.09	-207.405
2652.97	32.5052
2654.06	-207.35
2655.05	32.4824
2656.02	-207.445
2657.13	32.4776
2657.99	32.6321
2658.99	32.4022
2660.03	32.4387
2660.91	32.541
2662.12	32.4099
2663.06	32.4792
2663.95	-207.345
2665.07	32.4861
2665.94	-207.365
2666.9	152.725
2668.1	32.5151
2669.03	32.61
2670.04	152.591
2671.03	32.6607
2671.97	32.6214
2673.14	152.605
2674.04	32.4552
2674.97	32.478
2676.05	32.46
2676.97	32.5253
2677.98	32.4933
2679.01	32.477
2680.04	152.686
2681.08	152.636
2682.04	32.473
2682.96	32.4634
2684.13	32.4937
2685.09	32.4877
2685.86	152.695
2687.07	152.686
2688.03	32.4645
2688.92	32.5034
2690.07	32.5476
2691.01	32.4464
2692.08	32.5677
2692.95	32.5763
2693.94	152.605
2695.16	152.618
2696.03	32.4854
2696.97	32.5217
2698.08	32.4478
2699	32.4148
2700.12	32.5033
2701.04	32.6825
2702.01	32.4909
2703.1	152.689
2704.02	32.5214
2704.89	152.661
2706.07	152.666
2707	32.4725
2707.92	32.4783
2709.12	32.5291
2709.93	152.647
2711.16	32.4936
2712.06	32.5229
2712.96	32.4748
2714.01	152.635
2714.95	32.4966
2715.96	32.506
2717.06	32.5501
2718.03	32.5712
2719.16	32.5377
2720.04	32.5847
2721.05	32.4942
2722.07	152.74
2723.04	32.5158
2723.99	32.4794
2725.05	152.742
2725.96	152.702
2726.94	32.5623
2728.05	152.689
2728.91	32.6005
2730.06	32.567
2731.03	32.5385
2731.99	152.67
2733.16	32.4185
2733.98	32.5415
2734.98	152.69
2736.02	32.5503
2737.05	32.5507
2738.02	152.729
2739	32.5724
2739.98	32.5648
2741.15	32.4953
2742	32.55
2742.94	32.6589
2744.09	152.707
2744.98	32.6118
2745.89	32.5141
2747.08	32.5861
2748	152.805
2749.15	32.6602
2750.07	32.5671
2750.99	152.797
2752.05	32.6123
2753.02	32.559
2753.98	32.6311
2755.07	152.721
2755.99	152.752
2757.12	32.5836
2757.97	32.6101
2758.96	32.6084
2760.06	32.6893
2760.99	152.834
2761.92	32.5653
2763.02	32.5987
2764	152.786
2764.9	32.577
2766.04	32.3996
2767.01	32.536
2768.16	32.5818
2768.98	32.6182
2769.94	32.6208
2771.07	32.6116
2772.02	32.5343
2772.97	32.5618
2774.04	32.5168
2774.93	152.817
2776.1	32.5984
2776.98	32.6382
2777.98	32.6235
2779.12	152.764
2780.03	32.6082
2780.97	152.736
2782.04	32.5181
2782.94	32.6306
2783.91	32.6565
2785.02	32.6254
2785.94	32.5807
2787.1	152.791
2788.05	32.5646
2788.96	32.5787
2790.05	32.6058
2790.93	32.644
2791.97	32.6081
2793.06	32.5376
2793.98	32.5223
2795.11	32.6522
2796	152.806
2796.9	32.6014
2798.07	32.5385
2799.04	32.6479
2800.01	32.615
2800.98	32.6659
2802.03	32.5862
2802.98	32.5746
2804.05	152.809
2804.93	152.867
2806.06	32.6038
2807.01	32.6045
2807.98	32.5143
2809.07	152.772
2810	32.6577
2810.94	32.5861
2812.04	152.83
2813.01	32.6569
2814.14	152.816
2815.01	32.6316
2815.96	152.815
2817.14	152.981
2818	152.854
2818.93	32.5696
2820.07	32.6393
2821.05	32.6147
2821.87	32.6093
2823.05	32.6519
2823.9	32.4712
2825.07	32.6486
2826.04	152.912
2826.94	32.6461
2828.06	152.881
2829	32.5623
2829.93	32.5543
2831.06	32.6594
2831.95	32.5776
2833.18	32.4683
2834.05	32.6101
2834.91	32.5859
2836.12	32.5701
2837.05	152.889
2837.95	32.5628
2839.05	32.5936
2839.99	32.5441
2841.08	32.5473
2842.07	152.805
2842.91	32.6688
2844.04	32.6232
2844.98	32.595
2846.03	32.588
2847.08	32.5753
2847.96	32.6235
2848.98	32.6364
2850.09	32.5511
2851	32.6245
2852.13	32.5473
2853.05	32.6267
2854.02	32.5491
2855.08	32.4531
2856.03	32.4525
2856.98	32.5766
2858.08	152.911
2858.99	32.4603
2860.15	32.5973
2861.02	153.071
2861.97	32.5772
2863.1	32.5756
2864.05	32.6721
2864.94	32.584
2866.08	32.5108
2867.06	153.062
2867.96	32.6098
2869.07	32.5264
2869.95	32.5801
2871.11	153.064
2871.96	32.6444
2872.94	32.5511
2874.09	32.6047
2875.06	32.5622
2875.97	32.4652
2877.04	152.947
2878	152.994
2879.12	152.979
2880.04	32.5427
2880.96	32.5788
2882.08	32.5624
2882.95	32.5775
2883.98	32.5416
2885.04	32.5769
2886.02	32.5614
2886.89	153.066
2888.08	32.4196
2889.03	32.5432
2890.1	153.049
2891.06	32.5608
2891.95	152.984
2893.08	32.5185
2894	32.5609
2894.97	32.5324
2896.13	32.5424
2897.03	32.6036
2898.19	32.5595
2899.03	32.5275
2899.96	32.6002
2901.04	32.5785
2902.03	32.5494
2903.01	32.5248
2904.08	32.5463
2905.04	32.6035
2905.96	32.5479
2907.06	32.492
2907.98	152.981
2909.13	32.5691
2910.04	32.5672
2910.93	32.6143
2912.09	32.4717
2912.97	32.472
2913.97	32.69
2915.05	32.5798
2915.98	153.018
2917.11	32.5394
2918	32.5957
2918.97	32.6454
2920.05	32.558
2921.01	153.064
2921.97	152.961
2923.1	153
2923.96	32.5973
2924.95	32.6981
2926	32.531
2927	32.6572
2928.08	153.038
2929.02	32.589
2930.02	32.5499
2931.07	32.5109
2932.06	32.5711
2932.92	32.5676
2934.11	32.5738
2934.97	32.6842
2936.14	152.954
2937.04	153.044
2937.97	32.569
2939.09	32.5601
2939.99	32.6595
2940.96	32.6127
2942.13	32.61
2942.96	32.7273
2943.92	32.7465
2945.05	32.672
2945.96	152.969
2947.11	32.7051
2948.07	32.5474
2948.97	32.4943
2950.08	32.7267
2951.01	32.6983
2951.91	32.6973
2953.03	32.6787
2953.99	153.092
2955.14	32.7054
2956.08	32.6794
2956.89	32.6995
2958.03	32.6112
2959.05	32.6694
2959.97	32.7298
2961.12	32.6518
2961.98	152.985
2962.89	32.6895
2964.03	32.607
2965.05	32.5814
2966.1	32.7511
2967.08	32.6811
2968	32.555
2969.08	153.008
2970.02	32.6601
2971.02	153.125
2972.07	32.7287
2973.01	152.981
2974.15	32.7077
2975.02	32.7248
2975.99	32.7003
2977.12	32.7115
2978.04	32.7212
2978.86	32.7382
2980.02	32.7334
2980.97	32.6066
2981.92	32.6785
2983.04	32.7383
2983.96	32.6802
2985.11	32.6921
2986.02	32.6239
2986.96	32.7351
2988.09	32.7084
2989.02	32.5717
2989.95	32.7677
2991.08	32.7119
2991.96	32.8362
2993.08	153.031
2994.05	32.6998
2994.96	32.6674
2996.12	32.7907
2997.07	32.5596
2997.93	32.5861
2999.08	32.6837
3000	32.7304
3000.93	153.086
3002	32.7505
3002.96	32.7752
3004.08	32.7465
3004.97	32.7032
3005.98	32.7096
3007.06	32.7317
3007.97	153.014
3008.94	32.697
3010.08	32.707
3011	32.7968
3012.06	32.7017
3013.02	32.754
3013.97	32.7585
3015.09	32.7714
3016.05	32.7123
3016.92	32.7936
3018.05	32.7921
3018.99	32.803
3020.13	153.05
3021.05	32.8459
3021.99	32.7347
3023.11	32.871
3023.99	32.8033
3024.96	32.7285
3026.07	32.8166
3027.04	152.97
3027.97	32.7148
3029.09	32.725
3030	32.7229
3031.13	32.7313
3032.06	32.7798
3032.96	153.075
3034.04	32.8004
3035.02	32.7481
3035.97	32.8468
3037.09	32.7589
3038.08	32.8411
3039.14	32.7242
3040.01	32.865
3041.02	32.7473
3042.13	32.7453
3043.06	32.7825
3043.97	32.7341
3045.06	32.8265
3045.95	32.87
3046.87	32.88
3048.02	153.108
3048.97	32.7996
3050.11	32.698
3051.01	32.8247
3051.95	153.14
3053.08	32.7768
3053.95	153.021
3054.96	32.8231
3056.04	32.7442
3056.02	153.052
3058.14	32.8839
3059.01	152.955
3059.09	32.6282
3059.96	153.019
3062.04	32.8543
3062.94	32.757
3064.08	32.809
3064.98	32.8475
3065.93	32.879
3067.04	32.8005
3067.94	32.7866
3069.09	32.8261
3070.05	153.078
3070.98	32.8444
3072.1	153.062
3073.04	152.969
3073.97	32.7814
3075.06	32.7603
3076	152.95
3077.13	32.807
3078.04	32.8561
3079.02	32.82
3080.08	32.8409
3080.97	153.1
3081.99	32.9446
3083.13	153.043
3084.02	32.8399
3084.98	32.8646
3086.05	32.8555
3086.99	32.8392
3088.07	32.8933
3089.1	32.9476
3090.02	32.8159
3091.05	32.8089
3092.07	153.03
3092.97	32.8294
3094.02	32.8873
3095.01	32.8468
3096.12	32.8281
3097.05	153.027
3097.01	32.8887
3099.14	32.8738
3100.05	32.8495
3100.93	32.8908
3102.07	-206.977
3102.99	32.8596
3103.96	32.8448
3105.08	32.9009
3106	32.8555
3107.1	33.0393
3108.05	32.8678
3108.98	32.9166
3110.06	-207.001
3111.02	32.9009
3111.97	32.9548
3113.04	-206.825
3113.96	32.9328
3115.13	-206.951
3116.09	-206.916
3116.92	32.8937
3118.09	32.9176
3119.03	32.9268
3120.01	-207.011
3121.03	32.9299
3122.05	32.9587
3122.91	-206.898
3124	32.9018
3125.05	-206.971
3124.95	-206.89
3126.99	32.8412
3127.91	-206.947
3129.09	32.9469
3130.1	-206.897
3130.98	32.9704
3132.05	32.9206
3133.01	32.9454
3134.14	-206.917
3135.02	32.8925
3135.99	32.9511
3137.04	-206.793
3138.07	-206.898
3138.89	32.9699
3140.19	32.8546
3140.99	32.9896
3141.95	-206.972
3141.96	-206.777
3144	32.8668
3145.16	32.9022
3145.99	32.9644
3146.96	-206.915
3148.09	32.938
3149.11	32.8975
3149.94	-206.845
3151.06	32.9763
3151.11	-206.859
3153.15	32.8972
3154.06	32.9144
3155.02	32.9025
3155.01	32.9486
3156.97	32.9679
3157.93	32.9682
3159.04	32.9501
3160.03	-206.87
3160.97	-206.893
3162.03	-206.855
3163.02	32.8776
3164.17	33.0288
3164.99	32.9482
3165.96	32.9773
3167.14	32.9875
3168.03	-206.808
3168.92	33.0284
3170.09	32.9393
3170.97	33.0017
3172.1	-206.821
3173.1	32.968
3174.06	32.854
3175.1	-206.801
3176	32.955
3176.96	-206.818
3178.04	-206.845
3179	32.9959
3179.88	33.0082
3181.07	-206.906
3181.96	32.968
3183.23	32.939
3184.01	-206.948
3184.93	32.9206
3186.14	33.0129
3186.96	33.0293
3187.97	33.0123
3189.08	-206.715
3189.97	32.9627
3191.16	32.9656
3192.05	32.9981
3192.98	-206.784
3194.12	-206.803
3195.05	32.9516
3195.97	-206.815
3197.13	32.9549
3197.92	33.0281
3199.08	32.9783
3200.03	32.9726
3201	33.0112
3202.08	32.9938
3203.06	33.1108
3204.04	32.953
3205.05	32.983
3206.1	32.9996
3206	33.0388
3208	-206.824
3208.99	-206.757
3210.16	32.9972
3211.09	32.9751
3212.01	33.0196
3213.16	-206.835
3214.08	33.0712
3214.97	-206.802
3216.11	-206.878
3217.02	-206.894
3218.15	32.9893
3219.06	33.0209
3219.96	33.0226
3221.03	-206.726
3222.03	33.0746
3222.99	32.95
3224.14	33.0586
3225.03	32.9861
3225.93	33.0228
3227.07	32.9209
3228	33.0115
3229.1	33.0214
3230.03	33.0092
3230.97	33.0384
3232.13	33.1006
3233.01	33.0797
3233.94	-206.791
3235.02	33.1336
3235.94	-206.873
3237.16	-206.827
3238.06	33.0594
3238.99	-206.757
3240.1	33.2272
3241.06	33.042
3241.96	-206.748
3243.08	-206.802
3244.03	33.0048
3244.95	33.1441
3246.11	33.0692
3246.97	-206.801
3248.12	33.0624
3249.01	-206.758
3249.94	33.0766
3251.15	33.0378
3252.05	-206.754
3252.92	33.0622
3254.03	-206.738
3254.94	33.0594
3256.16	33.0429
3257.08	33.0482
3258.04	-206.796
3259.1	33.1236
3259.98	33.1132
3260.94	33.0636
3262.08	33.1157
3262.96	33.1013
3264.02	33.0537
3265.02	33.1384
3265.97	33.1331
3267.09	33.0438
3268.07	-206.822
3269.02	33.0885
3270.1	33.1568
3271.05	33.2084
3271.98	32.9866
3273.03	33.1507
3274	-206.711
3275.11	33.1796
3276.08	-206.848
3277.03	32.9453
3278.1	33.0592
3279	33.0761
3279.97	33.0945
3281.07	33.1418
3282	33.1292
3282.99	33.1279
3284.02	33.0578
3284.86	33.092
3286.13	-206.746
3286.99	-206.716
3287.91	33.1574
3289.13	33.0813
3290.1	32.9877
3290.88	-206.858
3292.06	33.1127
3293.01	33.0389
3294.12	33.1225
3295	-206.756
3296.05	33.0707
3297.09	33.0936
3297.97	33.1365
3298.94	-206.671
3300.11	-206.638
3300.99	33.1272
3301.98	33.1752
3303.08	-206.814
3304.08	-206.711
3305.09	-206.724
3306.06	33.0972
3306.96	33.1157
3308.18	33.0849
3309	33.1217
3309.95	33.0669
3311.04	-206.801
3311.95	33.084
3313.14	-206.692
3314.15	-206.733
3315	33.0979
3315.99	33.2558
3317.03	33.0776
3318	33.124
3319.07	33.1462
3319.96	33.1554
3320.97	33.0913
3322.01	33.0734
3323.07	33.1137
3324.15	33.1447
3324.98	33.1823
3325.91	33.219
3327.05	33.1676
3327.93	33.1136
3328.82	33.1949
3330.05	33.2577
3330.96	-206.669
3332.1	33.1685
3333.07	33.0914
3334	33.1771
3335.1	33.1705
3336.09	153.26
3336.98	33.2352
3338.02	33.1917
3338.98	33.173
3339.9	33.1248
3341.11	33.14
3341.96	33.0952
3343.1	33.1625
3344	33.2113
3344.96	33.0869
3346.05	33.0763
3347.05	33.1392
3348	153.244
3349.09	33.1384
3350.04	33.1358
3351.15	33.1821
3352.08	33.1709
3352.98	153.382
3354.11	153.144
3355.03	33.16
3356.01	33.1497
3357.09	33.1818
3358.02	33.0776
3358.9	33.2931
3360.08	33.178
3360.97	33.2137
3362.11	153.384
3363.07	33.2158
3363.97	33.1854
3364.99	33.2663
3366.07	33.2354
3366.96	33.1687
3368.06	153.245
3369.03	153.365
3370.03	33.2049
3371.07	153.396
3371.9	153.265
3373.12	33.1392
3374.02	33.1697
3374.95	33.2563
3376.15	33.2173
3376.99	33.2223
3378	33.2422
3379.11	33.1681
3379.99	33.238
3381.16	33.1874
3382.06	33.1955
3382.99	33.2422
3384.08	153.237
3385.05	33.2066
3385.9	33.1421
3387.12	33.1969
3388.01	33.1952
3389.13	153.407
3390.02	33.2685
3390.93	33.2512
3392.1	33.2254
3393.08	33.1764
3393.9	33.2292
3395.05	33.2058
3396.11	33.1383
3397.09	33.2436
3398.06	33.2553
3398.99	33.2237
3400.07	33.194
3400.98	33.2863
3401.95	33.2466
3403.04	33.1684
3404.03	33.2321
3404.97	33.2209
3406.04	33.2462
3406.99	33.2725
3408.12	33.1751
3409.04	33.2361
3409.99	33.298
3411.08	33.2214
3412	33.2388
3412.91	33.3157
3414.1	33.2382
3415.13	33.2125
3416.13	153.363
3417.03	33.1976
3417.96	33.3461
3419.08	153.367
3420.01	33.1787
3420.93	33.2815
3422.04	33.1919
3423.03	33.2007
3423.93	33.2434
3425.03	33.3316
3426.06	153.383
3427.13	33.2907
3428.02	33.2387
3428.96	33.2727
3430.14	33.2223
3431	33.1721
3431.98	33.1909
3433.06	33.2451
3434.03	33.2943
3435.14	33.2907
3436.06	33.2741
3436.96	33.2721
3438.15	33.2431
3439.04	33.3451
3439.96	33.2493
3441.06	33.3533
3442.09	33.2232
3442.94	33.1604
3444.09	33.2553
3444.96	153.424
3446.09	33.2845
3447.08	153.268
3447.98	33.2743
3449.05	33.2777
3450.07	33.2696
3450.93	33.2624
3452.09	153.4
3452.94	33.312
3454.1	33.2928
3455.07	33.2336
3456.03	33.2736
3457.15	33.3281
3458.04	33.3228
3458.99	33.2545
3460	33.3369
3461.01	33.2492
3461.92	33.3308
3463.01	33.295
3463.98	33.2867
3465.09	33.345
3466.02	33.3266
3466.95	33.2517
3468.04	33.2786
3468.99	153.301
3469.97	33.2377
3471.03	33.3423
3471.98	33.2671
3473.15	33.2493
3474.09	33.2843
3474.96	33.3629
3476.12	153.436
3477.04	33.3428
3477.98	33.3208
3479.12	153.433
3480	33.3573
3480.96	33.2389
3482.03	33.3767
3482.98	33.3122
3484.15	33.3395
3485.02	153.514
3485.95	153.462
3487.12	33.2671
3488	33.354
3488.97	33.302
3490.07	33.3721
3491.04	33.3545
3492.07	153.325
3493.03	33.3897
3493.88	33.3034
3495.15	33.2368
3496.09	33.2468
3496.92	33.3534
3498.06	33.288
3499.04	33.3331
3499.96	153.449
3501.1	33.2974
3501.98	33.4025
3503.09	33.3519
3504.07	33.3161
3504.94	33.4175
3506.12	33.3491
3507	33.3441
3507.94	33.311
3509.09	33.331
3509.98	33.3368
3511.16	153.448
3512.02	33.3633
3512.91	33.3288
3514.04	153.424
3515.06	33.3012
3515.96	33.3602
3517.02	33.2682
3518.03	33.3998
3518.91	33.2609
3520.07	33.3055
3521	33.3358
3522.14	33.3556
3523	33.3541
3523.95	33.3719
3525.07	33.3426
3526.03	33.3049
3526.94	33.3537
3528.06	33.3696
3528.98	33.3678
3530.1	33.3983
3531.06	33.3092
3531.98	153.502
3533.12	33.3076
3534.08	33.3059
3534.98	33.2779
3536.03	33.3658
3536.95	33.3712
3537.92	33.3716
3539.03	33.3301
3540.05	33.3564
3541.11	33.3532
3542.01	33.4034
3542.94	33.3355
3544.11	33.3778
3544.97	153.6
3545.95	33.4148
3547.09	33.3834
3548.05	33.4547
3549.07	153.526
3550.03	33.3634
3550.98	33.3647
3552.08	33.4115
3553.05	33.3946
3553.91	33.3878
3555.1	33.3575
3556.03	153.527
3556.92	33.4616
3558.07	153.465
3559	33.4022
3560.11	33.4069
3561	33.4763
3561.92	33.4165
3563.08	33.4121
3563.99	33.4995
3565.01	33.3793
3566.11	33.3956
3567.01	33.3606
3568.18	33.3744
3569.07	33.4244
3569.97	33.3892
3571.09	33.4241
3572.06	33.3793
3572.92	33.3911
3574.04	153.448
3575.09	33.3894
3576.11	33.4163
3577.06	33.4166
3578.01	33.4135
3579.14	33.4105
3580.01	33.4326
3580.96	33.4755
3582.15	33.4255
3583.09	33.3822
3583.93	33.3853
3585.09	33.4771
3585.96	33.3789
3587.07	33.5039
3588	33.4887
3588.99	33.5098
3590.08	153.505
3591.01	33.4286
3591.99	33.382
3593.12	33.4254
3593.97	33.4365
3595.08	33.4416
3596.06	33.455
3596.99	33.5113
3598.08	33.3962
3599	33.444
3599.95	153.586
3601.12	33.457
3601.99	33.4572
3602.95	33.468
3604.11	33.3895
3605.01	33.501
3606.07	33.5316
3607.03	33.3653
3608.01	33.3841
3609.11	33.4141
3609.99	33.4761
3610.99	33.4631
3612.04	33.4921
3613	33.4768
3614.09	33.3822
3615.03	153.584
3615.96	33.4668
3617.11	33.4467
3618.05	33.4256
3618.96	33.3905
3620.11	33.4419
3621	153.523
3621.95	33.5263
3623.06	33.4492
3623.98	33.5103
3625.08	33.5206
3626.09	33.4079
3626.95	153.456
3628.08	33.455
3629.03	153.505
3629.99	33.4471
3631.08	153.556
3631.99	33.4639
3633.19	33.4593
3634.07	33.4834
3634.97	33.5017
3636.1	33.4754
3637.05	33.4385
3637.94	33.3294
3639.12	33.4657
3640.04	153.609
3640.95	33.512
3642.03	33.4506
3642.99	33.4528
3644.15	33.4257
3644.99	153.665
3645.96	33.5086
3647.11	33.4956
3648.04	33.4019
3648.95	33.4664
3650.03	33.5093
3651.01	33.5229
3652.07	33.4953
3653.06	33.446
3654.06	33.4515
3655.05	33.5241
3656.03	153.641
3656.96	33.4999
3658.1	33.4821
3658.99	33.3991
3659.91	33.437
3661.06	33.4442
3661.95	153.576
3663.09	33.4543
3664.09	153.565
3665.03	33.5213
3666.09	33.4797
3666.98	153.707
3668.02	33.5051
3669.05	33.4954
3670	33.5089
3671.11	33.4036
3672.06	33.4997
3672.96	33.4421
3674.1	33.4978
3675.05	33.5555
3675.96	33.4983
3677.07	33.5088
3678	33.4903
3678.93	33.5036
3680.05	33.5429
3680.99	33.3888
3682.14	33.5486
3683.01	33.47
3683.95	153.608
3685.08	33.451
3686.04	33.5959
3686.89	33.4539
3688.03	33.5333
3688.97	33.6158
3690.17	153.657
3691.04	153.648
3691.98	33.4558
3693.12	33.5452
3694.03	33.4918
3694.97	33.498
3696.12	33.5315
3697.01	33.5883
3697.98	33.6249
3699.02	153.612
3700.01	33.5578
3701.12	153.776
3702.02	153.581
3702.97	33.5214
3704.09	33.5627
3704.99	33.6348
3705.93	33.6211
3707.05	153.641
3708.01	33.5472
3709.12	33.4855
3710.01	33.5061
3710.97	33.5332
3712.08	33.5362
3713.05	33.5691
3713.95	33.4872
3715.1	153.71
3716.01	33.5615
3716.99	33.5583
3717.98	33.5739
3719.01	33.5441
3720.11	33.5054
3721.04	33.5243
3722	33.5061
3723.11	33.5894
3724.07	33.5667
3724.98	33.552
3726.06	33.4838
3726.95	33.5769
3728.09	33.5886
3729.01	33.5919
3729.98	33.5843
3731.09	33.5452
3732	33.6128
3732.92	33.5323
3734.1	33.4718
3735.05	33.5917
3735.97	33.5751
3736.99	33.6485
3737.98	33.5577
3739.14	33.5049
3740	33.5281
3740.94	33.5161
3742.1	33.5068
3743.02	153.654
3743.94	33.6182
3745.04	33.5868
3746.03	33.6083
3747.11	33.5202
3748.08	33.584
3748.94	33.6177
3750.1	33.5789
3751.03	33.5916
3751.95	33.5271
3753.08	33.5766
3754	33.5761
3755.17	33.6199
3756.04	153.75
3756.99	33.5146
3758.07	33.6084
3759.06	33.6012
3759.96	33.5263
3761.09	33.607
3762.07	33.5993
3762.94	33.6705
3764.15	33.5761
3765.03	-206.271
3766.06	33.5311
3767.06	33.6203
3767.89	33.6265
3769.1	33.5898
3770	33.5182
3770.93	33.5756
3772.02	33.5482
3773.02	-206.19
3774.1	33.5858
3775.07	33.6818
3775.98	33.5596
3777.06	33.5969
3778.04	33.6181
3778.97	33.4996
3780.11	33.5672
3781.01	33.5785
3781.96	33.6633
3783.11	33.5842
3784.04	-206.365
3785.1	-206.326
3786.03	33.6165
3786.97	33.7419
3788.09	33.6099
3789.07	-206.212
3789.92	33.5245
3791.08	33.5765
3792.01	33.554
3793.13	33.6699
3794.05	33.5544
3795.01	33.6678
3796.12	33.5982
3796.98	-206.364
3797.96	33.6624
3799.1	33.6245
3800.05	-206.242
3800.98	33.5787
3802.1	33.6452
3803	33.6215
3804.11	33.7034
3805.04	33.7139
3806.03	33.5998
3807.09	33.6493
3808.07	-206.311
3808.97	33.5916
3810.06	33.7341
3811.02	33.6282
3812.14	33.6007
3813.08	33.6332
3813.96	33.6298
3815.16	33.6687
3816.02	33.622
3816.99	33.5871
3818.09	33.6379
3819.02	33.5929
3819.95	33.6339
3821.05	33.5946
3822.01	33.599
3823.16	33.61
3824.1	33.6138
3824.96	33.7196
3826.1	33.7253
3827.02	33.5964
3827.96	33.6375
3829.09	33.6995
3829.98	-206.147
3831.07	33.6495
3832.09	33.6655
3832.96	33.6843
3834.1	33.722
3834.98	33.6686
3835.99	33.6696
3837.07	33.6633
3837.98	33.6835
3838.95	33.6467
3840.09	33.7494
3840.97	33.7387
3842.12	33.6413
3843.03	33.6997
3843.9	33.7016
3845.06	33.6087
3845.99	33.7881
3846.97	33.7551
3848.1	-206.378
3849.03	-206.31
3850.08	33.6712
3851.04	33.6568
3851.94	33.8204
3853.08	33.6426
3854.07	33.6397
3854.92	33.5417
3856.13	33.6539
3857.05	33.6602
3857.91	33.7159
3859.06	33.6219
3859.99	33.7446
3861.12	33.6726
3862.05	33.731
3863	33.6635
3864.13	33.6684
3865.06	33.7328
3865.94	33.7278
3867.09	33.7029
3868.04	33.5956
3869.13	33.6195
3870.02	33.7443
3870.98	33.8134
3872.15	33.6998
3873.02	33.714
3873.97	33.7113
3875.09	33.6719
3876.05	33.6855
3876.94	33.738
3878.03	33.7384
3879.03	-206.336
3880.11	33.7149
3881.08	33.674
3881.98	33.6771
3883.07	33.6403
3884.07	33.7519
3884.97	33.712
3886.08	33.7197
3887.04	-206.294
3888.19	33.7119
3889.02	33.7075
3890.01	33.6756
3891.09	33.7135
3892.01	33.6855
3892.93	33.6831
3894.05	33.7965
3895.03	33.7108
3895.98	33.7123
3896.96	33.753
3897.99	33.6496
3899.11	33.7313
3900.04	33.5816
3900.95	33.8757
3902.04	33.685
3903.05	33.7084
3903.93	33.7221
3905.12	33.7012
3906	33.7314
3907.06	33.7116
3908.05	33.7177
3908.97	33.6897
3910.12	33.7262
3911.1	33.7033
3911.97	33.7259
3913.08	33.7963
3914.04	33.7557
3914.99	33.6827
3916.06	33.731
3916.99	33.7619
3918.09	33.8914
3919.01	33.7294
3920.05	33.7008
3921.16	33.7309
3921.98	-206.166
3922.93	33.7833
3924.13	33.68
3924.99	33.8015
3926.09	33.7642
3927	-206.04
3927.93	33.7083
3929.13	33.7698
3930.01	33.6489
3930.95	33.7079
3932.15	33.7264
3933.01	33.7224
3934.12	33.7214
3935.06	33.8714
3935.97	33.7469
3937.1	33.8227
3938.01	-206.172
3938.99	33.7997
3940.05	33.8039
3941.01	33.7894
3941.93	33.7215
3943.02	33.7674
3943.99	33.7387
3945.09	33.8042
3945.99	33.8587
3946.93	33.7608
3948.05	33.8478
3949.01	33.7583
3949.99	33.8181
3951.07	33.7539
3952.04	33.7868
3953.2	33.8058
3954.14	33.7966
3954.92	33.8019
3956.03	33.8523
3957.01	33.8158
3957.94	33.8114
3959.11	33.8409
3959.99	33.8491
3960.92	33.8356
3962.07	33.7906
3962.99	33.7955
3964.08	33.8235
3965.06	33.7168
3966.02	33.8389
3967.1	-206.129
3968.05	33.7159
3968.97	33.7858
3970.13	-206.122
3970.99	33.788
3972.12	33.8415
3972.99	33.8555
3973.92	33.8607
3975.15	33.7498
3975.96	33.8166
3977.07	33.7539
3978.09	-206.126
3978.99	33.9082
3979.93	33.7977
3981.04	33.7937
3982	33.7636
3983.21	33.8477
3984.03	33.8459
3985.01	33.8177
3986.07	33.8604
3987.01	33.8135
3987.95	33.7923
3989.11	33.8178
3990	-206.123
3991.17	33.8405
3992.03	33.8745
3993.01	33.8056
3994.1	33.7864
3995.08	33.7116
3995.97	33.8105
3997.02	33.8468
3997.97	33.9599
3998.93	33.844
4000.1	153.984
4000.98	33.909
4002.04	33.8591
4003.02	33.8819
4003.94	33.8606
4005.02	33.819
4006.08	33.8776
4006.99	33.7725
4008.09	33.8092
4009.02	33.8347
4010.15	33.8447
4011.06	33.8409
4012.03	33.7792
4013.14	33.8502
4014.05	33.8447
4014.98	33.8132
4016	33.7574
4017.04	33.86
4017.93	33.8381
4019	33.8275
4020.02	33.9184
4021.08	33.8531
4022.05	33.8915
4022.97	33.8807
4024.09	33.8999
4025.01	33.762
4025.93	153.956
4027.06	33.792
4027.94	33.9218
4029.07	33.8732
4030.04	33.8424
4030.99	33.8573
4032.12	33.8468
4033.06	33.849
4034.02	33.736
4035.13	33.887
4035.95	33.9573
4036.93	33.8661
4038.06	33.905
4038.99	33.8186
4040.15	33.9498
4041.07	33.8223
4041.92	154.038
4043.1	33.857
4044.02	33.9206
4044.94	33.8658
4046.09	33.8557
4047.01	33.8679
4048.1	33.9609
4049.04	33.8105
4049.9	33.8598
4051.12	33.8511
4052.1	33.882
4052.98	33.8206
4054.08	153.919
4055.01	33.9219
4055.96	33.9034
4057.05	33.8668
4057.98	33.8437
4059.12	33.9011
4059.99	33.905
4060.92	33.9193
4062.08	33.8969
4063.06	33.9468
4063.96	33.8546
4065.08	33.8397
4065.99	33.8287
4067.08	33.8772
4068.18	153.84
4068.92	33.8713
4070.06	33.935
4071.01	154.023
4071.97	33.8887
4073.09	33.9182
4074.02	33.841
4075.01	33.8675
4076.02	33.8717
4077.01	33.938
4078.12	153.951
4079	33.9508
4079.97	33.9761
4081.06	34.0221
4082	33.9584
4082.94	33.9165
4084.08	33.9275
4085.08	33.8617
4086.13	33.867
4087.02	33.949
4088.03	33.8875
4089.04	33.8809
4089.94	33.9799
4090.97	33.8874
4091.98	33.9125
4093.05	33.9144
4093.97	33.9799
4095.15	33.8643
4096.01	33.9289
4097.1	33.9298
4098.08	33.8853
4099	33.9991
4100.08	33.889
4101.02	33.8804
4101.98	33.9507
4102.99	33.9647
4103.97	33.9611
4105.11	33.9681
4106.05	33.9589
4106.95	33.9682
4108.12	33.9399
4109.02	153.969
4109.96	33.9934
4111.08	33.9364
4111.94	34.0117
4113.1	33.9511
4114.08	33.831
4114.96	33.9363
4116.12	33.8923
4117.04	33.9005
4117.97	33.9465
4119.12	33.958
4120.02	33.9457
4120.96	33.953
4122.01	33.9555
4122.98	33.9062
4124.11	33.9375
4125.03	33.9964
4125.97	154.118
4127.05	33.9242
4128	33.9736
4129.03	33.8882
4130.08	33.9326
4131	33.947
4132.11	33.9289
4133.08	33.9492
4133.92	34.0283
4135.1	34.002
4136.11	34.0257
4136.93	34.0367
4138.1	34.0358
4139	34.0041
4139.95	33.9193
4141.11	33.9676
4141.98	33.916
4143.12	153.926
4144	34.0152
4144.98	34.0513
4146.13	154.045
4147.08	33.938
4148	154.145
4149.06	33.9678
4149.95	34.0262
4151.12	34.0428
4152.07	154.071
4153.03	33.8861
4154.1	33.9093
4155.12	33.9073
4156	34.0302
4157.08	33.9438
4158	33.9666
4158.94	34.028
4160.03	33.9868
4160.98	33.9503
4162.09	33.9974
4163.07	154.021
4164	33.9894
4165.13	34.0411
4166.05	33.9715
4166.92	33.9231
4168.03	34.0245
4169.05	34.0552
4170.13	33.9776
4171.14	33.9916
4172.03	34.0294
4173.1	33.9805
4174.05	34.004
4174.94	34.0415
4176.11	34.0066
4176.98	33.9746
4177.92	34.0757
4179.08	33.9941
4179.94	34.0829
4181.14	33.9413
4182.03	34.0647
4182.99	34.0545
4184.07	34.0078
4185.02	33.963
4185.98	154.173
4187.1	34.0047
4188.01	34.0086
4189.12	34.0904
4190.06	34.0757
4190.96	34.0171
4192.05	34.0618
4193.09	34.0545
4193.95	34.0569
4195.06	34.0941
4195.99	34.0602
4196.9	33.9615
4198.03	34.0165
4199	154.021
4200.17	34.053
4201.08	154.101
4202.02	34.0183
4203.11	34.0607
4204.02	34.0603
4204.99	34.0114
4206.1	33.9638
4206.98	34.0983
4208.14	34.1229
4209.08	33.9961
4209.97	34.0478
4211.07	34.2128
4212.03	34.0649
4212.98	34.0671
4214.14	33.993
4215.01	34.0213
4215.93	34.0173
4217.07	34.0212
4218	33.9807
4219.16	33.9013
4220.05	34.0278
4220.97	34.0502
4222.1	33.9912
4223.05	34.046
4223.91	34.0679
4225.07	154.222
4225.98	34.1253
4227.14	33.9572
4228.08	34.0745
4228.92	34.0787
4230.05	154.177
4231.06	33.9304
4231.95	34.0453
4233.1	34.0943
4234	34.0691
4234.9	33.9982
4236.1	154.078
4237.01	34.0834
4238.09	34.0315
4239	34.0876
4239.98	33.9719
4241.09	34.1003
4242.02	34.0791
4243.01	34.197
4244.11	34.1157
4244.99	34.0072
4246.12	34.2123
4247.01	34.1253
4247.98	34.0069
4249.1	33.9946
4250.02	34.043
4250.98	34.1571
4252.07	34.1393
4253.01	33.9711
4253.94	34.2303
4255.06	34.0427
4255.99	34.1073
4257.13	34.0698
4258.01	34.1704
4258.98	33.9922
4260.07	34.0672
4260.99	34.1271
4261.96	34.1537
4263.12	34.0917
4263.97	34.1479
4265.11	34.1061
4266.13	34.0837
4266.98	34.18
4268.14	34.0584
4269.04	34.1938
4269.95	34.1149
4271.08	34.1922
4272	34.1516
4272.95	34.0915
4274.05	34.0115
4275.06	34.0666
4276.09	34.087
4277.04	34.1002
4277.95	34.1137
4279.08	34.1109
4280.07	34.0828
4280.95	34.1668
4282.06	34.1955
4282.96	34.1432
4284.15	34.1637
4285.04	34.1584
4285.95	34.0779
4287.1	34.184
4288.03	34.1181
4288.97	34.1128
4290.1	34.1343
4290.98	34.1312
4291.93	34.1221
4293.05	34.1142
4294	34.1586
4295.14	34.0836
4296.04	34.1332
4297.01	34.117
4298.04	34.1189
4298.99	34.1388
4299.93	34.1816
4301.04	34.1969
4301.99	154.224
4303.13	34.1341
4304.04	34.2155
4304.99	34.1718
4306.08	34.0596
4307.03	34.027
4307.98	34.0785
4309.02	34.1498
4309.97	34.13
4311.12	34.1465
4312.07	34.1321
4313.06	34.1659
4314.08	154.197
4315.06	34.1697
4315.94	34.1419
4317.04	34.1131
4318.03	34.1408
4318.94	34.1298
4320.06	34.1783
4321.01	34.1
4322.11	154.273
4323.09	34.3011
4323.98	34.1328
4325.07	34.1913
4326.01	34.1974
4326.97	34.129
4328.06	34.213
4328.99	34.1715
4330.14	34.1822
4331.05	34.2722
4332.02	34.0894
4333.16	34.1309
4334.02	34.2274
4334.98	34.2
4336.13	34.1262
4337.02	34.0973
4337.97	34.1375
4339.1	34.2
4339.97	154.271
4341.14	34.1808
4342.02	34.1392
4342.92	34.1925
4344.13	34.1272
4345.02	34.1687
4345.96	34.2179
4347.02	34.178
4348.03	34.2133
4349.13	34.1698
4350.07	34.1556
4350.96	34.1694
4352.08	34.0803
4352.99	34.1319
4354	34.1391
4355.18	34.1695
4356.01	34.2095
4356.96	34.2119
4358.06	34.1364
4359.03	34.1308
4360.15	34.1618
4361.04	34.1745
4361.92	34.2537
4363.07	34.239
4363.97	34.2313
4364.98	34.1461
4366.12	34.1808
4367.03	34.231
4368.12	34.0726
4369.1	34.1906
4369.98	34.1707
4371.1	34.2019
4372.07	34.1869
4372.96	34.0925
4374.15	34.1739
4374.96	34.1201
4375.97	34.1778
4377.06	34.2208
4378	34.2048
4379.08	34.1838
4380.05	154.251
4380.99	34.3029
4382.09	34.1703
4383	34.2143
4383.98	34.2359
4385.1	34.1606
4386.02	34.2022
4387.14	34.154
4388.1	34.1879
4389.01	34.2061
4390.08	154.365
4391.04	34.2125
4391.94	34.1635
4393.14	34.1574
4394.01	34.2813
4395	34.2062
4396.07	34.275
4396.97	34.2058
4398.08	34.2652
4399.05	34.211
4399.97	154.182
4401.07	34.2036
4402.03	34.2302
4402.97	34.1896
4404.08	34.1629
4405.04	34.2102
4406.17	34.2386
4407.07	34.2118
4407.98	34.2425
4409.12	34.2397
4410.04	34.1833
4411	154.429
4412.09	34.2894
4412.97	34.2363
4413.98	154.288
4415.07	34.1881
4416.01	34.1814
4417.12	34.3453
4418	34.269
4418.93	34.3224
4420.12	34.2639
4421.05	34.1923
4421.97	34.2602
4423.03	34.3553
4424.01	34.1975
4425.13	34.3401
4426.01	34.0885
4426.92	34.1938
4428.08	34.2652
4429.03	34.4141
4429.91	34.3336
4431.07	34.3243
4432	34.3412
4432.92	34.2609
4434.07	34.2645
4435.03	34.34
4436.1	34.2357
4436.96	34.3229
4437.98	34.2688
4439.08	34.2159
4440.03	34.2264
4440.99	34.2137
4442.06	34.2949
4442.98	34.2932
4444.13	34.2277
4445.03	34.2528
4446.03	34.2106
4447.13	34.2689
4448.06	34.2858
4448.96	34.304
4450.09	34.2565
4451	34.3067
4451.89	34.3332
4453.06	34.2325
4453.98	34.3435
4455.11	34.3021
4456.02	34.298
4456.95	34.3029
4458.08	34.2846
4459.02	34.2361
4459.95	34.2677
4461.04	34.3408
4462.06	34.3607
4463.17	-205.608
4464.07	34.3388
4464.92	34.2861
4466.11	34.248
4467.04	34.2713
4467.91	34.2983
4469.02	34.2029
4469.98	34.3146
4470.96	34.2507
4472.12	34.1817
4472.99	34.299
4474.08	34.3474
4475.08	-205.651
4475.96	34.3225
4477.08	34.2749
4478.01	34.3455
4478.97	34.3033
4480.06	34.2172
4480.97	-205.685
4482.19	34.2784
4483.05	34.3005
4483.95	34.3155
4485.04	34.3651
4486.09	34.2594
4486.94	34.4129
4488.12	34.2925
4489.03	34.325
4490.09	34.3199
4491.05	34.2871
4491.99	34.2957
4493.13	34.223
4494.06	34.4209
4494.97	34.2376
4496.13	34.3979
4497.01	34.3146
4497.97	34.2717
4499.01	34.3071
4500.01	34.4051
4501.1	-205.659
4502.03	34.2855
4503	34.3494
4504.1	34.2867
4505.03	34.3306
4505.9	34.3601
4507.07	34.2763
4508.03	34.2828
4509.09	34.2773
4510.05	34.3618
4511	34.3612
4512.14	34.289
4513.02	34.3016
4513.95	34.4515
4515.11	34.3217
4516.06	34.3438
4516.95	34.3666
4518.07	34.2896
4518.98	34.3047
4520.07	34.4508
4521.06	34.2964
4521.98	34.428
4523.1	34.397
4524.02	34.4208
4524.98	34.2879
4526.09	34.4104
4527.01	34.3714
4528.07	34.4333
4529.02	34.4262
4530.03	34.2781
4531.1	34.4071
4532.03	34.3644
4533.02	34.3879
4534.07	34.366
4535.01	34.3532
4535.97	34.3766
4537.03	34.4022
4538.07	34.3218
4539.18	34.3536
4540.08	34.3415
4541.04	-205.482
4542.06	34.3536
4543.03	34.4059
4543.91	34.4187
4545.09	34.3714
4545.96	34.3775
4547.16	34.2971
4548.08	34.4805
4548.99	-205.579
4550.15	34.3414
4551.07	34.3849
4551.95	34.333
4553.07	34.4027
4554.04	34.3394
4554.96	-205.506
4556.06	34.3604
4557.05	34.4654
4558.11	-205.579
4559.07	34.509
4559.98	34.4271
4561.08	34.3935
4562.03	34.3726
4562.88	34.4009
4564.16	34.4335
4564.96	34.4151
4566.1	34.2846
4567.04	34.3775
4568.01	34.4221
4569.08	34.4945
4570.02	34.4502
4570.95	34.4072
4572.08	34.4633
4572.96	34.4171
4573.88	34.3876
4575.06	34.4498
4575.98	34.3647
4577.07	34.411
4578.03	34.4221
4579	34.3556
4580.06	34.3999
4581.06	34.3416
4581.98	34.4178
4583.1	34.4008
4583.98	34.3631
4585.14	34.3471
4586.08	34.4327
4586.99	34.354
4588.15	34.3203
4589.1	34.4313
4589.95	34.4194
4591.06	34.4314
4592.04	34.446
4592.98	34.4041
4594.03	34.5472
4595	34.4176
4596.16	34.5695
4596.98	34.3481
4598.01	34.3974
4599.09	34.4589
4600.09	34.3633
4601.01	34.4155
4602.1	34.3961
4603.06	34.3979
4604.13	34.4465
4605.02	34.4436
4605.98	34.4632
4607.14	-205.499
4608.05	34.4257
4608.93	34.4486
4610.16	34.3454
4611.04	34.4613
4611.99	34.4437
4613.11	34.3868
4613.99	34.4849
4615.1	34.402
4616.04	34.4416
4616.99	34.4474
4618.04	34.5087
4619.01	34.4622
4619.99	34.43
4621.1	34.3886
4622.06	34.4784
4623.16	34.4417
4624.04	34.3901
4625.06	34.4408
4626.11	34.5516
4627.07	34.4018
4628.03	34.4908
4629.06	34.434
4630.01	34.4233
4630.88	34.4606
4632.02	34.465
4633.03	34.473
4634.14	34.4358
4634.99	34.5475
4635.99	34.4388
4637.09	34.3604
4637.97	34.4249
4639.03	34.4631
4640.06	34.4375
4640.95	34.4876
4642.06	34.4388
4643.04	34.5478
4643.96	34.5113
4645.04	34.4524
4646.08	34.3458
4646.97	34.4734
4648.01	34.5024
4649.05	34.4754
4649.91	34.4593
4651.1	34.4768
4652	34.3289
4653.12	34.4464
4654.03	34.4746
4654.91	34.4325
4656.14	34.4219
4657.04	34.4695
4658.01	34.4463
4659.09	34.3798
4660.02	34.5038
4661.12	34.4736
4662.08	34.4322
4662.98	34.4347
4664.01	34.5618
4665.05	34.5007
4666	34.4469
4667.13	34.4765
4667.98	34.5038
4669.11	34.5307
4670.12	34.3854
4671.02	34.4436
4672.09	34.5205
4673	34.4612
4674.04	34.3718
4675.05	34.5466
4676.06	34.5148
4676.95	34.4873
4678.02	34.5082
4679.02	34.4298
4680.14	34.5121
4681	34.5365
4681.84	34.5109
4683.1	34.4467
4684.01	34.5737
4685.03	34.4724
4686.08	34.5201
4687.06	154.672
4688.09	154.681
4689.05	34.4594
4690.07	34.5326
4691.14	34.5165
4692.09	34.438
4692.92	34.5344
4694.09	34.4758
4695.04	34.466
4695.95	34.4998
4697.12	34.5947
4697.94	34.5429
4699.13	34.5713
4700.08	34.5268
4700.99	34.5075
4702.16	34.5243
4703.11	34.5327
4703.94	34.5402
4705.07	34.5048
4705.98	34.4336
4707.1	34.4888
4708.05	34.59
4708.95	34.5443
4710.06	34.5003
4711.02	34.6669
4712.01	34.4871
4713.07	34.4509
4714	34.4635
4714.92	34.4888
4716.08	34.4635
4716.96	34.5602
4718.1	34.6558
4719.13	34.541
4719.89	34.6327
4721.09	34.5693
4722.08	34.5451
4723.02	34.5586
4724.1	34.4758
4725.01	34.5244
4726.14	34.5593
4727.05	34.5433
4728.02	34.4917
4729.21	34.6042
4730.01	34.5478
4731.01	34.5411
4732.1	34.5434
4733	34.5119
4734	34.5262
4735.05	34.6222
4736	34.5776
4737.13	34.465
4738.04	34.589
4738.99	154.675
4740.12	154.622
4741.05	34.5652
4741.94	34.5968
4743.17	34.5102
4743.97	34.6525
4745.14	34.5215
4746.12	34.5658
4746.98	34.5191
4748.13	154.507
4749.09	34.5688
4750.02	34.4879
4751.08	34.6062
4752.05	34.6457
4752.92	34.6279
4754.08	34.5535
4754.98	34.5631
4756.15	34.5517
4757.1	154.555
4758.02	34.6132
4759.08	34.5977
4759.99	34.6252
4760.97	34.5831
4762.15	34.5804
4763.05	34.5524
4764.15	34.5712
4765.05	34.631
4765.98	34.574
4767.16	34.5493
4768.08	34.5556
4769.03	34.4645
4770.12	34.5843
4771	34.6444
4772	34.5815
4773.03	34.5571
4773.97	34.6364
4775.13	34.604
4776.07	34.63
4776.98	34.5695
4778.11	34.6125
4779.06	34.5654
4779.98	34.6262
4781.07	34.5016
4781.97	34.612
4783.15	34.636
4784.02	34.7278
4784.95	34.6588
4786.13	34.4871
4787.04	34.6188
4787.93	34.5968
4789.06	34.6188
4790.03	34.6038
4790.98	34.6672
4792.06	34.6388
4792.98	34.5675
4794.09	34.5499
4795.03	34.6475
4795.98	34.6443
4797.1	154.775
4797.98	34.7785
4799	34.5825
4800.1	34.6471
4800.96	34.6111
4802.09	34.5584
4802.97	34.5482
4803.96	34.6892
4805.09	34.5963
4806	34.579
4806.99	34.6251
4808.02	34.5718
4808.96	34.6071
4809.94	34.6537
4811.01	34.7229
4811.95	34.6252
4813.13	34.6127
4814.02	34.6027
